WAV TRANS
4500.00  0.002004161
4502.44  7.387347E-4
4504.89  -2.590988E-4
4507.33  -0.001160012
4509.77  -0.003707351
4512.22  -0.005660396
4514.66  -0.006810857
4517.10  -0.008581997
4519.54  -0.01085506
4521.99  -0.01306127
4524.43  -0.01525011
4526.87  -0.01669243
4529.32  -0.01853086
4531.76  -0.02038033
4534.20  -0.02060154
4536.65  -0.0210815
4539.09  -0.02090705
4541.53  -0.02063679
4543.97  -0.0202248
4546.42  -0.01948847
4548.86  -0.01895188
4551.30  -0.01755061
4553.75  -0.01548119
4556.19  -0.01286688
4558.63  -0.01062458
4561.08  -0.009530815
4563.52  -0.008056739
4565.96  -0.00574729
4568.40  -0.003248169
4570.85  -0.001116977
4573.29  1.147021E-4
4575.73  0.001140821
4578.18  0.002887216
4580.62  0.003910075
4583.06  0.004610255
4585.51  0.006152272
4587.95  0.007263491
4590.39  0.008142054
4592.83  0.008854475
4595.28  0.009445094
4597.72  0.0101005
4600.16  0.01066718
4602.61  0.01079841
4605.05  0.01116417
4607.49  0.01159031
4609.94  0.0115579
4612.38  0.01173339
4614.82  0.01230989
4617.26  0.01277526
4619.71  0.01308941
4622.15  0.01317619
4624.59  0.0134066
4627.04  0.01343408
4629.48  0.01364426
4631.92  0.01389725
4634.37  0.0142097
4636.81  0.01406942
4639.25  0.01390246
4641.69  0.01397054
4644.14  0.014293
4646.58  0.0146397
4649.02  0.01461641
4651.47  0.01465848
4653.91  0.01462202
4656.35  0.01524487
4658.80  0.01483106
4661.24  0.01471819
4663.68  0.01520612
4666.12  0.01522047
4668.57  0.01514636
4671.01  0.01548216
4673.45  0.01555947
4675.90  0.01556859
4678.34  0.01547733
4680.78  0.0155141
4683.23  0.01547318
4685.67  0.01573757
4688.11  0.01605803
4690.55  0.01627323
4693.00  0.0160812
4695.44  0.01643627
4697.88  0.01645673
4700.33  0.0164395
4702.77  0.01686126
4705.21  0.0167487
4707.66  0.01668854
4710.10  0.01701763
4712.54  0.01731074
4714.98  0.01722493
4717.43  0.01747329
4719.87  0.01800587
4722.31  0.01814555
4724.76  0.01833258
4727.20  0.01838564
4729.64  0.01838844
4732.09  0.01874041
4734.53  0.01913955
4736.97  0.01956942
4739.41  0.01951698
4741.86  0.01988263
4744.30  0.02002824
4746.74  0.0204019
4749.19  0.02062817
4751.63  0.0205924
4754.07  0.02111246
4756.52  0.02156494
4758.96  0.0217974
4761.40  0.02218183
4763.84  0.02256671
4766.29  0.02301146
4768.73  0.02351988
4771.17  0.02399188
4773.62  0.02435393
4776.06  0.02478963
4778.50  0.02490372
4780.95  0.02542469
4783.39  0.0263918
4785.83  0.02681482
4788.27  0.02703089
4790.72  0.02776548
4793.16  0.02824478
4795.60  0.02865197
4798.05  0.02938642
4800.49  0.02965965
4802.93  0.03026796
4805.38  0.03088892
4807.82  0.03125808
4810.26  0.03160409
4812.70  0.03202695
4815.15  0.03253125
4817.59  0.03336234
4820.03  0.0340375
4822.48  0.03451588
4824.92  0.03508997
4827.36  0.03565089
4829.81  0.03637279
4832.25  0.03705221
4834.69  0.0382039
4837.13  0.03930814
4839.58  0.04062191
4842.02  0.04186272
4844.46  0.04321726
4846.91  0.04496688
4849.35  0.04706134
4851.79  0.0487389
4854.24  0.05074152
4856.68  0.0530544
4859.12  0.05499614
4861.56  0.05739043
4864.01  0.0600857
4866.45  0.0621528
4868.89  0.06400751
4871.34  0.06614476
4873.78  0.06859823
4876.22  0.07093874
4878.67  0.07242819
4881.11  0.07462603
4883.55  0.07694665
4885.99  0.07874804
4888.44  0.08094054
4890.88  0.08332628
4893.32  0.08525645
4895.77  0.08687853
4898.21  0.08897204
4900.65  0.09099646
4903.10  0.09318413
4905.54  0.09488372
4907.98  0.0969894
4910.42  0.09912197
4912.87  0.1008827
4915.31  0.1028094
4917.75  0.1045412
4920.20  0.1068566
4922.64  0.109038
4925.08  0.1109373
4927.53  0.1129997
4929.97  0.1152476
4932.41  0.1175617
4934.85  0.1199636
4937.30  0.1218176
4939.74  0.1232696
4942.18  0.1258379
4944.63  0.1283848
4947.07  0.1306027
4949.51  0.132894
4951.96  0.1350141
4954.40  0.1374955
4956.84  0.1398838
4959.28  0.1426295
4961.73  0.1447407
4964.17  0.1475653
4966.61  0.1504097
4969.06  0.1529474
4971.50  0.1557904
4973.94  0.1587645
4976.39  0.161902
4978.83  0.1651191
4981.27  0.1679184
4983.71  0.1709736
4986.16  0.1741187
4988.60  0.1778599
4991.04  0.1813323
4993.49  0.1849391
4995.93  0.1891308
4998.37  0.1934534
5000.82  0.1976018
5003.26  0.201932
5005.70  0.2059024
5008.14  0.2106763
5010.59  0.2154284
5013.03  0.2200019
5015.47  0.2252697
5017.92  0.2308887
5020.36  0.2365926
5022.80  0.2418364
5025.25  0.2473798
5027.69  0.2540613
5030.13  0.2599732
5032.57  0.2661407
5035.02  0.2727585
5037.46  0.2799323
5039.90  0.2870767
5042.35  0.2943085
5044.79  0.3021589
5047.23  0.3099148
5049.68  0.3186605
5052.12  0.3274712
5054.56  0.3355274
5057.00  0.3444869
5059.45  0.3546051
5061.89  0.3638704
5064.33  0.3733841
5066.78  0.3838263
5069.22  0.3943031
5071.66  0.4054027
5074.11  0.4161801
5076.55  0.4269828
5078.99  0.4385779
5081.43  0.4505775
5083.88  0.4623554
5086.32  0.4749364
5088.76  0.4878327
5091.21  0.4998884
5093.65  0.5126269
5096.09  0.5251197
5098.54  0.5390819
5100.98  0.553266
5103.42  0.5662336
5105.86  0.5789807
5108.31  0.5921414
5110.75  0.6068261
5113.19  0.6204085
5115.64  0.6325187
5118.08  0.6463422
5120.52  0.6606652
5122.97  0.6728297
5125.41  0.6861781
5127.85  0.698617
5130.29  0.7106056
5132.74  0.7243815
5135.18  0.7367554
5137.62  0.7486411
5140.07  0.7595749
5142.51  0.7709542
5144.95  0.7818061
5147.40  0.7917088
5149.84  0.8019198
5152.28  0.8123914
5154.72  0.8221244
5157.17  0.8296079
5159.61  0.8374482
5162.05  0.8453013
5164.50  0.8536686
5166.94  0.8596253
5169.38  0.8664387
5171.83  0.8741825
5174.27  0.8794048
5176.71  0.884869
5179.15  0.889107
5181.60  0.8929809
5184.04  0.8975621
5186.48  0.9007729
5188.93  0.9055415
5191.37  0.908015
5193.81  0.9112964
5196.26  0.9125907
5198.70  0.9150205
5201.14  0.9173715
5203.58  0.9187078
5206.03  0.9201223
5208.47  0.9220101
5210.91  0.9227993
5213.36  0.923246
5215.80  0.9236524
5218.24  0.9248869
5220.69  0.9248571
5223.13  0.9253478
5225.57  0.9257013
5228.01  0.9263123
5230.46  0.9261913
5232.90  0.9258918
5235.34  0.9257657
5237.79  0.9258782
5240.23  0.9261245
5242.67  0.9262797
5245.12  0.9256354
5247.56  0.9258811
5250.00  0.9259864
5252.44  0.9251629
5254.89  0.9251105
5257.33  0.9247144
5259.77  0.9235225
5262.22  0.923867
5264.66  0.9240752
5267.10  0.9238297
5269.55  0.9240096
5271.99  0.9233397
5274.43  0.9228851
5276.87  0.9237487
5279.32  0.9233614
5281.76  0.9232543
5284.20  0.9233133
5286.65  0.9224293
5289.09  0.9234502
5291.53  0.9241263
5293.98  0.9241179
5296.42  0.9235078
5298.86  0.9231402
5301.30  0.9237603
5303.75  0.9232731
5306.19  0.9228394
5308.63  0.9231786
5311.08  0.9230106
5313.52  0.9231411
5315.96  0.9234543
5318.41  0.9233195
5320.85  0.9234619
5323.29  0.9229988
5325.73  0.9229771
5328.18  0.9235469
5330.62  0.9230959
5333.06  0.9232435
5335.51  0.9229966
5337.95  0.9213406
5340.39  0.9207832
5342.84  0.9208029
5345.28  0.921291
5347.72  0.922045
5350.16  0.9218576
5352.61  0.9204271
5355.05  0.9187526
5357.49  0.9181285
5359.94  0.9184346
5362.38  0.9186103
5364.82  0.9173644
5367.27  0.9148474
5369.71  0.9142689
5372.15  0.9149334
5374.59  0.914673
5377.04  0.9135809
5379.48  0.9122363
5381.92  0.9103612
5384.37  0.9094807
5386.81  0.909797
5389.25  0.9090415
5391.70  0.9075255
5394.14  0.9061375
5396.58  0.905656
5399.02  0.904402
5401.47  0.9028075
5403.91  0.9014722
5406.35  0.8998886
5408.80  0.8991451
5411.24  0.8988285
5413.68  0.8979205
5416.13  0.8958192
5418.57  0.8941857
5421.01  0.8933256
5423.45  0.8927382
5425.90  0.8917384
5428.34  0.8901151
5430.78  0.8883159
5433.23  0.8870388
5435.67  0.887044
5438.11  0.8862965
5440.56  0.8846232
5443.00  0.8835431
5445.44  0.8828996
5447.88  0.8817371
5450.33  0.8804652
5452.77  0.8791222
5455.21  0.8781688
5457.66  0.8777012
5460.10  0.8772459
5462.54  0.8760454
5464.99  0.874905
5467.43  0.8744331
5469.87  0.8733887
5472.31  0.8727322
5474.76  0.8731182
5477.20  0.8728608
5479.64  0.8717583
5482.09  0.87144
5484.53  0.8708059
5486.97  0.8702112
5489.42  0.8686687
5491.86  0.8687029
5494.30  0.8694347
5496.74  0.8693317
5499.19  0.868566
5501.63  0.8692349
5504.07  0.869029
5506.52  0.8669953
5508.96  0.8667125
5511.40  0.8678308
5513.85  0.8682376
5516.29  0.8683171
5518.73  0.8679669
5521.17  0.8678615
5523.62  0.8690841
5526.06  0.869458
5528.50  0.8695943
5530.95  0.8701725
5533.39  0.8701023
5535.83  0.870735
5538.28  0.871258
5540.72  0.8720077
5543.16  0.8722365
5545.60  0.8726558
5548.05  0.87259
5550.49  0.874008
5552.93  0.874866
5555.38  0.8751019
5557.82  0.8754466
5560.26  0.8764421
5562.71  0.8772522
5565.15  0.8783673
5567.59  0.8787904
5570.03  0.8795169
5572.48  0.8810938
5574.92  0.8820796
5577.36  0.8827134
5579.81  0.8838578
5582.25  0.8841779
5584.69  0.8852255
5587.14  0.8866446
5589.58  0.8877761
5592.02  0.8882183
5594.46  0.8893972
5596.91  0.8913776
5599.35  0.8922952
5601.79  0.8931502
5604.24  0.894248
5606.68  0.8952468
5609.12  0.8958735
5611.57  0.8967292
5614.01  0.8987426
5616.45  0.8998472
5618.89  0.9006373
5621.34  0.9014004
5623.78  0.9030304
5626.22  0.9045431
5628.67  0.9061333
5631.11  0.9064088
5633.55  0.9071515
5636.00  0.9086212
5638.44  0.9097204
5640.88  0.9095971
5643.32  0.9101507
5645.77  0.9119984
5648.21  0.912424
5650.65  0.9133604
5653.10  0.9140116
5655.54  0.9150103
5657.98  0.9160968
5660.43  0.9161225
5662.87  0.9175768
5665.31  0.9188851
5667.75  0.9191896
5670.20  0.9197747
5672.64  0.9204326
5675.08  0.9204285
5677.53  0.9212515
5679.97  0.922215
5682.41  0.923245
5684.86  0.9231809
5687.30  0.9224529
5689.74  0.9232239
5692.18  0.924639
5694.63  0.9256409
5697.07  0.9265631
5699.51  0.9258613
5701.96  0.9255326
5704.40  0.9265937
5706.84  0.9275633
5709.29  0.9277822
5711.73  0.9273872
5714.17  0.9274977
5716.61  0.9278958
5719.06  0.927898
5721.50  0.9281127
5723.94  0.9287936
5726.39  0.9286045
5728.83  0.9284384
5731.27  0.9282809
5733.72  0.9280429
5736.16  0.9284161
5738.60  0.9290065
5741.05  0.9291747
5743.49  0.9295818
5745.93  0.9291663
5748.37  0.9291968
5750.82  0.9290423
5753.26  0.9285122
5755.70  0.9289872
5758.15  0.9293861
5760.59  0.9291668
5763.03  0.9288056
5765.48  0.9293469
5767.92  0.9291474
5770.36  0.928603
5772.80  0.9282124
5775.25  0.9281854
5777.69  0.9281664
5780.13  0.9280992
5782.58  0.9353279
5785.02  0.9388967
5787.46  0.9384286
5789.91  0.9376003
5792.35  0.9378434
5794.79  0.9385254
5797.23  0.9382563
5799.68  0.9377051
5802.12  0.937828
5804.56  0.9379714
5807.01  0.9378528
5809.45  0.9369972
5811.89  0.9371847
5814.34  0.9374633
5816.78  0.9373525
5819.22  0.9370813
5821.66  0.937537
5824.11  0.9379271
5826.55  0.9380921
5828.99  0.9379602
5831.44  0.93817
5833.88  0.938494
5836.32  0.9381905
5838.77  0.9386612
5841.21  0.9383337
5843.65  0.9376593
5846.09  0.9383706
5848.54  0.9392135
5850.98  0.938662
5853.42  0.9381345
5855.87  0.9385189
5858.31  0.9392959
5860.75  0.9392543
5863.20  0.9395897
5865.64  0.9409896
5868.08  0.9413644
5870.52  0.9400929
5872.97  0.9397558
5875.41  0.940693
5877.85  0.9412896
5880.30  0.9406917
5882.74  0.9413461
5885.18  0.9419092
5887.63  0.9414907
5890.07  0.9420328
5892.51  0.9427604
5894.95  0.9423137
5897.40  0.9425378
5899.84  0.9435271
5902.28  0.9426209
5904.73  0.9427816
5907.17  0.9438173
5909.61  0.9435986
5912.06  0.9439041
5914.50  0.9441416
5916.94  0.9439267
5919.38  0.9447625
5921.83  0.9453632
5924.27  0.9455897
5926.71  0.9463139
5929.16  0.945923
5931.60  0.945215
5934.04  0.9451867
5936.49  0.9461145
5938.93  0.9468726
5941.37  0.9472387
5943.81  0.9475471
5946.26  0.9471676
5948.70  0.9471272
5951.14  0.9477684
5953.59  0.9478462
5956.03  0.9478728
5958.47  0.9483832
5960.92  0.9483972
5963.36  0.9478992
5965.80  0.9486714
5968.24  0.9490851
5970.69  0.948876
5973.13  0.9497185
5975.57  0.9497372
5978.02  0.9485943
5980.46  0.9487863
5982.90  0.949341
5985.35  0.9493726
5987.79  0.9495511
5990.23  0.9495429
5992.67  0.9498926
5995.12  0.9497321
5997.56  0.9490825
6000.00  0.9492184
6002.45  0.9492605
6004.89  0.9493486
6007.33  0.9490585
6009.78  0.948587
6012.22  0.9485853
6014.66  0.948135
6017.10  0.9478682
6019.55  0.9480901
6021.99  0.9480885
6024.43  0.9472612
6026.88  0.9473466
6029.32  0.9476804
6031.76  0.9476413
6034.21  0.9474779
6036.65  0.9464992
6039.09  0.946467
6041.53  0.9459708
6043.98  0.9454411
6046.42  0.9458644
6048.86  0.9455521
6051.31  0.9449803
6053.75  0.9444978
6056.19  0.9439734
6058.64  0.9436703
6061.08  0.9436581
6063.52  0.943496
6065.96  0.9429429
6068.41  0.9423384
6070.85  0.9430517
6073.29  0.9435186
6075.74  0.9422351
6078.18  0.9417862
6080.62  0.9411796
6083.07  0.9404104
6085.51  0.9407302
6087.95  0.9400982
6090.39  0.9389166
6092.84  0.9387071
6095.28  0.938252
6097.72  0.9378242
6100.17  0.9373754
6102.61  0.9364311
6105.05  0.9359244
6107.50  0.9360297
6109.94  0.9365873
6112.38  0.9359733
6114.82  0.9355545
6117.27  0.9347437
6119.71  0.9340006
6122.15  0.9338005
6124.60  0.9336816
6127.04  0.9339626
6129.48  0.9334072
6131.93  0.9333761
6134.37  0.9319969
6136.81  0.931431
6139.25  0.9320236
6141.70  0.931756
6144.14  0.93079
6146.58  0.9303576
6149.03  0.9303716
6151.47  0.9296225
6153.91  0.9294835
6156.36  0.9297014
6158.80  0.9295902
6161.24  0.9293048
6163.68  0.9287933
6166.13  0.9286805
6168.57  0.9283813
6171.01  0.9276482
6173.46  0.9279279
6175.90  0.9279234
6178.34  0.9272494
6180.79  0.9269923
6183.23  0.9268206
6185.67  0.9265812
6188.11  0.926284
6190.56  0.9264351
6193.00  0.9260228
6195.44  0.9256939
6197.89  0.925719
6200.33  0.9261411
6202.77  0.9263635
6205.22  0.9259856
6207.66  0.9258515
6210.10  0.9256375
6212.54  0.9255779
6214.99  0.9251722
6217.43  0.9251007
6219.87  0.9254008
6222.32  0.9259622
6224.76  0.9259264
6227.20  0.9257334
6229.65  0.9259301
6232.09  0.9260684
6234.53  0.9260848
6236.97  0.9265837
6239.42  0.9265286
6241.86  0.9262468
6244.30  0.9263247
6246.75  0.9268389
6249.19  0.9264649
6251.63  0.9271153
6254.08  0.9273441
6256.52  0.9275091
6258.96  0.9277825
6261.40  0.9278033
6263.85  0.9276749
6266.29  0.9278395
6268.73  0.9280074
6271.18  0.9287471
6273.62  0.929261
6276.06  0.9295599
6278.51  0.9297226
6280.95  0.9304265
6283.39  0.9302784
6285.83  0.930501
6288.28  0.930731
6290.72  0.9306539
6293.16  0.9309099
6295.61  0.9315404
6298.05  0.931885
6300.49  0.9323137
6302.94  0.9329181
6305.38  0.9331882
6307.82  0.9329056
6310.26  0.9334286
6312.71  0.9336081
6315.15  0.9336607
6317.59  0.9345355
6320.04  0.9353428
6322.48  0.9358215
6324.92  0.9358878
6327.37  0.9360624
6329.81  0.9365192
6332.25  0.9366632
6334.69  0.9371976
6337.14  0.9369371
6339.58  0.9369525
6342.02  0.9378531
6344.47  0.9385307
6346.91  0.9381405
6349.35  0.9381459
6351.80  0.9390935
6354.24  0.9396526
6356.68  0.9395484
6359.12  0.9394357
6361.57  0.9398698
6364.01  0.9400781
6366.45  0.9403752
6368.90  0.9408539
6371.34  0.9410371
6373.78  0.9409406
6376.23  0.9411339
6378.67  0.9412591
6381.11  0.9418426
6383.55  0.9422129
6386.00  0.9418895
6388.44  0.9422161
6390.88  0.9420528
6393.33  0.9418186
6395.77  0.9420065
6398.21  0.9423993
6400.66  0.942388
6403.10  0.9429089
6405.54  0.9430816
6407.98  0.9428118
6410.43  0.9425475
6412.87  0.9426155
6415.31  0.9426098
6417.76  0.9431601
6420.20  0.9433641
6422.64  0.942573
6425.09  0.9421277
6427.53  0.9425109
6429.97  0.9425169
6432.41  0.9425523
6434.86  0.9419377
6437.30  0.9418067
6439.74  0.9414837
6442.19  0.9410247
6444.63  0.9412096
6447.07  0.940879
6449.52  0.9409097
6451.96  0.9403722
6454.40  0.9394228
6456.84  0.9393038
6459.29  0.9401386
6461.73  0.9398555
6464.17  0.9387962
6466.62  0.9378657
6469.06  0.937624
6471.50  0.9375454
6473.95  0.9368858
6476.39  0.9368919
6478.83  0.9367543
6481.27  0.9365285
6483.72  0.9366395
6486.16  0.9361231
6488.60  0.9353049
6491.05  0.9344497
6493.49  0.9338071
6495.93  0.9331379
6498.38  0.9326624
6500.82  0.9323689
6503.26  0.9322709
6505.70  0.9317154
6508.15  0.9305373
6510.59  0.9301236
6513.03  0.9298906
6515.48  0.929083
6517.92  0.9289315
6520.36  0.9285948
6522.81  0.9274076
6525.25  0.9271023
6527.69  0.9266402
6530.13  0.9255806
6532.58  0.9255464
6535.02  0.925062
6537.46  0.9236284
6539.91  0.9230234
6542.35  0.9222771
6544.79  0.9224961
6547.24  0.9218554
6549.68  0.9206191
6552.12  0.9202213
6554.56  0.9198014
6557.01  0.9186531
6559.45  0.9184387
6561.89  0.9178036
6564.34  0.9167033
6566.78  0.9162595
6569.22  0.9153059
6571.67  0.9146382
6574.11  0.9138948
6576.55  0.9130357
6578.99  0.913188
6581.44  0.9127148
6583.88  0.9114735
6586.32  0.9107643
6588.77  0.9100772
6591.21  0.909286
6593.65  0.9089678
6596.10  0.9086075
6598.54  0.907813
6600.98  0.9069411
6603.42  0.9059401
6605.87  0.905745
6608.31  0.9053923
6610.75  0.9045691
6613.20  0.9038063
6615.64  0.9029255
6618.08  0.9026172
6620.53  0.9026792
6622.97  0.9019349
6625.41  0.90123
6627.85  0.9007934
6630.30  0.899991
6632.74  0.8995675
6635.18  0.8992875
6637.63  0.8992051
6640.07  0.899021
6642.51  0.8983133
6644.96  0.8978024
6647.40  0.8973499
6649.84  0.8967529
6652.28  0.8965626
6654.73  0.8966642
6657.17  0.8965933
6659.61  0.8963999
6662.06  0.8957492
6664.50  0.8947766
6666.94  0.8941877
6669.39  0.8949586
6671.83  0.8945977
6674.27  0.8940535
6676.71  0.8938662
6679.16  0.8935556
6681.60  0.8939965
6684.04  0.8944257
6686.49  0.8932163
6688.93  0.8926625
6691.37  0.8934045
6693.82  0.8927748
6696.26  0.8925632
6698.70  0.8923256
6701.14  0.8923653
6703.59  0.8923034
6706.03  0.891799
6708.47  0.8918391
6710.92  0.8916402
6713.36  0.8918768
6715.80  0.8923237
6718.25  0.8923908
6720.69  0.8919806
6723.13  0.8919944
6725.57  0.8917648
6728.02  0.8918502
6730.46  0.8922834
6732.90  0.8926121
6735.35  0.8924902
6737.79  0.8920448
6740.23  0.8916606
6742.68  0.8923912
6745.12  0.8927314
6747.56  0.8925803
6750.00  0.8932667
6752.45  0.8937026
6754.89  0.8932363
6757.33  0.8934581
6759.78  0.8936723
6762.22  0.8932154
6764.66  0.8938817
6767.11  0.8943891
6769.55  0.8947625
6771.99  0.8948791
6774.43  0.8951541
6776.88  0.8956627
6779.32  0.8953507
6781.76  0.895631
6784.21  0.8960423
6786.65  0.8961623
6789.09  0.8972805
6791.54  0.8977779
6793.98  0.8978969
6796.42  0.8981918
6798.86  0.8981398
6801.31  0.8988407
6803.75  0.8990175
6806.19  0.8995871
6808.64  0.9003273
6811.08  0.9006836
6813.52  0.9011883
6815.97  0.9013863
6818.41  0.9017857
6820.85  0.9020025
6823.29  0.9022663
6825.74  0.9026139
6828.18  0.9027728
6830.62  0.9032399
6833.07  0.9037343
6835.51  0.9045336
6837.95  0.90545
6840.40  0.9057565
6842.84  0.9061677
6845.28  0.9069638
6847.72  0.9074044
6850.17  0.9074718
6852.61  0.9079592
6855.05  0.9081745
6857.50  0.9084098
6859.94  0.9093858
6862.38  0.909651
6864.83  0.9098141
6867.27  0.9105149
6869.71  0.9111045
6872.15  0.9112694
6874.60  0.91163
6877.04  0.9119914
6879.48  0.9128175
6881.93  0.9132311
6884.37  0.9135854
6886.81  0.9140347
6889.26  0.9139509
6891.70  0.9143555
6894.14  0.9152216
6896.58  0.9157854
6899.03  0.9165525
6901.47  0.9168284
6903.91  0.9171774
6906.36  0.9177876
6908.80  0.9184328
6911.24  0.9184448
6913.69  0.9184834
6916.13  0.9188843
6918.57  0.9196467
6921.01  0.9200083
6923.46  0.9203578
6925.90  0.9206589
6928.34  0.921068
6930.79  0.9215276
6933.23  0.9221207
6935.67  0.9220013
6938.12  0.9222473
6940.56  0.9229602
6943.00  0.9229193
6945.44  0.9228094
6947.89  0.9233885
6950.33  0.9234354
6952.77  0.9242504
6955.22  0.9247843
6957.66  0.9241963
6960.10  0.9237943
6962.55  0.9242727
6964.99  0.9250814
6967.43  0.9257029
6969.88  0.9251013
6972.32  0.9255309
6974.76  0.9260865
6977.20  0.9256446
6979.65  0.9258758
6982.09  0.9254198
6984.53  0.9253836
6986.98  0.9259717
6989.42  0.9267302
6991.86  0.9266446
6994.31  0.9260262
6996.75  0.9267282
6999.19  0.9263726
7001.63  0.9260833
7004.08  0.9265072
7006.52  0.9264795
7008.96  0.926616
7011.41  0.9264992
7013.85  0.9266111
7016.29  0.9267691
7018.74  0.9263694
7021.18  0.9264169
7023.62  0.9259848
7026.06  0.9259829
7028.51  0.9260542
7030.95  0.9260393
7033.39  0.9260001
7035.84  0.925934
7038.28  0.9261113
7040.72  0.9260968
7043.17  0.926052
7045.61  0.9256054
7048.05  0.9253367
7050.49  0.925097
7052.94  0.9250379
7055.38  0.9254291
7057.82  0.9252567
7060.27  0.9246032
7062.71  0.9243721
7065.15  0.9240847
7067.60  0.9236839
7070.04  0.923266
7072.48  0.9233333
7074.92  0.9232996
7077.37  0.9228609
7079.81  0.9230463
7082.25  0.9229654
7084.70  0.9220598
7087.14  0.9212991
7089.58  0.9212922
7092.03  0.921295
7094.47  0.9211575
7096.91  0.9211876
7099.35  0.9214413
7101.80  0.920236
7104.24  0.9197038
7106.68  0.9195502
7109.13  0.9193513
7111.57  0.9184909
7114.01  0.9181581
7116.46  0.917999
7118.90  0.9178405
7121.34  0.9176211
7123.78  0.9176261
7126.23  0.9168749
7128.67  0.9158244
7131.11  0.9153311
7133.56  0.9149703
7136.00  0.9142687
7138.44  0.9145654
7140.89  0.9147195
7143.33  0.9143554
7145.77  0.9141519
7148.21  0.9135773
7150.66  0.9131933
7153.10  0.9132904
7155.54  0.912612
7157.99  0.9123063
7160.43  0.912517
7162.87  0.9118737
7165.32  0.9106315
7167.76  0.9103985
7170.20  0.9104935
7172.64  0.9101636
7175.09  0.9097571
7177.53  0.9089199
7179.97  0.9083596
7182.42  0.9082861
7184.86  0.907806
7187.30  0.9075211
7189.75  0.90768
7192.19  0.9070917
7194.63  0.9064618
7197.07  0.9063559
7199.52  0.9062657
7201.96  0.9056135
7204.40  0.9053469
7206.85  0.9052116
7209.29  0.9048042
7211.73  0.9043875
7214.18  0.904381
7216.62  0.9040615
7219.06  0.9035739
7221.50  0.9032795
7223.95  0.9026415
7226.39  0.9028065
7228.83  0.9031339
7231.28  0.9026333
7233.72  0.9016225
7236.16  0.9009408
7238.61  0.9012161
7241.05  0.9012745
7243.49  0.9008664
7245.93  0.9002168
7248.38  0.9000813
7250.82  0.9001265
7253.26  0.8999656
7255.71  0.9002364
7258.15  0.8998017
7260.59  0.8995403
7263.04  0.8991759
7265.48  0.8991703
7267.92  0.8990387
7270.36  0.8985362
7272.81  0.8988386
7275.25  0.8988276
7277.69  0.8989144
7280.14  0.8986485
7282.58  0.8982407
7285.02  0.8976508
7287.47  0.8973341
7289.91  0.8974981
7292.35  0.8977763
7294.79  0.8972012
7297.24  0.8968608
7299.68  0.8966692
7302.12  0.8963825
7304.57  0.8968369
7307.01  0.8973468
7309.45  0.8966157
7311.90  0.896093
7314.34  0.8958983
7316.78  0.8961517
7319.22  0.8965826
7321.67  0.8966482
7324.11  0.8966891
7326.55  0.8963796
7329.00  0.8963522
7331.44  0.8963151
7333.88  0.8963604
7336.33  0.8965277
7338.77  0.896458
7341.21  0.8960937
7343.65  0.8962728
7346.10  0.8961998
7348.54  0.8960641
7350.98  0.8959732
7353.43  0.8964049
7355.87  0.8966651
7358.31  0.8964052
7360.76  0.8965035
7363.20  0.8964033
7365.64  0.8959859
7368.08  0.896131
7370.53  0.8964875
7372.97  0.8967438
7375.41  0.8967246
7377.86  0.8968506
7380.30  0.897377
7382.74  0.8973518
7385.19  0.8967525
7387.63  0.8968998
7390.07  0.8972853
7392.51  0.8973271
7394.96  0.8974741
7397.40  0.8975489
7399.84  0.8977364
7402.29  0.8979356
7404.73  0.8976382
7407.17  0.8978344
7409.62  0.8983146
7412.06  0.8983228
7414.50  0.8984818
7416.94  0.8982328
7419.39  0.8985397
7421.83  0.8990563
7424.27  0.8986485
7426.72  0.8985493
7429.16  0.8987226
7431.60  0.8991786
7434.05  0.8993164
7436.49  0.8994263
7438.93  0.8990697
7441.37  0.8985661
7443.82  0.899103
7446.26  0.9003452
7448.70  0.900219
7451.15  0.8999693
7453.59  0.8996935
7456.03  0.900259
7458.48  0.9007994
7460.92  0.900524
7463.36  0.9002669
7465.80  0.9006875
7468.25  0.9008955
7470.69  0.900911
7473.13  0.9008226
7475.58  0.901229
7478.02  0.9013094
7480.46  0.9009726
7482.91  0.9014471
7485.35  0.9011727
7487.79  0.9014583
7490.23  0.9017966
7492.68  0.9017034
7495.12  0.9021125
7497.56  0.9020676
7500.01  0.9014304
7502.45  0.901119
7504.89  0.9018342
7507.34  0.9018925
7509.78  0.9023286
7512.22  0.9021072
7514.66  0.9020054
7517.11  0.9023352
7519.55  0.9021503
7521.99  0.9024221
7524.44  0.9032278
7526.88  0.9030645
7529.32  0.9026748
7531.77  0.9025173
7534.21  0.9027081
7536.65  0.9026342
7539.09  0.9025437
7541.54  0.9026053
7543.98  0.9026965
7546.42  0.9023184
7548.87  0.9024544
7551.31  0.9027681
7553.75  0.9023605
7556.20  0.9019356
7558.64  0.9024504
7561.08  0.9026349
7563.52  0.9020593
7565.97  0.9021394
7568.41  0.9019821
7570.85  0.9016505
7573.30  0.9018133
7575.74  0.9015718
7578.18  0.9016426
7580.63  0.9018944
7583.07  0.9013159
7585.51  0.9010506
7587.95  0.9015253
7590.40  0.9017837
7592.84  0.9013883
7595.28  0.9010605
7597.73  0.9011198
7600.17  0.9009691
7602.61  0.9009027
7605.06  0.9004331
7607.50  0.9003452
7609.94  0.9003388
7612.38  0.9001936
7614.83  0.9000996
7617.27  0.900332
7619.71  0.8998381
7622.16  0.9000586
7624.60  0.9000646
7627.04  0.8995373
7629.49  0.899448
7631.93  0.8989904
7634.37  0.898844
7636.81  0.8984491
7639.26  0.8982899
7641.70  0.8978953
7644.14  0.8979812
7646.59  0.8973135
7649.03  0.8972173
7651.47  0.8975086
7653.92  0.8976759
7656.36  0.8984038
7658.80  0.8984163
7661.24  0.897532
7663.69  0.897109
7666.13  0.896085
7668.57  0.8955134
7671.02  0.8951039
7673.46  0.8948001
7675.90  0.8950074
7678.35  0.8947506
7680.79  0.8949014
7683.23  0.894399
7685.67  0.893821
7688.12  0.8937517
7690.56  0.8938685
7693.00  0.8933842
7695.45  0.8929505
7697.89  0.8931556
7700.33  0.892903
7702.78  0.8919348
7705.22  0.8920652
7707.66  0.8922988
7710.10  0.8918363
7712.55  0.891317
7714.99  0.8911025
7717.43  0.8911533
7719.88  0.890507
7722.32  0.8896161
7724.76  0.8892085
7727.21  0.8888168
7729.65  0.8886387
7732.09  0.8886648
7734.53  0.8886053
7736.98  0.8879905
7739.42  0.8872107
7741.86  0.887105
7744.31  0.8872748
7746.75  0.886546
7749.19  0.8856897
7751.64  0.8855176
7754.08  0.8851807
7756.52  0.8847635
7758.96  0.8846076
7761.41  0.8846593
7763.85  0.8839535
7766.29  0.8833122
7768.74  0.8830174
7771.18  0.8820762
7773.62  0.8818911
7776.07  0.8824108
7778.51  0.8821596
7780.95  0.8816801
7783.39  0.8813635
7785.84  0.8815176
7788.28  0.8814937
7790.72  0.8809405
7793.17  0.8799711
7795.61  0.8797328
7798.05  0.8794138
7800.50  0.8784209
7802.94  0.8783892
7805.38  0.8779873
7807.82  0.8773059
7810.27  0.8768221
7812.71  0.8765606
7815.15  0.8763121
7817.60  0.8759863
7820.04  0.8759148
7822.48  0.875185
7824.93  0.8753846
7827.37  0.8752855
7829.81  0.8747631
7832.25  0.874432
7834.70  0.8742383
7837.14  0.8740693
7839.58  0.8735322
7842.03  0.8735329
7844.47  0.8733718
7846.91  0.8732311
7849.36  0.8731007
7851.80  0.8723413
7854.24  0.8721695
7856.68  0.871956
7859.13  0.8713427
7861.57  0.8704993
7864.01  0.871017
7866.46  0.8705496
7868.90  0.8700706
7871.34  0.8697094
7873.79  0.8696101
7876.23  0.8692582
7878.67  0.8691326
7881.11  0.8696967
7883.56  0.8696626
7886.00  0.8693493
7888.44  0.8700858
7890.89  0.8696932
7893.33  0.8689934
7895.77  0.8690241
7898.22  0.8684746
7900.66  0.8677118
7903.10  0.8674963
7905.54  0.8676398
7907.99  0.867671
7910.43  0.8675094
7912.87  0.8668779
7915.32  0.8665006
7917.76  0.8665353
7920.20  0.8662364
7922.65  0.8659102
7925.09  0.8656576
7927.53  0.8655603
7929.97  0.8654008
7932.42  0.8654494
7934.86  0.8658954
7937.30  0.8660069
7939.75  0.8660344
7942.19  0.8663224
7944.63  0.8664885
7947.08  0.8664442
7949.52  0.8669263
7951.96  0.8667647
7954.40  0.8657732
7956.85  0.8655159
7959.29  0.8655139
7961.73  0.864826
7964.18  0.8653004
7966.62  0.8652951
7969.06  0.8650553
7971.51  0.8646114
7973.95  0.865028
7976.39  0.864673
7978.83  0.8642861
7981.28  0.8646018
7983.72  0.864545
7986.16  0.8649477
7988.61  0.8658333
7991.05  0.8652023
7993.49  0.8642607
7995.94  0.8644692
7998.38  0.8640453
8000.82  0.8640274
8003.26  0.864123
8005.71  0.8635731
8008.15  0.8637484
8010.59  0.8640429
8013.04  0.8644559
8015.48  0.8643164
8017.92  0.8646408
8020.37  0.8656719
8022.81  0.8659042
8025.25  0.8654521
8027.69  0.8659475
8030.14  0.8661057
8032.58  0.8669574
8035.02  0.8667234
8037.47  0.8659252
8039.91  0.8660392
8042.35  0.8664069
8044.80  0.8661191
8047.24  0.8666018
8049.68  0.8672099
8052.12  0.8662943
8054.57  0.8659145
8057.01  0.8664014
8059.45  0.8669691
8061.90  0.8668041
8064.34  0.8663039
8066.78  0.8662913
8069.23  0.8663788
8071.67  0.8667328
8074.11  0.8670263
8076.55  0.8674241
8079.00  0.8679988
8081.44  0.8682053
8083.88  0.8681395
8086.33  0.8685147
8088.77  0.8695042
8091.21  0.8691958
8093.66  0.8680626
8096.10  0.867976
8098.54  0.8678568
8100.98  0.8674485
8103.43  0.8675472
8105.87  0.8680603
8108.31  0.8686329
8110.76  0.8689937
8113.20  0.8699769
8115.64  0.8714629
8118.09  0.8716614
8120.53  0.8711824
8122.97  0.8715346
8125.41  0.8715351
8127.86  0.870775
8130.30  0.8704723
8132.74  0.870198
8135.19  0.870303
8137.63  0.871209
8140.07  0.8712732
8142.52  0.8711447
8144.96  0.8716742
8147.40  0.8718669
8149.84  0.8721086
8152.29  0.8720894
8154.73  0.8730655
8157.17  0.8733655
8159.62  0.8732317
8162.06  0.8731075
8164.50  0.8730248
8166.95  0.8730426
8169.39  0.8727556
8171.83  0.8727724
8174.27  0.8731739
8176.72  0.8734886
8179.16  0.873074
8181.60  0.8731608
8184.05  0.8739263
8186.49  0.8743193
8188.93  0.8745319
8191.38  0.8747613
8193.82  0.8749588
8196.26  0.8749951
8198.71  0.8746769
8201.15  0.8749304
8203.59  0.874944
8206.03  0.8751994
8208.48  0.8751875
8210.92  0.8749672
8213.36  0.8749404
8215.81  0.8747441
8218.25  0.8746687
8220.69  0.8752666
8223.14  0.8761841
8225.58  0.8767283
8228.02  0.8773568
8230.46  0.8771152
8232.91  0.877389
8235.35  0.8783042
8237.79  0.8789527
8240.24  0.8787681
8242.68  0.8787105
8245.12  0.8787073
8247.57  0.8789074
8250.01  0.8785321
8252.45  0.8783555
8254.89  0.8784788
8257.34  0.8783202
8259.78  0.8778504
8262.22  0.8774465
8264.67  0.877327
8267.11  0.8773713
8269.55  0.8777062
8272.00  0.8776132
8274.44  0.8775377
8276.88  0.8781134
8279.32  0.8784539
8281.77  0.8786587
8284.21  0.8792009
8286.65  0.8801529
8289.10  0.8805375
8291.54  0.8806376
8293.98  0.8803082
8296.43  0.8796446
8298.87  0.879591
8301.31  0.8794312
8303.75  0.8793145
8306.20  0.8789476
8308.64  0.8783734
8311.08  0.87728
8313.53  0.8767629
8315.97  0.8773196
8318.41  0.878149
8320.86  0.8789012
8323.30  0.8796653
8325.74  0.8802828
8328.18  0.8801551
8330.63  0.8805584
8333.07  0.8809121
8335.51  0.8800722
8337.96  0.8799035
8340.40  0.8792841
8342.84  0.8785332
8345.29  0.8781885
8347.73  0.8785896
8350.17  0.8784352
8352.61  0.8788052
8355.06  0.8800158
8357.50  0.8807533
8359.94  0.8813325
8362.39  0.8819129
8364.83  0.881906
8367.27  0.8814653
8369.72  0.8817194
8372.16  0.8808467
8374.60  0.8811063
8377.04  0.8799417
8379.49  0.878378
8381.93  0.8778622
8384.37  0.876708
8386.82  0.8757361
8389.26  0.8746444
8391.70  0.8751973
8394.15  0.8763363
8396.59  0.8774797
8399.03  0.8787041
8401.47  0.87911
8403.92  0.8793887
8406.36  0.8780053
8408.80  0.8770931
8411.25  0.877183
8413.69  0.8768554
8416.13  0.8761517
8418.58  0.875653
8421.02  0.8758017
8423.46  0.8766602
8425.90  0.877313
8428.35  0.878536
8430.79  0.8779901
8433.23  0.8767819
8435.68  0.8760795
8438.12  0.875816
8440.56  0.8750752
8443.01  0.8757552
8445.45  0.8758875
8447.89  0.8759257
8450.33  0.8750594
8452.78  0.8739619
8455.22  0.8741388
8457.66  0.8742355
8460.11  0.8741005
8462.55  0.8741491
8464.99  0.8738864
8467.44  0.8736482
8469.88  0.8733092
8472.32  0.8735505
8474.76  0.8734187
8477.21  0.8721409
8479.65  0.8719062
8482.09  0.8720271
8484.54  0.8720788
8486.98  0.8724338
8489.42  0.8729132
8491.87  0.8732827
8494.31  0.8730683
8496.75  0.8730894
8499.19  0.8737314
8501.64  0.8730235
8504.08  0.8727324
8506.52  0.8737596
8508.97  0.8738018
8511.41  0.8739322
8513.85  0.874096
8516.30  0.8740022
8518.74  0.8736966
8521.18  0.8732091
8523.62  0.8722057
8526.07  0.872045
8528.51  0.8709282
8530.95  0.8701386
8533.40  0.8685071
8535.84  0.8667399
8538.28  0.8658466
8540.73  0.8660659
8543.17  0.8667266
8545.61  0.8669595
8548.05  0.8670738
8550.50  0.8677543
8552.94  0.8678753
8555.38  0.8670914
8557.83  0.8664852
8560.27  0.8647343
8562.71  0.8636371
8565.16  0.8636289
8567.60  0.8641015
8570.04  0.8651013
8572.48  0.8669293
8574.93  0.8676174
8577.37  0.8673869
8579.81  0.8678152
8582.26  0.8665925
8584.70  0.8649197
8587.14  0.863727
8589.59  0.8623322
8592.03  0.8612014
8594.47  0.861844
8596.91  0.8624093
8599.36  0.862356
8601.80  0.8619983
8604.24  0.8626578
8606.69  0.8634652
8609.13  0.8630244
8611.57  0.8633912
8614.02  0.8626179
8616.46  0.8627871
8618.90  0.8632055
8621.34  0.8622163
8623.79  0.8623026
8626.23  0.8618739
8628.67  0.8610153
8631.12  0.8601622
8633.56  0.8603349
8636.00  0.8603937
8638.45  0.8592194
8640.89  0.8583757
8643.33  0.8582717
8645.77  0.8584318
8648.22  0.8583634
8650.66  0.8582631
8653.10  0.8577092
8655.55  0.8580067
8657.99  0.8580856
8660.43  0.8577912
8662.88  0.8568429
8665.32  0.8567134
8667.76  0.8571448
8670.20  0.8570551
8672.65  0.8576353
8675.09  0.8579588
8677.53  0.85728
8679.98  0.8569682
8682.42  0.856854
8684.86  0.8561343
8687.31  0.8562224
8689.75  0.8560338
8692.19  0.8562112
8694.63  0.8562303
8697.08  0.8556054
8699.52  0.855935
8701.96  0.8564364
8704.41  0.8563486
8706.85  0.8557388
8709.29  0.8552319
8711.74  0.855384
8714.18  0.8550788
8716.62  0.8542228
8719.06  0.8540084
8721.51  0.8536826
8723.95  0.8544162
8726.39  0.8551149
8728.84  0.8547511
8731.28  0.8547013
8733.72  0.8550882
8736.17  0.8558211
8738.61  0.855949
8741.05  0.8559884
8743.49  0.8557729
8745.94  0.8550224
8748.38  0.8552178
8750.82  0.8558152
8753.27  0.8547489
8755.71  0.8547258
8758.15  0.8554357
8760.60  0.8547897
8763.04  0.8555194
8765.48  0.8555302
8767.92  0.8550706
8770.37  0.8550786
8772.81  0.8543264
8775.25  0.853417
8777.70  0.8529069
8780.14  0.8528153
8782.58  0.8522653
8785.03  0.851949
8787.47  0.8515021
8789.91  0.8511708
8792.35  0.8510578
8794.80  0.8521211
8797.24  0.8529264
8799.68  0.853119
8802.13  0.8525615
8804.57  0.8525818
8807.01  0.8526048
8809.46  0.8538305
8811.90  0.8540164
8814.34  0.8539917
8816.78  0.8541322
8819.23  0.8541887
8821.67  0.8543764
8824.11  0.8543274
8826.56  0.8535553
8829.00  0.8534406
8831.44  0.8531399
8833.89  0.8519222
8836.33  0.8515422
8838.77  0.851519
8841.21  0.8514762
8843.66  0.8504035
8846.10  0.851812
8848.54  0.8524517
8850.99  0.8510929
8853.43  0.8506353
8855.87  0.8520167
8858.32  0.8522006
8860.76  0.8525472
8863.20  0.8509618
8865.64  0.8511642
