# %ECSV 1.0
# ---
# datatype:
# - {name: wavelength, unit: angstrom, datatype: float32}
# - {name: flux, unit: erg / (s cm^2 angstrom), datatype: float32}
# schema: astropy-2.0
wavelength flux
1132.0 4.991913e-13
1134.0 3.775147e-13
1136.0 3.0653344e-13
1138.0 2.7669078e-13
1140.0 2.3857476e-13
1142.0 1.32998e-13
1144.0 3.2399346e-14
1146.0 1.054442e-13
1148.0 1.9499258e-13
1150.0 1.7295426e-13
1152.0 1.3829157e-13
1154.0 1.4960361e-13
1156.0 1.1656659e-13
1158.0 1.3464242e-13
1160.0 1.6345203e-13
1162.0 2.3967801e-13
1164.0 2.294017e-13
1166.0 2.2601063e-13
1168.0 2.3752043e-13
1170.0 2.4900814e-13
1172.0 2.6934642e-13
1174.0 3.2403897e-13
1176.0 3.7442778e-13
1178.0 3.9211752e-13
1180.0 4.5283208e-13
1182.0 6.8043634e-13
1184.0 1.1679643e-12
1186.0 1.911083e-12
1188.0 2.456199e-12
1190.0 2.472075e-12
1192.0 2.2881712e-12
1194.0 1.88936e-12
1196.0 1.2850899e-12
1198.0 8.4088395e-13
1200.0 6.927981e-13
1202.0 7.1114826e-13
1204.0 8.239145e-13
1206.0 8.8777564e-13
1208.0 1.086734e-12
1210.0 1.5925678e-12
1212.0 1.7867382e-12
1214.0 1.5183259e-12
1216.0 1.0997698e-12
1218.0 8.0919716e-13
1220.0 6.8691445e-13
1222.0 5.8623045e-13
1224.0 4.849528e-13
1226.0 3.9488608e-13
1228.0 3.5222153e-13
1230.0 3.1244725e-13
1232.0 2.642304e-13
1234.0 3.0354996e-13
1236.0 3.3461374e-13
1238.0 3.191725e-13
1240.0 3.2874997e-13
1242.0 3.1035347e-13
1244.0 2.582644e-13
1246.0 2.341923e-13
1248.0 2.281909e-13
1250.0 2.2665771e-13
1252.0 2.2700041e-13
1254.0 2.4433957e-13
1256.0 2.2992418e-13
1258.0 1.8891734e-13
1260.0 1.8152001e-13
1262.0 2.0002775e-13
1264.0 1.8166396e-13
1266.0 1.786797e-13
1268.0 1.7389718e-13
1270.0 2.1723525e-13
1272.0 1.7075343e-13
1274.0 1.4118726e-13
1276.0 1.3318914e-13
1278.0 1.1960841e-13
1280.0 1.2155454e-13
1282.0 1.4936365e-13
1284.0 1.4597324e-13
1286.0 1.5067343e-13
1288.0 1.6277222e-13
1290.0 1.651296e-13
1292.0 1.6249046e-13
1294.0 1.4661963e-13
1296.0 1.6760061e-13
1298.0 1.7464265e-13
1300.0 1.6841187e-13
1302.0 1.4682389e-13
1304.0 1.4965977e-13
1306.0 1.5834662e-13
1308.0 1.4854754e-13
1310.0 1.4495206e-13
1312.0 1.3205076e-13
1314.0 1.3272493e-13
1316.0 1.3580135e-13
1318.0 1.3426036e-13
1320.0 1.2932172e-13
1322.0 1.3125574e-13
1324.0 1.448197e-13
1326.0 1.6468562e-13
1328.0 1.4118323e-13
1330.0 1.2125437e-13
1332.0 1.3126525e-13
1334.0 1.521804e-13
1336.0 1.5013014e-13
1338.0 1.4126574e-13
1340.0 1.3939403e-13
1342.0 1.2340111e-13
1344.0 1.2874284e-13
1346.0 1.07172565e-13
1348.0 1.1149013e-13
1350.0 1.2550264e-13
1352.0 1.10028184e-13
1354.0 1.0253247e-13
1356.0 1.144731e-13
1358.0 1.04332646e-13
1360.0 1.4299038e-13
1362.0 1.2570785e-13
1364.0 1.2406055e-13
1366.0 1.386388e-13
1368.0 1.3447663e-13
1370.0 1.4998418e-13
1372.0 1.4098805e-13
1374.0 1.1019139e-13
1376.0 1.5191198e-13
1378.0 1.4557153e-13
1380.0 1.2925757e-13
1382.0 1.446071e-13
1384.0 1.5932077e-13
1386.0 1.4972551e-13
1388.0 1.6512199e-13
1390.0 1.4224189e-13
1392.0 1.6619984e-13
1394.0 1.8223009e-13
1396.0 1.7719104e-13
1398.0 1.5352806e-13
1400.0 1.7263514e-13
1402.0 1.839323e-13
1404.0 1.615966e-13
1406.0 1.4298475e-13
1408.0 1.7532892e-13
1410.0 2.0715555e-13
1412.0 1.5963421e-13
1414.0 1.2499519e-13
1416.0 1.4087014e-13
1418.0 1.2663099e-13
1420.0 1.2744837e-13
1422.0 1.0210826e-13
1424.0 8.649723e-14
1426.0 9.6975264e-14
1428.0 9.104841e-14
1430.0 1.1454954e-13
1432.0 9.9971904e-14
1434.0 1.2037225e-13
1436.0 1.3324765e-13
1438.0 1.1695222e-13
1440.0 1.3605714e-13
1442.0 1.4390165e-13
1444.0 1.2936291e-13
1446.0 1.1498704e-13
1448.0 1.0350499e-13
1450.0 1.0022997e-13
1452.0 1.2375498e-13
1454.0 1.2581279e-13
1456.0 1.3109156e-13
1458.0 1.05128146e-13
1460.0 1.351169e-13
1462.0 1.3712643e-13
1464.0 1.309267e-13
1466.0 1.1446832e-13
1468.0 9.586874e-14
1470.0 9.108402e-14
1472.0 8.991925e-14
1474.0 1.1954275e-13
1476.0 1.2154279e-13
1478.0 1.2260459e-13
1480.0 1.3409125e-13
1482.0 1.379364e-13
1484.0 1.262836e-13
1486.0 1.1423604e-13
1488.0 1.2754384e-13
1490.0 1.1219401e-13
1492.0 1.2823976e-13
1494.0 1.4429056e-13
1496.0 1.4893329e-13
1498.0 1.8272898e-13
1500.0 1.9632061e-13
1502.0 2.0462869e-13
1504.0 2.6050172e-13
1506.0 2.661404e-13
1508.0 2.4482402e-13
1510.0 2.6986505e-13
1512.0 2.8761894e-13
1514.0 3.2667743e-13
1516.0 3.5256742e-13
1518.0 3.7917884e-13
1520.0 3.941315e-13
1522.0 3.9544575e-13
1524.0 4.1743537e-13
1526.0 4.6210995e-13
1528.0 4.891474e-13
1530.0 4.960519e-13
1532.0 5.370501e-13
1534.0 5.561239e-13
1536.0 5.440354e-13
1538.0 6.0052234e-13
1540.0 6.540815e-13
1542.0 7.874138e-13
1544.0 9.38751e-13
1546.0 1.0193173e-12
1548.0 9.083175e-13
1550.0 7.152453e-13
1552.0 6.175408e-13
1554.0 5.423214e-13
1556.0 4.7701665e-13
1558.0 4.455429e-13
1560.0 4.2032637e-13
1562.0 3.7558807e-13
1564.0 3.148434e-13
1566.0 3.0137015e-13
1568.0 2.799993e-13
1570.0 2.7086425e-13
1572.0 2.810132e-13
1574.0 2.849165e-13
1576.0 2.575706e-13
1578.0 2.2880555e-13
1580.0 2.525723e-13
1582.0 2.437105e-13
1584.0 2.1092923e-13
1586.0 1.9647157e-13
1588.0 1.8042e-13
1590.0 1.6244478e-13
1592.0 1.8676503e-13
1594.0 2.1583255e-13
1596.0 1.8806179e-13
1598.0 1.6645992e-13
1600.0 1.6270896e-13
1602.0 1.5724683e-13
1604.0 1.5672386e-13
1606.0 1.4827737e-13
1608.0 1.4076068e-13
1610.0 1.3260023e-13
1612.0 1.3450027e-13
1614.0 1.3754834e-13
1616.0 1.4010046e-13
1618.0 1.4009708e-13
1620.0 1.33176e-13
1622.0 1.4068004e-13
1624.0 1.7071144e-13
1626.0 1.6895267e-13
1628.0 1.7635372e-13
1630.0 1.90354e-13
1632.0 1.9580869e-13
1634.0 1.9237987e-13
1636.0 2.0252315e-13
1638.0 1.8741371e-13
1640.0 1.4878585e-13
1642.0 1.4621836e-13
1644.0 1.7441003e-13
1646.0 1.6784886e-13
1648.0 1.7564915e-13
1650.0 1.6807642e-13
1652.0 1.3384206e-13
1654.0 1.3943812e-13
1656.0 1.4570871e-13
1658.0 1.5975307e-13
1660.0 1.7465378e-13
1662.0 1.7035044e-13
1664.0 1.531294e-13
1666.0 1.3644371e-13
1668.0 1.1927425e-13
1670.0 1.0289832e-13
1672.0 1.1948922e-13
1674.0 1.1618786e-13
1676.0 1.0299643e-13
1678.0 8.712688e-14
1680.0 8.8534215e-14
1682.0 9.4260544e-14
1684.0 1.1439921e-13
1686.0 1.0352202e-13
1688.0 9.141684e-14
1690.0 1.10620504e-13
1692.0 1.2556328e-13
1694.0 1.1892196e-13
1696.0 1.2060508e-13
1698.0 1.2001726e-13
1700.0 1.217311e-13
1702.0 1.170429e-13
1704.0 1.1887392e-13
1706.0 1.2748335e-13
1708.0 1.2141208e-13
1710.0 1.3603444e-13
1712.0 1.508724e-13
1714.0 1.3269694e-13
1716.0 1.2155453e-13
1718.0 1.1855485e-13
1720.0 1.1717019e-13
1722.0 1.1005645e-13
1724.0 1.043716e-13
1726.0 1.02885216e-13
1728.0 1.0921766e-13
1730.0 1.07385306e-13
1732.0 1.0000637e-13
1734.0 1.0204078e-13
1736.0 1.04646984e-13
1738.0 1.0399892e-13
1740.0 1.0053835e-13
1742.0 1.052508e-13
1744.0 1.02231666e-13
1746.0 1.051644e-13
1748.0 1.1102692e-13
1750.0 1.165497e-13
1752.0 1.1150776e-13
1754.0 1.03372335e-13
1756.0 9.905367e-14
1758.0 9.474406e-14
1760.0 9.261422e-14
1762.0 9.625055e-14
1764.0 9.2534934e-14
1766.0 9.2586976e-14
1768.0 9.834107e-14
1770.0 9.6601404e-14
1772.0 1.0278134e-13
1774.0 1.09170675e-13
1776.0 1.01385026e-13
1778.0 1.06029545e-13
1780.0 1.0128422e-13
1782.0 1.0187533e-13
1784.0 1.02164784e-13
1786.0 1.0052135e-13
1788.0 1.0399731e-13
1790.0 1.07080835e-13
1792.0 1.1355701e-13
1794.0 1.0992409e-13
1796.0 1.0897619e-13
1798.0 1.0871398e-13
1800.0 1.0712645e-13
1802.0 1.0976827e-13
1804.0 1.1237548e-13
1806.0 1.2289785e-13
1808.0 1.1629583e-13
1810.0 1.1586988e-13
1812.0 1.1842709e-13
1814.0 1.1173768e-13
1816.0 9.831107e-14
1818.0 9.8219996e-14
1820.0 9.51941e-14
1822.0 9.743761e-14
1824.0 1.03288824e-13
1826.0 1.0848124e-13
1828.0 1.1909183e-13
1830.0 1.1821169e-13
1832.0 1.1560329e-13
1834.0 1.1722604e-13
1836.0 1.1140742e-13
1838.0 1.09219335e-13
1840.0 1.0956671e-13
1842.0 1.1371795e-13
1844.0 1.2401697e-13
1846.0 1.3471308e-13
1848.0 1.3800823e-13
1850.0 1.2890012e-13
1852.0 1.1248634e-13
1854.0 1.06027444e-13
1856.0 1.13284775e-13
1858.0 1.1734064e-13
1860.0 1.171244e-13
1862.0 1.1451659e-13
1864.0 1.1460037e-13
1866.0 1.1541762e-13
1868.0 1.0980491e-13
1870.0 1.11743825e-13
1872.0 1.205119e-13
1874.0 1.2603151e-13
1876.0 1.3162691e-13
1878.0 1.395527e-13
1880.0 1.3617072e-13
1882.0 1.3385617e-13
1884.0 1.4115162e-13
1886.0 1.4744e-13
1888.0 1.5881883e-13
1890.0 1.7491862e-13
1892.0 1.8708396e-13
1894.0 1.892836e-13
1896.0 2.0072518e-13
1898.0 2.1292613e-13
1900.0 2.311955e-13
1902.0 2.5347294e-13
1904.0 2.6839409e-13
1906.0 2.5586307e-13
1908.0 2.3225486e-13
1910.0 2.0655958e-13
1912.0 1.7442649e-13
1914.0 1.4709947e-13
1916.0 1.3464863e-13
1918.0 1.2969882e-13
1920.0 1.2545938e-13
1922.0 1.2121016e-13
1924.0 1.144276e-13
1926.0 9.4906904e-14
1928.0 1.08011066e-13
1930.0 5.245244e-14
1932.0 5.741036e-14
1934.0 7.961838e-14
1936.0 9.9285814e-14
1938.0 1.2824962e-13
1940.0 1.1609809e-13
1942.0 1.0594831e-13
1944.0 1.294075e-13
1946.0 1.037496e-13
1948.0 7.927105e-14
1950.0 1.1587675e-13
1952.0 1.195089e-13
1954.0 6.989977e-14
1956.0 5.282046e-14
1958.0 3.7486958e-14
1960.0 2.9353503e-14
1962.0 4.4897252e-14
1964.0 6.8353783e-14
1966.0 8.398155e-14
1968.0 8.749116e-14
1970.0 4.9047365e-14
1972.0 2.9074128e-14
1974.0 6.2332694e-14
1976.0 9.266894e-14
1978.0 9.0945114e-14
1980.0 8.6019896e-14
1982.0 1.0536966e-13
1984.0 9.9052365e-14
1986.0 7.1919684e-14
1988.0 6.011451e-14
1990.0 6.5108793e-14
1992.0 3.487658e-14
1994.0 2.1826282e-14
1996.0 4.5154222e-14
1998.0 6.731319e-14
2000.0 1.004472e-13
2002.0 1.020697e-13
2004.0 9.402136e-14
2006.0 8.575077e-14
2008.0 8.6991524e-14
2010.0 7.5459875e-14
2012.0 5.2618097e-14
2014.0 4.5340224e-14
2016.0 4.7237083e-14
2018.0 5.263936e-14
2020.0 7.96016e-14
2022.0 1.0223951e-13
2024.0 1.2697544e-13
2026.0 9.703171e-14
2028.0 6.8540165e-14
2030.0 8.346786e-14
2032.0 1.244674e-13
2034.0 1.3249982e-13
2036.0 1.2050183e-13
2038.0 8.6936914e-14
2040.0 8.884485e-14
2042.0 1.2355512e-13
2044.0 1.5289991e-13
2046.0 1.3223705e-13
2048.0 1.12841357e-13
2050.0 1.1744041e-13
2052.0 1.1847989e-13
2054.0 1.0177963e-13
2056.0 7.2296695e-14
2058.0 6.0418094e-14
2060.0 8.7803144e-14
2062.0 1.11150604e-13
2064.0 9.825646e-14
2066.0 1.00597976e-13
2068.0 9.733026e-14
2070.0 7.80096e-14
2072.0 6.582225e-14
2074.0 9.27901e-14
2076.0 1.1806409e-13
2078.0 1.01082025e-13
2080.0 7.991827e-14
2082.0 1.01822996e-13
2084.0 1.1737131e-13
2086.0 9.550231e-14
2088.0 1.0752618e-13
2090.0 1.2749036e-13
2092.0 1.294166e-13
2094.0 1.082642e-13
2096.0 9.5743156e-14
2098.0 9.9763344e-14
2100.0 1.0941258e-13
2102.0 7.4728553e-14
2104.0 8.5786365e-14
2106.0 9.613522e-14
2108.0 7.44143e-14
2110.0 7.3706056e-14
2112.0 8.9158925e-14
2114.0 1.0331786e-13
2116.0 1.1052727e-13
2118.0 8.3241445e-14
2120.0 6.945498e-14
2122.0 1.02389824e-13
2124.0 9.786024e-14
2126.0 5.75602e-14
2128.0 6.181988e-14
2130.0 1.0518956e-13
2132.0 9.228939e-14
2134.0 7.287001e-14
2136.0 7.0148565e-14
2138.0 6.6897354e-14
2140.0 7.976329e-14
2142.0 9.957228e-14
2144.0 1.1728011e-13
2146.0 1.1459307e-13
2148.0 1.1391215e-13
2150.0 1.08642153e-13
2152.0 1.0709588e-13
2154.0 1.055445e-13
2156.0 1.0398933e-13
2158.0 1.02433436e-13
2160.0 1.0083108e-13
2162.0 9.485356e-14
2164.0 8.573721e-14
2166.0 7.4813094e-14
2168.0 6.037141e-14
2170.0 6.155857e-14
2172.0 8.5139286e-14
2174.0 9.697377e-14
2176.0 1.00978647e-13
2178.0 9.977671e-14
2180.0 7.628725e-14
2182.0 5.64535e-14
2184.0 6.649051e-14
2186.0 7.336164e-14
2188.0 7.350983e-14
2190.0 7.7914244e-14
2192.0 6.712146e-14
2194.0 7.280555e-14
2196.0 8.1213987e-14
2198.0 9.551909e-14
2200.0 9.882924e-14
2202.0 8.2023364e-14
2204.0 6.936841e-14
2206.0 6.14543e-14
2208.0 6.446716e-14
2210.0 8.305156e-14
2212.0 9.861549e-14
2214.0 1.0619031e-13
2216.0 1.1863245e-13
2218.0 1.2040687e-13
2220.0 1.0437917e-13
2222.0 1.0065918e-13
2224.0 8.9608e-14
2226.0 7.8271957e-14
2228.0 9.5352064e-14
2230.0 1.0795463e-13
2232.0 9.034954e-14
2234.0 6.4420474e-14
2236.0 7.150144e-14
2238.0 6.187421e-14
2240.0 5.3667164e-14
2242.0 6.7438215e-14
2244.0 6.530009e-14
2246.0 6.468952e-14
2248.0 7.5718484e-14
2250.0 7.236054e-14
2252.0 7.460672e-14
2254.0 8.9337656e-14
2256.0 8.2746276e-14
2258.0 8.845804e-14
2260.0 1.07435775e-13
2262.0 1.099818e-13
2264.0 9.980936e-14
2266.0 1.080559e-13
2268.0 1.2002937e-13
2270.0 1.2125568e-13
2272.0 1.2234263e-13
2274.0 1.3340984e-13
2276.0 1.05709644e-13
2278.0 7.5166165e-14
2280.0 7.483199e-14
2282.0 7.716065e-14
2284.0 8.56706e-14
2286.0 1.0136744e-13
2288.0 1.12662104e-13
2290.0 1.2613256e-13
2292.0 1.2352393e-13
2294.0 1.1248437e-13
2296.0 1.1601221e-13
2298.0 1.1066084e-13
2300.0 1.030057e-13
2302.0 1.2260889e-13
2304.0 1.414026e-13
2306.0 1.2465914e-13
2308.0 1.3228034e-13
2310.0 1.308721e-13
2312.0 1.2255937e-13
2314.0 1.02563316e-13
2316.0 9.522797e-14
2318.0 1.179045e-13
2320.0 1.2282798e-13
2322.0 1.00077336e-13
2324.0 9.749026e-14
2326.0 1.1683387e-13
2328.0 1.2118912e-13
2330.0 1.09339085e-13
2332.0 9.467876e-14
2334.0 9.988479e-14
2336.0 1.1857151e-13
2338.0 1.3040793e-13
2340.0 1.2811e-13
2342.0 1.11032284e-13
2344.0 1.05714984e-13
2346.0 9.57564e-14
2348.0 7.351693e-14
2350.0 8.146261e-14
2352.0 9.441301e-14
2354.0 1.08766755e-13
2356.0 1.3591979e-13
2358.0 1.2941575e-13
2360.0 9.900127e-14
2362.0 7.812308e-14
2364.0 8.470963e-14
2366.0 8.069631e-14
2368.0 7.619033e-14
2370.0 7.948667e-14
2372.0 7.309646e-14
2374.0 7.6135136e-14
2376.0 7.5432865e-14
2378.0 6.849081e-14
2380.0 7.475004e-14
2382.0 9.380833e-14
2384.0 1.1674616e-13
2386.0 1.3536011e-13
2388.0 1.0868177e-13
2390.0 9.0747214e-14
2392.0 7.116264e-14
2394.0 6.3233774e-14
2396.0 8.328569e-14
2398.0 9.185531e-14
2400.0 8.2515836e-14
2402.0 1.07051913e-13
2404.0 1.1707298e-13
2406.0 1.178183e-13
2408.0 9.999474e-14
2410.0 9.935408e-14
2412.0 1.2016519e-13
2414.0 1.2121761e-13
2416.0 9.787573e-14
2418.0 1.2625838e-13
2420.0 1.4521904e-13
2422.0 1.2448843e-13
2424.0 1.0013843e-13
2426.0 1.0887788e-13
2428.0 1.09435654e-13
2430.0 9.2186905e-14
2432.0 9.665914e-14
2434.0 1.02156714e-13
2436.0 1.10478744e-13
2438.0 1.10435566e-13
2440.0 1.0091304e-13
2442.0 1.0606377e-13
2444.0 1.1370198e-13
2446.0 9.335521e-14
2448.0 7.659965e-14
2450.0 8.834253e-14
2452.0 9.861375e-14
2454.0 1.0797929e-13
2456.0 1.2384714e-13
2458.0 1.1345532e-13
2460.0 1.1467993e-13
2462.0 1.1890864e-13
2464.0 1.1271383e-13
2466.0 1.1134921e-13
2468.0 1.2154359e-13
2470.0 1.2292999e-13
2472.0 1.1407237e-13
2474.0 1.1045884e-13
2476.0 1.07695116e-13
2478.0 9.989662e-14
2480.0 1.0253382e-13
2482.0 1.18267e-13
2484.0 1.2999051e-13
2486.0 1.3006476e-13
2488.0 1.2099901e-13
2490.0 1.00948946e-13
2492.0 1.05895287e-13
2494.0 1.2709232e-13
2496.0 1.3473291e-13
2498.0 1.2328276e-13
2500.0 1.10161866e-13
2502.0 1.1755084e-13
2504.0 1.1001416e-13
2506.0 1.1490957e-13
2508.0 1.1397197e-13
2510.0 9.7244376e-14
2512.0 1.12804196e-13
2514.0 1.2771368e-13
2516.0 1.11054964e-13
2518.0 1.0182523e-13
2520.0 1.0896015e-13
2522.0 1.1543181e-13
2524.0 1.1002746e-13
2526.0 1.0387476e-13
2528.0 1.0169675e-13
2530.0 1.07217065e-13
2532.0 9.8733366e-14
2534.0 7.391514e-14
2536.0 5.054455e-14
2538.0 4.3672328e-14
2540.0 4.7858317e-14
2542.0 5.9875e-14
2544.0 7.8759366e-14
2546.0 9.021136e-14
2548.0 9.739525e-14
2550.0 9.2697646e-14
2552.0 8.7161134e-14
2554.0 8.357148e-14
2556.0 7.8051755e-14
2558.0 8.644862e-14
2560.0 1.0156887e-13
2562.0 1.0330629e-13
2564.0 9.84783e-14
2566.0 8.9127605e-14
2568.0 8.7437185e-14
2570.0 9.449225e-14
2572.0 1.02462926e-13
2574.0 1.1224823e-13
2576.0 1.1483817e-13
2578.0 9.202348e-14
2580.0 8.178039e-14
2582.0 9.6491805e-14
2584.0 1.10195985e-13
2586.0 1.04037526e-13
2588.0 1.07037575e-13
2590.0 1.01990167e-13
2592.0 8.174304e-14
2594.0 7.444699e-14
2596.0 8.2755e-14
2598.0 8.9945114e-14
2600.0 8.8686565e-14
2602.0 9.309828e-14
2604.0 9.164839e-14
2606.0 8.748693e-14
2608.0 8.242837e-14
2610.0 7.612176e-14
2612.0 7.211119e-14
2614.0 8.979652e-14
2616.0 9.316189e-14
2618.0 8.3619946e-14
2620.0 8.0959355e-14
2622.0 8.816211e-14
2624.0 9.910633e-14
2626.0 9.6751275e-14
2628.0 8.854919e-14
2630.0 8.596193e-14
2632.0 9.3898596e-14
2634.0 9.6471455e-14
2636.0 9.5572164e-14
2638.0 9.5331966e-14
2640.0 8.666739e-14
2642.0 8.038009e-14
2644.0 8.7134727e-14
2646.0 9.377126e-14
2648.0 9.020443e-14
2650.0 7.956211e-14
2652.0 7.60202e-14
2654.0 7.591777e-14
2656.0 7.981603e-14
2658.0 8.0805364e-14
2660.0 8.124038e-14
2662.0 7.765513e-14
2664.0 8.075676e-14
2666.0 8.766963e-14
2668.0 8.966371e-14
2670.0 8.2733015e-14
2672.0 8.134945e-14
2674.0 8.049243e-14
2676.0 6.99824e-14
2678.0 7.4610985e-14
2680.0 8.650312e-14
2682.0 8.6011215e-14
2684.0 7.9314234e-14
2686.0 7.2702186e-14
2688.0 7.734845e-14
2690.0 7.616674e-14
2692.0 7.40178e-14
2694.0 8.102818e-14
2696.0 9.338986e-14
2698.0 8.6840366e-14
2700.0 8.1912125e-14
2702.0 8.8178766e-14
2704.0 9.073326e-14
2706.0 9.053643e-14
2708.0 9.268584e-14
2710.0 9.358201e-14
2712.0 9.6742364e-14
2714.0 9.7814924e-14
2716.0 9.337181e-14
2718.0 9.011256e-14
2720.0 8.9812286e-14
2722.0 8.470776e-14
2724.0 8.7521326e-14
2726.0 8.443736e-14
2728.0 8.5867226e-14
2730.0 1.0018706e-13
2732.0 1.0863308e-13
2734.0 1.0860637e-13
2736.0 1.0440529e-13
2738.0 1.0197918e-13
2740.0 1.04219076e-13
2742.0 1.00627365e-13
2744.0 1.01420886e-13
2746.0 9.443002e-14
2748.0 9.479027e-14
2750.0 1.04631385e-13
2752.0 1.0810599e-13
2754.0 1.04505075e-13
2756.0 9.909241e-14
2758.0 1.0609592e-13
2760.0 1.1775701e-13
2762.0 1.2304314e-13
2764.0 1.3172494e-13
2766.0 1.323579e-13
2768.0 1.4007308e-13
2770.0 1.4966042e-13
2772.0 1.4899509e-13
2774.0 1.6006807e-13
2776.0 1.6744794e-13
2778.0 1.6508718e-13
2780.0 1.6389915e-13
2782.0 1.6206424e-13
2784.0 1.5841862e-13
2786.0 1.6449552e-13
2788.0 1.7907052e-13
2790.0 1.9708084e-13
2792.0 2.2324886e-13
2794.0 2.1860625e-13
2796.0 2.001143e-13
2798.0 1.9481668e-13
2800.0 1.9318763e-13
2802.0 1.8063529e-13
2804.0 1.6609224e-13
2806.0 1.6159589e-13
2808.0 1.6687202e-13
2810.0 1.7455254e-13
2812.0 1.6728696e-13
2814.0 1.468687e-13
2816.0 1.4272937e-13
2818.0 1.4148119e-13
2820.0 1.3328364e-13
2822.0 1.3234775e-13
2824.0 1.3639517e-13
2826.0 1.2457239e-13
2828.0 1.2192665e-13
2830.0 1.2279938e-13
2832.0 1.13393785e-13
2834.0 1.06939366e-13
2836.0 1.0740251e-13
2838.0 1.0617167e-13
2840.0 1.122401e-13
2842.0 1.153102e-13
2844.0 1.1549038e-13
2846.0 1.0780185e-13
2848.0 9.279541e-14
2850.0 9.3352545e-14
2852.0 1.0938209e-13
2854.0 9.418875e-14
2856.0 8.827273e-14
2858.0 9.910458e-14
2860.0 1.10395315e-13
2862.0 9.8888935e-14
2864.0 9.2343925e-14
2866.0 9.336443e-14
2868.0 9.8677875e-14
2870.0 9.834797e-14
2872.0 9.1908774e-14
2874.0 8.62499e-14
2876.0 8.910999e-14
2878.0 8.7251136e-14
2880.0 8.865347e-14
2882.0 9.65098e-14
2884.0 8.7458686e-14
2886.0 7.13946e-14
2888.0 8.1845975e-14
2890.0 8.967631e-14
2892.0 8.220224e-14
2894.0 7.2271785e-14
2896.0 7.1209694e-14
2898.0 7.340144e-14
2900.0 8.400423e-14
2902.0 9.345797e-14
2904.0 9.337222e-14
2906.0 8.596533e-14
2908.0 8.81993e-14
2910.0 8.351003e-14
2912.0 7.2800916e-14
2914.0 8.452697e-14
2916.0 9.2856956e-14
2918.0 8.2900504e-14
2920.0 7.535754e-14
2922.0 7.983688e-14
2924.0 8.686515e-14
2926.0 8.964441e-14
2928.0 8.276554e-14
2930.0 7.5232206e-14
2932.0 8.290414e-14
2934.0 9.3258693e-14
2936.0 8.914266e-14
2938.0 9.76621e-14
2940.0 8.808413e-14
2942.0 7.2203575e-14
2944.0 8.431489e-14
2946.0 9.707028e-14
2948.0 9.773033e-14
2950.0 8.5736085e-14
2952.0 8.213295e-14
2954.0 9.1119224e-14
2956.0 9.578627e-14
2958.0 8.787085e-14
2960.0 7.5235845e-14
2962.0 7.449523e-14
2964.0 7.29874e-14
2966.0 7.627118e-14
2968.0 6.653519e-14
2970.0 6.94001e-14
2972.0 7.2712405e-14
2974.0 7.303357e-14
2976.0 7.7655635e-14
2978.0 7.047295e-14
2980.0 6.4405465e-14
2982.0 7.135369e-14
2984.0 7.651811e-14
2986.0 6.491806e-14
2988.0 6.8668365e-14
2990.0 8.030123e-14
2992.0 8.2698686e-14
2994.0 8.0759957e-14
2996.0 6.9619745e-14
2998.0 6.790945e-14
3000.0 7.273972e-14
3002.0 6.68837e-14
3004.0 6.611647e-14
3006.0 7.1913206e-14
3008.0 7.5217834e-14
3010.0 7.17405e-14
3012.0 7.058539e-14
3014.0 6.917522e-14
3016.0 6.229342e-14
3018.0 5.384967e-14
3020.0 4.61831e-14
3022.0 5.090779e-14
3024.0 5.3811603e-14
3026.0 5.707412e-14
3028.0 6.6543816e-14
3030.0 7.505631e-14
3032.0 7.2855926e-14
3034.0 6.935119e-14
3036.0 7.654669e-14
3038.0 8.598402e-14
3040.0 8.8464846e-14
3042.0 6.880572e-14
3044.0 7.58761e-14
3046.0 8.264984e-14
3048.0 5.777383e-14
3050.0 6.142152e-14
3052.0 6.638823e-14
3054.0 6.475219e-14
3056.0 6.641258e-14
3058.0 8.531708e-14
3060.0 8.169136e-14
3062.0 4.6883247e-14
3064.0 5.3628292e-14
3066.0 6.2013085e-14
3068.0 5.4078612e-14
3070.0 6.1696606e-14
3072.0 7.5169295e-14
3074.0 6.503149e-14
3076.0 6.2605676e-14
3078.0 7.6768046e-14
3080.0 8.657685e-14
3082.0 6.991205e-14
3084.0 9.18184e-14
3086.0 8.904115e-14
3088.0 7.5913776e-14
3090.0 4.7683967e-14
3092.0 4.9539545e-14
3094.0 6.989271e-14
3096.0 5.93248e-14
3098.0 5.1241678e-14
3100.0 5.2410065e-14
3102.0 7.5604175e-14
3104.0 6.492305e-14
3106.0 4.781147e-14
3108.0 9.88006e-14
3110.0 1.01759746e-13
3112.0 5.710734e-14
3114.0 8.228422e-14
3116.0 8.515331e-14
3118.0 4.0592617e-14
3120.0 5.8458365e-14
3122.0 7.3170657e-14
3124.0 6.5879946e-14
3126.0 7.922597e-14
3128.0 5.4161567e-14
3130.0 6.421299e-14
3132.0 7.36103e-14
3134.0 6.01322e-14
3136.0 4.3323594e-14
3138.0 4.4088597e-14
3140.0 4.6987137e-14
3142.0 5.4284688e-14
3144.0 6.083293e-14
3146.0 7.36082e-14
3148.0 8.183158e-14
3150.0 7.445566e-14
3152.0 6.38881e-14
3154.0 5.4210827e-14
3156.0 5.6441105e-14
3158.0 6.597622e-14
3160.0 7.377163e-14
3162.0 7.665484e-14
3164.0 7.420152e-14
3166.0 7.223497e-14
3168.0 6.897091e-14
3170.0 7.1132634e-14
3172.0 7.841268e-14
3174.0 7.454383e-14
3176.0 6.129473e-14
3178.0 5.814036e-14
3180.0 6.5046343e-14
3182.0 6.709346e-14
3184.0 6.7427265e-14
3186.0 6.4343564e-14
3188.0 6.0513294e-14
3190.0 6.7786536e-14
3192.0 7.189095e-14
3194.0 7.198146e-14
3196.0 7.663919e-14
3198.0 8.1204344e-14
3200.0 7.014271e-14
3202.0 6.901636e-14
3204.0 7.11567e-14
3206.0 7.130858e-14
3208.0 6.605305e-14
3210.0 5.766204e-14
3212.0 5.566933e-14
3214.0 5.7926015e-14
3216.0 6.396179e-14
3218.0 6.914242e-14
3220.0 6.577905e-14
3222.0 5.8610424e-14
3224.0 5.1505092e-14
3226.0 4.4727998e-14
3228.0 4.2736156e-14
3230.0 4.8234223e-14
3232.0 5.2015653e-14
3234.0 5.856218e-14
3236.0 6.073616e-14
3238.0 6.128666e-14
3240.0 6.901636e-14
3242.0 7.3227564e-14
3244.0 6.915776e-14
3246.0 6.4210315e-14
3248.0 6.318047e-14
3250.0 6.2127305e-14
3252.0 5.939062e-14
3254.0 6.010857e-14
3256.0 6.497282e-14
3258.0 6.285624e-14
3260.0 5.1759063e-14
3262.0 4.8940313e-14
3264.0 5.4057006e-14
3266.0 5.910738e-14
3268.0 6.02333e-14
3270.0 6.087622e-14
3272.0 6.089761e-14
3274.0 6.3185744e-14
3276.0 6.471382e-14
3278.0 6.58866e-14
3280.0 6.8532636e-14
3282.0 6.8023624e-14
3284.0 6.4429094e-14
3286.0 6.2585476e-14
3288.0 6.0196273e-14
3290.0 5.69827e-14
3292.0 5.530501e-14
3294.0 5.5883548e-14
3296.0 5.9034104e-14
3298.0 6.034305e-14
3300.0 5.77935e-14
3302.0 5.7343216e-14
3304.0 5.7854065e-14
3306.0 5.800519e-14
3308.0 5.8237215e-14
3310.0 5.984648e-14
3312.0 6.1775366e-14
3314.0 5.997949e-14
3316.0 5.7973097e-14
3318.0 6.304203e-14
3320.0 6.696878e-14
3322.0 6.822752e-14
3324.0 6.6366366e-14
3326.0 7.184691e-14
3328.0 7.456691e-14
3330.0 7.139554e-14
3332.0 6.4874735e-14
3334.0 6.373005e-14
3336.0 5.808435e-14
3338.0 5.1528738e-14
3340.0 5.192881e-14
3342.0 5.5680453e-14
3344.0 6.252324e-14
3346.0 6.802571e-14
3348.0 6.854032e-14
3350.0 7.450571e-14
3352.0 7.547098e-14
3354.0 6.776554e-14
3356.0 5.8478396e-14
3358.0 5.6357872e-14
3360.0 5.857517e-14
3362.0 6.034942e-14
3364.0 5.937693e-14
3366.0 5.935229e-14
3368.0 6.177035e-14
3370.0 6.3752436e-14
3372.0 6.06414e-14
3374.0 5.7969403e-14
3376.0 6.291728e-14
3378.0 6.951724e-14
3380.0 6.823951e-14
3382.0 6.524476e-14
3384.0 6.2542196e-14
3386.0 5.826754e-14
3388.0 5.3322513e-14
3390.0 5.202594e-14
3392.0 5.5240927e-14
3394.0 5.8929193e-14
3396.0 6.030106e-14
3398.0 6.138659e-14
3400.0 6.0528446e-14
3402.0 5.7798316e-14
3404.0 5.6554496e-14
3406.0 5.877707e-14
3408.0 5.967889e-14
3410.0 5.628664e-14
3412.0 5.0575084e-14
3414.0 4.975202e-14
3416.0 5.34036e-14
3418.0 5.951596e-14
3420.0 6.759522e-14
3422.0 7.6073635e-14
3424.0 8.1932806e-14
3426.0 8.562884e-14
3428.0 8.608377e-14
3430.0 8.0237256e-14
3432.0 7.369019e-14
3434.0 7.093704e-14
3436.0 6.3503876e-14
3438.0 5.9658326e-14
3440.0 5.6920296e-14
3442.0 5.7786776e-14
3444.0 5.976623e-14
3446.0 6.394283e-14
3448.0 6.663463e-14
3450.0 6.528632e-14
3452.0 6.306225e-14
3454.0 6.175028e-14
3456.0 5.768294e-14
3458.0 5.3782665e-14
3460.0 5.1805914e-14
3462.0 5.1804095e-14
3464.0 5.265092e-14
3466.0 5.777535e-14
3468.0 6.2547684e-14
3470.0 6.31318e-14
3472.0 6.036638e-14
3474.0 5.469894e-14
3476.0 5.2240588e-14
3478.0 5.3118693e-14
3480.0 5.482401e-14
3482.0 5.4353152e-14
3484.0 5.2195874e-14
3486.0 5.0331013e-14
3488.0 4.991639e-14
3490.0 4.964202e-14
3492.0 4.8805303e-14
3494.0 4.832753e-14
3496.0 4.9454656e-14
3498.0 5.0804826e-14
3500.0 5.1723386e-14
3502.0 5.027534e-14
3504.0 4.6979188e-14
3506.0 4.8072555e-14
3508.0 5.167911e-14
3510.0 5.385535e-14
3512.0 5.3815157e-14
3514.0 5.33491e-14
3516.0 5.4384665e-14
3518.0 5.666812e-14
3520.0 5.592737e-14
3522.0 5.4663637e-14
3524.0 5.526033e-14
3526.0 5.4894115e-14
3528.0 5.3023127e-14
3530.0 5.0070852e-14
3532.0 4.7742958e-14
3534.0 4.7950677e-14
3536.0 5.087092e-14
3538.0 5.259292e-14
3540.0 5.2568667e-14
3542.0 5.240823e-14
3544.0 5.2273635e-14
3546.0 5.2619137e-14
3548.0 5.3267042e-14
3550.0 5.267926e-14
3552.0 5.1505434e-14
3554.0 5.2504066e-14
3556.0 5.246315e-14
3558.0 5.2805498e-14
3560.0 5.3636064e-14
3562.0 5.178157e-14
3564.0 5.13249e-14
3566.0 5.0223033e-14
3568.0 4.7953727e-14
3570.0 4.608341e-14
3572.0 4.6075828e-14
3574.0 4.7778194e-14
3576.0 4.9763602e-14
3578.0 4.9915733e-14
3580.0 5.2425265e-14
3582.0 5.4955508e-14
3584.0 5.526556e-14
3586.0 5.4049765e-14
3588.0 5.1831854e-14
3590.0 5.0979166e-14
3592.0 4.994007e-14
3594.0 4.8603384e-14
3596.0 4.8213264e-14
3598.0 4.9535415e-14
3600.0 5.053934e-14
3602.0 4.9254915e-14
3604.0 4.8148192e-14
3606.0 4.8609252e-14
3608.0 4.8132017e-14
3610.0 4.6999002e-14
3612.0 4.6012124e-14
3614.0 4.3954996e-14
3616.0 4.2814686e-14
3618.0 4.3810645e-14
3620.0 4.6498965e-14
3622.0 4.9467256e-14
3624.0 5.0606183e-14
3626.0 5.0282732e-14
3628.0 4.995455e-14
3630.0 4.9730724e-14
3632.0 4.857607e-14
3634.0 4.8993758e-14
3636.0 4.9444454e-14
3638.0 4.974678e-14
3640.0 4.9229287e-14
3642.0 4.98982e-14
3644.0 5.0619526e-14
3646.0 5.1104364e-14
3648.0 5.154526e-14
3650.0 5.119905e-14
3652.0 5.084288e-14
3654.0 5.128153e-14
3656.0 5.1238636e-14
3658.0 5.038796e-14
3660.0 5.0186763e-14
3662.0 4.919611e-14
3664.0 4.798596e-14
3666.0 4.732969e-14
3668.0 4.695083e-14
3670.0 4.8036357e-14
3672.0 4.8161416e-14
3674.0 4.838476e-14
3676.0 4.870017e-14
3678.0 4.7622334e-14
3680.0 4.645457e-14
3682.0 4.6085545e-14
3684.0 4.5454268e-14
3686.0 4.489992e-14
3688.0 4.441509e-14
3690.0 4.478569e-14
3692.0 4.6133026e-14
3694.0 4.7317744e-14
3696.0 4.8910342e-14
3698.0 4.884905e-14
3700.0 4.9220637e-14
3702.0 5.0468025e-14
3704.0 4.9581663e-14
3706.0 4.6645315e-14
3708.0 4.3587255e-14
3710.0 4.3397005e-14
3712.0 4.4501004e-14
3714.0 4.5405984e-14
3716.0 4.514104e-14
3718.0 4.4339668e-14
3720.0 4.478461e-14
3722.0 4.7276202e-14
3724.0 5.138173e-14
3726.0 5.6576116e-14
3728.0 6.141424e-14
3730.0 6.434214e-14
3732.0 6.3064734e-14
3734.0 5.6941546e-14
3736.0 5.0294773e-14
3738.0 4.645508e-14
3740.0 4.484385e-14
3742.0 4.4280514e-14
3744.0 4.474519e-14
3746.0 4.5338136e-14
3748.0 4.6139308e-14
3750.0 4.6420306e-14
3752.0 4.7104597e-14
3754.0 4.7804327e-14
3756.0 4.878752e-14
3758.0 4.9942262e-14
3760.0 5.1778616e-14
3762.0 5.2015314e-14
3764.0 5.022943e-14
3766.0 4.7718743e-14
3768.0 4.5648218e-14
3770.0 4.552709e-14
3772.0 4.556039e-14
3774.0 4.506844e-14
3776.0 4.3680388e-14
3778.0 4.3213856e-14
3780.0 4.416058e-14
3782.0 4.4917666e-14
3784.0 4.4702276e-14
3786.0 4.4517328e-14
3788.0 4.417814e-14
3790.0 4.4235415e-14
3792.0 4.3404347e-14
3794.0 4.236689e-14
3796.0 4.2363723e-14
3798.0 4.245536e-14
3800.0 4.2473827e-14
3802.0 4.2161597e-14
3804.0 4.085302e-14
3806.0 4.0164442e-14
3808.0 4.096855e-14
3810.0 4.1591103e-14
3812.0 4.2230444e-14
3814.0 4.1557137e-14
3816.0 4.1289346e-14
3818.0 4.145333e-14
3820.0 4.1161793e-14
3822.0 4.0694722e-14
3824.0 4.0576934e-14
3826.0 4.0779615e-14
3828.0 4.0768424e-14
3830.0 4.0962795e-14
3832.0 4.128391e-14
3834.0 4.1530872e-14
3836.0 4.225354e-14
3838.0 4.2439888e-14
3840.0 4.1990483e-14
3842.0 4.213975e-14
3844.0 4.2625568e-14
3846.0 4.306021e-14
3848.0 4.3887674e-14
3850.0 4.4418997e-14
3852.0 4.4258146e-14
3854.0 4.4161838e-14
3856.0 4.391274e-14
3858.0 4.349537e-14
3860.0 4.4016525e-14
3862.0 4.66617e-14
3864.0 5.241985e-14
3866.0 5.8779655e-14
3868.0 6.463812e-14
3870.0 6.774129e-14
3872.0 6.7890355e-14
3874.0 6.2886755e-14
3876.0 5.645561e-14
3878.0 4.959996e-14
3880.0 4.4581797e-14
3882.0 4.2320395e-14
3884.0 4.2679137e-14
3886.0 4.2475694e-14
3888.0 4.2006068e-14
3890.0 4.2382893e-14
3892.0 4.332654e-14
3894.0 4.3224484e-14
3896.0 4.207771e-14
3898.0 4.0772453e-14
3900.0 4.0796542e-14
3902.0 4.090446e-14
3904.0 4.0715993e-14
3906.0 3.993745e-14
3908.0 3.885962e-14
3910.0 3.7951786e-14
3912.0 3.7723127e-14
3914.0 3.8188538e-14
3916.0 3.8147972e-14
3918.0 3.7683967e-14
3920.0 3.640444e-14
3922.0 3.4811313e-14
3924.0 3.4130905e-14
3926.0 3.4250587e-14
3928.0 3.5031938e-14
3930.0 3.552322e-14
3932.0 3.6383985e-14
3934.0 3.6091623e-14
3936.0 3.5269754e-14
3938.0 3.4175682e-14
3940.0 3.4145297e-14
3942.0 3.538083e-14
3944.0 3.6740054e-14
3946.0 3.7329487e-14
3948.0 3.7540422e-14
3950.0 3.7984386e-14
3952.0 3.781154e-14
3954.0 3.7043844e-14
3956.0 3.667581e-14
3958.0 3.7067686e-14
3960.0 3.7732987e-14
3962.0 3.9135877e-14
3964.0 4.1042924e-14
3966.0 4.25916e-14
3968.0 4.3224196e-14
3970.0 4.3413495e-14
3972.0 4.2799264e-14
3974.0 4.133934e-14
3976.0 3.9513504e-14
3978.0 3.7243517e-14
3980.0 3.5456044e-14
3982.0 3.462727e-14
3984.0 3.4753725e-14
3986.0 3.521651e-14
3988.0 3.5896636e-14
3990.0 3.610415e-14
3992.0 3.5855274e-14
3994.0 3.5466086e-14
3996.0 3.5272153e-14
3998.0 3.5197333e-14
4000.0 3.5357842e-14
4002.0 3.533611e-14
4004.0 3.5113033e-14
4006.0 3.438223e-14
4008.0 3.283099e-14
4010.0 3.2469287e-14
4012.0 3.2547448e-14
4014.0 3.318667e-14
4016.0 3.3527055e-14
4018.0 3.4543494e-14
4020.0 3.4700948e-14
4022.0 3.456771e-14
4024.0 3.4542817e-14
4026.0 3.4773416e-14
4028.0 3.4565883e-14
4030.0 3.369304e-14
4032.0 3.3506153e-14
4034.0 3.2755526e-14
4036.0 3.1850875e-14
4038.0 3.159099e-14
4040.0 3.2669898e-14
4042.0 3.3868626e-14
4044.0 3.4500367e-14
4046.0 3.478831e-14
4048.0 3.5090834e-14
4050.0 3.4830886e-14
4052.0 3.4831882e-14
4054.0 3.4619585e-14
4056.0 3.4059554e-14
4058.0 3.437717e-14
4060.0 3.5603576e-14
4062.0 3.643323e-14
4064.0 3.654541e-14
4066.0 3.6508672e-14
4068.0 3.7331534e-14
4070.0 3.8299055e-14
4072.0 3.8569893e-14
4074.0 3.764584e-14
4076.0 3.6022106e-14
4078.0 3.5155696e-14
4080.0 3.5416826e-14
4082.0 3.595912e-14
4084.0 3.564473e-14
4086.0 3.547598e-14
4088.0 3.631143e-14
4090.0 3.6561784e-14
4092.0 3.5752126e-14
4094.0 3.5399797e-14
4096.0 3.58815e-14
4098.0 3.7440313e-14
4100.0 3.8699695e-14
4102.0 3.9745324e-14
4104.0 3.9591408e-14
4106.0 3.9171903e-14
4108.0 3.836151e-14
4110.0 3.705271e-14
4112.0 3.5986374e-14
4114.0 3.553648e-14
4116.0 3.4892587e-14
4118.0 3.4395067e-14
4120.0 3.4616624e-14
4122.0 3.496108e-14
4124.0 3.489581e-14
4126.0 3.429702e-14
4128.0 3.28833e-14
4130.0 3.1942144e-14
4132.0 3.1368056e-14
4134.0 3.137564e-14
4136.0 3.1020356e-14
4138.0 3.1302618e-14
4140.0 3.1645632e-14
4142.0 3.1994227e-14
4144.0 3.234702e-14
4146.0 3.2710525e-14
4148.0 3.3155932e-14
4150.0 3.287601e-14
4152.0 3.251459e-14
4154.0 3.2214394e-14
4156.0 3.1512282e-14
4158.0 3.0883804e-14
4160.0 3.0888757e-14
4162.0 3.0723837e-14
4164.0 3.0502463e-14
4166.0 3.059134e-14
4168.0 3.106705e-14
4170.0 3.1404444e-14
4172.0 3.114294e-14
4174.0 3.0618967e-14
4176.0 3.047462e-14
4178.0 3.0392613e-14
4180.0 3.0296793e-14
4182.0 3.002044e-14
4184.0 3.0073417e-14
4186.0 3.070313e-14
4188.0 3.0986386e-14
4190.0 3.0657382e-14
4192.0 3.0352396e-14
4194.0 3.0266676e-14
4196.0 3.03444e-14
4198.0 3.0673343e-14
4200.0 3.096135e-14
4202.0 3.0656775e-14
4204.0 3.009522e-14
4206.0 2.9596476e-14
4208.0 2.9739283e-14
4210.0 3.0137016e-14
4212.0 3.0285355e-14
4214.0 3.0286347e-14
4216.0 3.0158266e-14
4218.0 3.0284823e-14
4220.0 3.0391413e-14
4222.0 3.0076785e-14
4224.0 3.024103e-14
4226.0 3.005269e-14
4228.0 2.9648193e-14
4230.0 2.9241434e-14
4232.0 2.9079363e-14
4234.0 2.9203833e-14
4236.0 2.949682e-14
4238.0 2.9499928e-14
4240.0 2.947073e-14
4242.0 2.9961625e-14
4244.0 3.0255373e-14
4246.0 3.0788804e-14
4248.0 3.1011777e-14
4250.0 3.113063e-14
4252.0 3.0926562e-14
4254.0 3.058503e-14
4256.0 3.0531882e-14
4258.0 3.0445115e-14
4260.0 3.0451936e-14
4262.0 3.0747726e-14
4264.0 3.147535e-14
4266.0 3.215757e-14
4268.0 3.2106838e-14
4270.0 3.1801954e-14
4272.0 3.242198e-14
4274.0 3.3066428e-14
4276.0 3.34295e-14
4278.0 3.351204e-14
4280.0 3.3363134e-14
4282.0 3.374791e-14
4284.0 3.4154896e-14
4286.0 3.437234e-14
4288.0 3.4376944e-14
4290.0 3.3946285e-14
4292.0 3.3087346e-14
4294.0 3.2576338e-14
4296.0 3.2189078e-14
4298.0 3.194705e-14
4300.0 3.2131876e-14
4302.0 3.252366e-14
4304.0 3.257748e-14
4306.0 3.2643078e-14
4308.0 3.2950744e-14
4310.0 3.3225755e-14
4312.0 3.3417537e-14
4314.0 3.3985144e-14
4316.0 3.523507e-14
4318.0 3.6760064e-14
4320.0 3.7855654e-14
4322.0 3.8362353e-14
4324.0 3.843681e-14
4326.0 3.8774383e-14
4328.0 3.8987402e-14
4330.0 3.9040514e-14
4332.0 3.975397e-14
4334.0 4.1322187e-14
4336.0 4.2886383e-14
4338.0 4.436168e-14
4340.0 4.6290727e-14
4342.0 4.7302474e-14
4344.0 4.673369e-14
4346.0 4.5662957e-14
4348.0 4.419405e-14
4350.0 4.330961e-14
4352.0 4.3005872e-14
4354.0 4.3323025e-14
4356.0 4.4765434e-14
4358.0 4.6467015e-14
4360.0 4.9416116e-14
4362.0 5.1504638e-14
4364.0 5.297518e-14
4366.0 5.160109e-14
4368.0 4.893204e-14
4370.0 4.6422955e-14
4372.0 4.3717806e-14
4374.0 4.1068894e-14
4376.0 3.913476e-14
4378.0 3.770715e-14
4380.0 3.7350477e-14
4382.0 3.6456284e-14
4384.0 3.543433e-14
4386.0 3.482515e-14
4388.0 3.456125e-14
4390.0 3.475998e-14
4392.0 3.4110752e-14
4394.0 3.3293677e-14
4396.0 3.2910896e-14
4398.0 3.2460945e-14
4400.0 3.2808144e-14
4402.0 3.3192646e-14
4404.0 3.3447857e-14
4406.0 3.3521237e-14
4408.0 3.3306986e-14
4410.0 3.3075285e-14
4412.0 3.294379e-14
4414.0 3.2910896e-14
4416.0 3.3146466e-14
4418.0 3.325006e-14
4420.0 3.29726e-14
4422.0 3.2968762e-14
4424.0 3.289298e-14
4426.0 3.2386898e-14
4428.0 3.192349e-14
4430.0 3.148565e-14
4432.0 3.117907e-14
4434.0 3.127143e-14
4436.0 3.116394e-14
4438.0 3.1139723e-14
4440.0 3.164285e-14
4442.0 3.164167e-14
4444.0 3.1448338e-14
4446.0 3.1431353e-14
4448.0 3.1792457e-14
4450.0 3.195133e-14
4452.0 3.165578e-14
4454.0 3.176461e-14
4456.0 3.1645002e-14
4458.0 3.148254e-14
4460.0 3.1410723e-14
4462.0 3.1449995e-14
4464.0 3.1348293e-14
4466.0 3.1374327e-14
4468.0 3.1843394e-14
4470.0 3.2433515e-14
4472.0 3.2969273e-14
4474.0 3.3151853e-14
4476.0 3.2930127e-14
4478.0 3.301317e-14
4480.0 3.3305376e-14
4482.0 3.3459394e-14
4484.0 3.3092286e-14
4486.0 3.2271745e-14
4488.0 3.2071534e-14
4490.0 3.189091e-14
4492.0 3.209006e-14
4494.0 3.200934e-14
4496.0 3.2267564e-14
4498.0 3.2726765e-14
4500.0 3.3112056e-14
4502.0 3.289045e-14
4504.0 3.285313e-14
4506.0 3.297043e-14
4508.0 3.312762e-14
4510.0 3.331064e-14
4512.0 3.341563e-14
4514.0 3.3563e-14
4516.0 3.3783133e-14
4518.0 3.359176e-14
4520.0 3.3382114e-14
4522.0 3.341203e-14
4524.0 3.3169766e-14
4526.0 3.2795828e-14
4528.0 3.2741357e-14
4530.0 3.2434294e-14
4532.0 3.232352e-14
4534.0 3.270801e-14
4536.0 3.308785e-14
4538.0 3.3047407e-14
4540.0 3.2883662e-14
4542.0 3.2836543e-14
4544.0 3.2982013e-14
4546.0 3.3093882e-14
4548.0 3.3259186e-14
4550.0 3.3425536e-14
4552.0 3.366427e-14
4554.0 3.3812e-14
4556.0 3.3831235e-14
4558.0 3.378187e-14
4560.0 3.3793443e-14
4562.0 3.3760213e-14
4564.0 3.3318834e-14
4566.0 3.3298356e-14
4568.0 3.3552832e-14
4570.0 3.4109705e-14
4572.0 3.46186e-14
4574.0 3.446039e-14
4576.0 3.4610244e-14
4578.0 3.480719e-14
4580.0 3.433538e-14
4582.0 3.3923405e-14
4584.0 3.3411225e-14
4586.0 3.310573e-14
4588.0 3.2928463e-14
4590.0 3.299962e-14
4592.0 3.308785e-14
4594.0 3.3561085e-14
4596.0 3.3728943e-14
4598.0 3.3825214e-14
4600.0 3.305786e-14
4602.0 3.281326e-14
4604.0 3.273309e-14
4606.0 3.284296e-14
4608.0 3.2949294e-14
4610.0 3.3127984e-14
4612.0 3.292318e-14
4614.0 3.2884235e-14
4616.0 3.3352217e-14
4618.0 3.3709028e-14
4620.0 3.359294e-14
4622.0 3.3769706e-14
4624.0 3.4099517e-14
4626.0 3.4394542e-14
4628.0 3.4675814e-14
4630.0 3.4586764e-14
4632.0 3.404228e-14
4634.0 3.3471588e-14
4636.0 3.324495e-14
4638.0 3.2866406e-14
4640.0 3.2401975e-14
4642.0 3.2262248e-14
4644.0 3.242646e-14
4646.0 3.2806345e-14
4648.0 3.2984405e-14
4650.0 3.287529e-14
4652.0 3.216781e-14
4654.0 3.1714015e-14
4656.0 3.220944e-14
4658.0 3.2789276e-14
4660.0 3.3282567e-14
4662.0 3.3518293e-14
4664.0 3.3478425e-14
4666.0 3.3218098e-14
4668.0 3.2587712e-14
4670.0 3.168513e-14
4672.0 3.175046e-14
4674.0 3.2211497e-14
4676.0 3.299324e-14
4678.0 3.3783723e-14
4680.0 3.439356e-14
4682.0 3.5042478e-14
4684.0 3.5691407e-14
4686.0 3.6044738e-14
4688.0 3.626362e-14
4690.0 3.5696113e-14
4692.0 3.486471e-14
4694.0 3.40612e-14
4696.0 3.3089447e-14
4698.0 3.2673124e-14
4700.0 3.2343967e-14
4702.0 3.1780453e-14
4704.0 3.202551e-14
4706.0 3.216894e-14
4708.0 3.1529033e-14
4710.0 3.117749e-14
4712.0 3.139293e-14
4714.0 3.180147e-14
4716.0 3.1916127e-14
4718.0 3.1690484e-14
4720.0 3.183857e-14
4722.0 3.2047315e-14
4724.0 3.233985e-14
4726.0 3.2573404e-14
4728.0 3.2568898e-14
4730.0 3.228741e-14
4732.0 3.2066462e-14
4734.0 3.201946e-14
4736.0 3.2123552e-14
4738.0 3.2429026e-14
4740.0 3.270758e-14
4742.0 3.2942927e-14
4744.0 3.305343e-14
4746.0 3.261463e-14
4748.0 3.2196573e-14
4750.0 3.2531303e-14
4752.0 3.3068312e-14
4754.0 3.338856e-14
4756.0 3.319775e-14
4758.0 3.268231e-14
4760.0 3.215291e-14
4762.0 3.162451e-14
4764.0 3.137743e-14
4766.0 3.153111e-14
4768.0 3.19237e-14
4770.0 3.2327565e-14
4772.0 3.287623e-14
4774.0 3.3590725e-14
4776.0 3.4211346e-14
4778.0 3.4440038e-14
4780.0 3.449514e-14
4782.0 3.459527e-14
4784.0 3.4420454e-14
4786.0 3.4024568e-14
4788.0 3.436336e-14
4790.0 3.5064182e-14
4792.0 3.5792732e-14
4794.0 3.6019886e-14
4796.0 3.6096855e-14
4798.0 3.6568127e-14
4800.0 3.7279106e-14
4802.0 3.7624682e-14
4804.0 3.771228e-14
4806.0 3.8089964e-14
4808.0 3.8634226e-14
4810.0 3.8767058e-14
4812.0 3.9219157e-14
4814.0 3.976794e-14
4816.0 4.0356028e-14
4818.0 4.056268e-14
4820.0 4.1112746e-14
4822.0 4.1866738e-14
4824.0 4.2663677e-14
4826.0 4.3435524e-14
4828.0 4.40945e-14
4830.0 4.4428064e-14
4832.0 4.4854582e-14
4834.0 4.5733403e-14
4836.0 4.620359e-14
4838.0 4.6801267e-14
4840.0 4.828478e-14
4842.0 4.953922e-14
4844.0 5.027015e-14
4846.0 5.139945e-14
4848.0 5.301871e-14
4850.0 5.4351004e-14
4852.0 5.567642e-14
4854.0 5.724683e-14
4856.0 5.928144e-14
4858.0 6.2283024e-14
4860.0 6.539996e-14
4862.0 6.730004e-14
4864.0 6.684889e-14
4866.0 6.452283e-14
4868.0 6.0894405e-14
4870.0 5.7515346e-14
4872.0 5.497325e-14
4874.0 5.3627353e-14
4876.0 5.3236753e-14
4878.0 5.2125425e-14
4880.0 5.081699e-14
4882.0 5.0145787e-14
4884.0 5.0131032e-14
4886.0 5.0137744e-14
4888.0 4.9382167e-14
4890.0 4.8398043e-14
4892.0 4.7712038e-14
4894.0 4.7196537e-14
4896.0 4.670527e-14
4898.0 4.630221e-14
4900.0 4.5280125e-14
4902.0 4.4747544e-14
4904.0 4.4436358e-14
4906.0 4.382989e-14
4908.0 4.3638582e-14
4910.0 4.26902e-14
4912.0 4.1568006e-14
4914.0 4.133907e-14
4916.0 4.0375265e-14
4918.0 3.9003845e-14
4920.0 3.8072406e-14
4922.0 3.7253986e-14
4924.0 3.638782e-14
4926.0 3.6229314e-14
4928.0 3.6710777e-14
4930.0 3.7025382e-14
4932.0 3.6938575e-14
4934.0 3.6969488e-14
4936.0 3.7594124e-14
4938.0 3.7657747e-14
4940.0 3.7253983e-14
4942.0 3.7719736e-14
4944.0 3.7757107e-14
4946.0 3.8426934e-14
4948.0 4.068668e-14
4950.0 4.440885e-14
4952.0 4.887534e-14
4954.0 5.612138e-14
4956.0 6.7062526e-14
4958.0 7.602621e-14
4960.0 8.163667e-14
4962.0 7.979254e-14
4964.0 7.1641796e-14
4966.0 6.039183e-14
4968.0 5.109909e-14
4970.0 4.4970074e-14
4972.0 4.0417576e-14
4974.0 3.831218e-14
4976.0 3.677686e-14
4978.0 3.566203e-14
4980.0 3.484642e-14
4982.0 3.4321128e-14
4984.0 3.4328365e-14
4986.0 3.5058253e-14
4988.0 3.6589418e-14
4990.0 3.8825758e-14
4992.0 4.1773524e-14
4994.0 4.5748368e-14
4996.0 5.137057e-14
4998.0 6.2186537e-14
5000.0 7.9386543e-14
5002.0 1.05157e-13
5004.0 1.3792582e-13
5006.0 1.6470481e-13
5008.0 1.7941414e-13
5010.0 1.7192317e-13
5012.0 1.470407e-13
5014.0 1.07913156e-13
5016.0 7.820959e-14
5018.0 5.778905e-14
5020.0 4.5491012e-14
5022.0 3.962124e-14
5024.0 3.643563e-14
5026.0 3.5194863e-14
5028.0 3.4276845e-14
5030.0 3.3402717e-14
5032.0 3.271836e-14
5034.0 3.219721e-14
5036.0 3.2176498e-14
5038.0 3.16612e-14
5040.0 3.1473556e-14
5042.0 3.1913887e-14
5044.0 3.1716447e-14
5046.0 3.096516e-14
5048.0 3.048191e-14
5050.0 3.0074277e-14
5052.0 2.9873327e-14
5054.0 2.976457e-14
5056.0 3.0260625e-14
5058.0 3.1229224e-14
5060.0 3.148849e-14
5062.0 3.0798003e-14
5064.0 3.0127353e-14
5066.0 2.950427e-14
5068.0 2.9446728e-14
5070.0 2.9080704e-14
5072.0 2.8395528e-14
5074.0 2.7676674e-14
5076.0 2.7986465e-14
5078.0 2.8219858e-14
5080.0 2.8299913e-14
5082.0 2.8499098e-14
5084.0 2.7938203e-14
5086.0 2.742783e-14
5088.0 2.7345319e-14
5090.0 2.7673696e-14
5092.0 2.7964844e-14
5094.0 2.7955814e-14
5096.0 2.7811007e-14
5098.0 2.7830924e-14
5100.0 2.7849813e-14
5102.0 2.7573789e-14
5104.0 2.7525391e-14
5106.0 2.7520556e-14
5108.0 2.7408805e-14
5110.0 2.7440601e-14
5112.0 2.7630037e-14
5114.0 2.7586327e-14
5116.0 2.750334e-14
5118.0 2.782109e-14
5120.0 2.8413866e-14
5122.0 2.8921496e-14
5124.0 2.8896546e-14
5126.0 2.876922e-14
5128.0 2.877756e-14
5130.0 2.8634345e-14
5132.0 2.8651452e-14
5134.0 2.876322e-14
5136.0 2.874769e-14
5138.0 2.916006e-14
5140.0 3.000587e-14
5142.0 3.0322417e-14
5144.0 2.9523906e-14
5146.0 2.9465098e-14
5148.0 3.0522768e-14
5150.0 3.0648566e-14
5152.0 3.0970733e-14
5154.0 3.0915493e-14
5156.0 3.1060095e-14
5158.0 3.1029212e-14
5160.0 3.0630737e-14
5162.0 2.9885796e-14
5164.0 2.911751e-14
5166.0 2.8213355e-14
5168.0 2.8155736e-14
5170.0 2.7927713e-14
5172.0 2.7772133e-14
5174.0 2.7457418e-14
5176.0 2.742307e-14
5178.0 2.7607414e-14
5180.0 2.8143556e-14
5182.0 2.8157898e-14
5184.0 2.8145843e-14
5186.0 2.8106191e-14
5188.0 2.8243417e-14
5190.0 2.805994e-14
5192.0 2.7587053e-14
5194.0 2.7595292e-14
5196.0 2.8006812e-14
5198.0 2.9107793e-14
5200.0 2.9722373e-14
5202.0 2.946128e-14
5204.0 2.9304687e-14
5206.0 2.9171462e-14
5208.0 2.85011e-14
5210.0 2.797135e-14
5212.0 2.8123478e-14
5214.0 2.8881706e-14
5216.0 2.970711e-14
5218.0 3.0509568e-14
5220.0 3.1013613e-14
5222.0 3.0884014e-14
5224.0 3.0219584e-14
5226.0 2.9464712e-14
5228.0 2.888494e-14
5230.0 2.9081917e-14
5232.0 2.9429343e-14
5234.0 2.9464065e-14
5236.0 2.9871362e-14
5238.0 3.0569185e-14
5240.0 3.060223e-14
5242.0 3.001536e-14
5244.0 2.947487e-14
5246.0 2.9426236e-14
5248.0 2.9529354e-14
5250.0 2.9661742e-14
5252.0 2.9486264e-14
5254.0 2.900978e-14
5256.0 2.8455764e-14
5258.0 2.7935382e-14
5260.0 2.7997898e-14
5262.0 2.874201e-14
5264.0 2.9155264e-14
5266.0 2.8111006e-14
5268.0 2.802761e-14
5270.0 2.8308055e-14
5272.0 2.8399519e-14
5274.0 2.8443454e-14
5276.0 2.9085177e-14
5278.0 3.0047013e-14
5280.0 3.038908e-14
5282.0 2.9946037e-14
5284.0 2.978078e-14
5286.0 3.0472474e-14
5288.0 3.063168e-14
5290.0 3.096659e-14
5292.0 3.106903e-14
5294.0 3.0845382e-14
5296.0 3.0322353e-14
5298.0 2.957166e-14
5300.0 2.935763e-14
5302.0 2.91978e-14
5304.0 2.9778883e-14
5306.0 3.0713245e-14
5308.0 3.0986722e-14
5310.0 3.111587e-14
5312.0 3.15064e-14
5314.0 3.1329028e-14
5316.0 3.0558245e-14
5318.0 2.997176e-14
5320.0 2.9308804e-14
5322.0 2.8808417e-14
5324.0 2.8610147e-14
5326.0 2.8415487e-14
5328.0 2.7977251e-14
5330.0 2.754323e-14
5332.0 2.7883716e-14
5334.0 2.8726987e-14
5336.0 2.9136507e-14
5338.0 2.8656988e-14
5340.0 2.80899e-14
5342.0 2.7693393e-14
5344.0 2.7324609e-14
5346.0 2.71934e-14
5348.0 2.732641e-14
5350.0 2.7660755e-14
5352.0 2.7962692e-14
5354.0 2.8429966e-14
5356.0 2.881968e-14
5358.0 2.8779584e-14
5360.0 2.87263e-14
5362.0 2.8521134e-14
5364.0 2.8379758e-14
5366.0 2.8702274e-14
5368.0 2.8382561e-14
5370.0 2.7682932e-14
5372.0 2.7634101e-14
5374.0 2.7455367e-14
5376.0 2.6955943e-14
5378.0 2.663158e-14
5380.0 2.6845185e-14
5382.0 2.6629708e-14
5384.0 2.6175348e-14
5386.0 2.6345635e-14
5388.0 2.6987037e-14
5390.0 2.740495e-14
5392.0 2.7384557e-14
5394.0 2.8100145e-14
5396.0 2.871305e-14
5398.0 2.9161278e-14
5400.0 2.8417484e-14
5402.0 2.7684635e-14
5404.0 2.6934586e-14
5406.0 2.6270247e-14
5408.0 2.6172188e-14
5410.0 2.622523e-14
5412.0 2.5849421e-14
5414.0 2.5656357e-14
5416.0 2.6111397e-14
5418.0 2.6791476e-14
5420.0 2.7423974e-14
5422.0 2.7491987e-14
5424.0 2.7248274e-14
5426.0 2.691714e-14
5428.0 2.6314932e-14
5430.0 2.5759947e-14
5432.0 2.5632928e-14
5434.0 2.6018728e-14
5436.0 2.6417411e-14
5438.0 2.6940439e-14
5440.0 2.7498327e-14
5442.0 2.7960542e-14
5444.0 2.7762013e-14
5446.0 2.7641324e-14
5448.0 2.7981428e-14
5450.0 2.8111624e-14
5452.0 2.7473217e-14
5454.0 2.6376779e-14
5456.0 2.5873953e-14
5458.0 2.59948e-14
5460.0 2.6385874e-14
5462.0 2.7152168e-14
5464.0 2.7837402e-14
5466.0 2.8003802e-14
5468.0 2.7827013e-14
5470.0 2.767163e-14
5472.0 2.79444e-14
5474.0 2.8375209e-14
5476.0 2.8378384e-14
5478.0 2.844183e-14
5480.0 2.8581077e-14
5482.0 2.8577872e-14
5484.0 2.7760612e-14
5486.0 2.6538408e-14
5488.0 2.5584681e-14
5490.0 2.5487333e-14
5492.0 2.5386457e-14
5494.0 2.611994e-14
5496.0 2.737608e-14
5498.0 2.7796721e-14
5500.0 2.7586811e-14
5502.0 2.7201345e-14
5504.0 2.6759314e-14
5506.0 2.6025699e-14
5508.0 2.6196337e-14
5510.0 2.6624095e-14
5512.0 2.5841418e-14
5514.0 2.628623e-14
5516.0 2.6872905e-14
5518.0 2.7425597e-14
5520.0 2.6960383e-14
5522.0 2.686376e-14
5524.0 2.6881404e-14
5526.0 2.7048738e-14
5528.0 2.673899e-14
5530.0 2.6852142e-14
5532.0 2.7082796e-14
5534.0 2.6915253e-14
5536.0 2.6760137e-14
5538.0 2.730128e-14
5540.0 2.7324788e-14
5542.0 2.7333433e-14
5544.0 2.8087558e-14
5546.0 2.8651896e-14
5548.0 2.9213194e-14
5550.0 2.9296454e-14
5552.0 2.875785e-14
5554.0 2.8157467e-14
5556.0 2.8244905e-14
5558.0 2.888253e-14
5560.0 2.8962615e-14
5562.0 2.8277055e-14
5564.0 2.728162e-14
5566.0 2.6590207e-14
5568.0 2.6555311e-14
5570.0 2.679036e-14
5572.0 2.7066147e-14
5574.0 2.6970568e-14
5576.0 2.6449739e-14
5578.0 2.6108127e-14
5580.0 2.6557763e-14
5582.0 2.7205643e-14
5584.0 2.6544237e-14
5586.0 2.5260283e-14
5588.0 2.458552e-14
5590.0 2.5557557e-14
5592.0 2.6169373e-14
5594.0 2.64966e-14
5596.0 2.6664704e-14
5598.0 2.6844415e-14
5600.0 2.7155507e-14
5602.0 2.7487156e-14
5604.0 2.7851467e-14
5606.0 2.8434462e-14
5608.0 2.8733424e-14
5610.0 2.7755183e-14
5612.0 2.6745392e-14
5614.0 2.6300895e-14
5616.0 2.6438189e-14
5618.0 2.6230584e-14
5620.0 2.5910341e-14
5622.0 2.5603843e-14
5624.0 2.5439022e-14
5626.0 2.6143641e-14
5628.0 2.6276534e-14
5630.0 2.6257327e-14
5632.0 2.5945358e-14
5634.0 2.5823665e-14
5636.0 2.6494911e-14
5638.0 2.6071632e-14
5640.0 2.5954814e-14
5642.0 2.6656388e-14
5644.0 2.7227039e-14
5646.0 2.7966194e-14
5648.0 2.8397894e-14
5650.0 2.7926366e-14
5652.0 2.6939315e-14
5654.0 2.6668273e-14
5656.0 2.6755906e-14
5658.0 2.6741047e-14
5660.0 2.6457818e-14
5662.0 2.6189781e-14
5664.0 2.5882532e-14
5666.0 2.539716e-14
5668.0 2.5705868e-14
5670.0 2.6632867e-14
5672.0 2.733499e-14
5674.0 2.7522132e-14
5676.0 2.7341476e-14
5678.0 2.6890497e-14
5680.0 2.6440223e-14
5682.0 2.6309558e-14
5684.0 2.6419093e-14
5686.0 2.6434299e-14
5688.0 2.6027303e-14
5690.0 2.5968841e-14
5692.0 2.6278553e-14
5694.0 2.6449508e-14
5696.0 2.6472988e-14
5698.0 2.6509634e-14
5700.0 2.6618837e-14
5702.0 2.662573e-14
5704.0 2.676043e-14
5706.0 2.6885652e-14
5708.0 2.7198e-14
5710.0 2.812644e-14
5712.0 2.993302e-14
5714.0 3.0710006e-14
5716.0 3.091964e-14
5718.0 3.0944838e-14
5720.0 2.9669555e-14
5722.0 2.7729235e-14
5724.0 2.8301527e-14
5726.0 2.8405194e-14
5728.0 2.7768046e-14
5730.0 2.7609657e-14
5732.0 2.7791658e-14
5734.0 2.750008e-14
5736.0 2.8298791e-14
5738.0 2.89859e-14
5740.0 2.798192e-14
5742.0 2.7612873e-14
5744.0 2.8461825e-14
5746.0 2.86966e-14
5748.0 2.8552783e-14
5750.0 2.8378387e-14
5752.0 2.8436956e-14
5754.0 2.8586915e-14
5756.0 2.8162658e-14
5758.0 2.8212735e-14
5760.0 2.8586095e-14
5762.0 2.7718335e-14
5764.0 2.6830273e-14
5766.0 2.6858097e-14
5768.0 2.7554417e-14
5770.0 2.8714248e-14
5772.0 2.9909953e-14
5774.0 2.988081e-14
5776.0 2.882981e-14
5778.0 2.8031366e-14
5780.0 2.7523279e-14
5782.0 2.6815139e-14
5784.0 2.583126e-14
5786.0 2.5776129e-14
5788.0 2.6538701e-14
5790.0 2.7186593e-14
5792.0 2.7041435e-14
5794.0 2.6674248e-14
5796.0 2.736262e-14
5798.0 2.785905e-14
5800.0 2.7471713e-14
5802.0 2.8078248e-14
5804.0 2.8958925e-14
5806.0 2.7906319e-14
5808.0 2.6488221e-14
5810.0 2.7554056e-14
5812.0 2.8634786e-14
5814.0 2.8140652e-14
5816.0 2.8142629e-14
5818.0 2.7740376e-14
5820.0 2.7295882e-14
5822.0 2.7165587e-14
5824.0 2.6815313e-14
5826.0 2.8328078e-14
5828.0 2.9979657e-14
5830.0 2.9767377e-14
5832.0 3.0696657e-14
5834.0 3.111471e-14
5836.0 3.10051e-14
5838.0 3.0242024e-14
5840.0 2.953227e-14
5842.0 2.7905768e-14
5844.0 2.7291327e-14
5846.0 2.886427e-14
5848.0 2.914489e-14
5850.0 2.8964204e-14
5852.0 2.9071255e-14
5854.0 2.9063086e-14
5856.0 2.885292e-14
5858.0 2.8817277e-14
5860.0 2.8897115e-14
5862.0 2.910728e-14
5864.0 2.9623327e-14
5866.0 2.992546e-14
5868.0 3.0349394e-14
5870.0 3.1100566e-14
5872.0 3.2058296e-14
5874.0 3.2506878e-14
5876.0 3.2286843e-14
5878.0 3.1901063e-14
5880.0 3.136992e-14
5882.0 3.1062277e-14
5884.0 3.065321e-14
5886.0 3.026953e-14
5888.0 2.9886324e-14
5890.0 2.9091116e-14
5892.0 2.8260976e-14
5894.0 2.771815e-14
5896.0 2.7709573e-14
5898.0 2.8051068e-14
5900.0 2.8292147e-14
5902.0 2.8066042e-14
5904.0 2.7748848e-14
5906.0 2.7711154e-14
5908.0 2.7842293e-14
5910.0 2.8290777e-14
5912.0 2.8879483e-14
5914.0 2.912589e-14
5916.0 2.9297094e-14
5918.0 2.9586078e-14
5920.0 2.979491e-14
5922.0 2.9922506e-14
5924.0 2.995044e-14
5926.0 2.984271e-14
5928.0 2.9594593e-14
5930.0 2.9153597e-14
5932.0 2.917524e-14
5934.0 2.9083964e-14
5936.0 2.9035337e-14
5938.0 2.9111438e-14
5940.0 2.8648057e-14
5942.0 2.8101873e-14
5944.0 2.7227818e-14
5946.0 2.7033893e-14
5948.0 2.7183073e-14
5950.0 2.7367665e-14
5952.0 2.7630645e-14
5954.0 2.7848961e-14
5956.0 2.760299e-14
5958.0 2.7374756e-14
5960.0 2.7047907e-14
5962.0 2.6922285e-14
5964.0 2.741247e-14
5966.0 2.797553e-14
5968.0 2.8430156e-14
5970.0 2.8533352e-14
5972.0 2.8425477e-14
5974.0 2.834967e-14
5976.0 2.7903623e-14
5978.0 2.7496512e-14
5980.0 2.7317892e-14
5982.0 2.7002807e-14
5984.0 2.6881405e-14
5986.0 2.71629e-14
5988.0 2.7180027e-14
5990.0 2.7671262e-14
5992.0 2.8540182e-14
5994.0 2.889978e-14
5996.0 2.8774655e-14
5998.0 2.8455445e-14
6000.0 2.8141582e-14
6002.0 2.790926e-14
6004.0 2.7618026e-14
6006.0 2.7132795e-14
6008.0 2.6840294e-14
6010.0 2.6946591e-14
6012.0 2.7333614e-14
6014.0 2.7555811e-14
6016.0 2.752243e-14
6018.0 2.700666e-14
6020.0 2.6653635e-14
6022.0 2.658408e-14
6024.0 2.6878395e-14
6026.0 2.7153481e-14
6028.0 2.7136134e-14
6030.0 2.7038406e-14
6032.0 2.697063e-14
6034.0 2.6871017e-14
6036.0 2.6800126e-14
6038.0 2.7065257e-14
6040.0 2.7584446e-14
6042.0 2.7614995e-14
6044.0 2.7465919e-14
6046.0 2.7552606e-14
6048.0 2.7803558e-14
6050.0 2.819391e-14
6052.0 2.8095639e-14
6054.0 2.7723997e-14
6056.0 2.696903e-14
6058.0 2.6089558e-14
6060.0 2.5749199e-14
6062.0 2.6367629e-14
6064.0 2.7182234e-14
6066.0 2.8343882e-14
6068.0 2.9164097e-14
6070.0 2.954038e-14
6072.0 3.0069e-14
6074.0 3.0068995e-14
6076.0 3.0576507e-14
6078.0 3.1202285e-14
6080.0 3.1426247e-14
6082.0 3.246579e-14
6084.0 3.3069044e-14
6086.0 3.3082258e-14
6088.0 3.209514e-14
6090.0 3.1171124e-14
6092.0 2.953662e-14
6094.0 2.8206909e-14
6096.0 2.7361295e-14
6098.0 2.674257e-14
6100.0 2.6806187e-14
6102.0 2.6875266e-14
6104.0 2.6701087e-14
6106.0 2.6628832e-14
6108.0 2.6819377e-14
6110.0 2.6722495e-14
6112.0 2.687916e-14
6114.0 2.7350421e-14
6116.0 2.7471408e-14
6118.0 2.7275572e-14
6120.0 2.6825208e-14
6122.0 2.6671085e-14
6124.0 2.6836697e-14
6126.0 2.7141915e-14
6128.0 2.702671e-14
6130.0 2.6632283e-14
6132.0 2.6613516e-14
6134.0 2.640332e-14
6136.0 2.6091618e-14
6138.0 2.5972778e-14
6140.0 2.6003193e-14
6142.0 2.6008504e-14
6144.0 2.5829618e-14
6146.0 2.5654893e-14
6148.0 2.5848906e-14
6150.0 2.6477405e-14
6152.0 2.6699034e-14
6154.0 2.6577366e-14
6156.0 2.6514291e-14
6158.0 2.6310888e-14
6160.0 2.5925478e-14
6162.0 2.589726e-14
6164.0 2.6022212e-14
6166.0 2.5903972e-14
6168.0 2.5676193e-14
6170.0 2.5256176e-14
6172.0 2.4769002e-14
6174.0 2.456075e-14
6176.0 2.5103514e-14
6178.0 2.5241373e-14
6180.0 2.5502842e-14
6182.0 2.5980704e-14
6184.0 2.6572113e-14
6186.0 2.6727193e-14
6188.0 2.6723026e-14
6190.0 2.6336033e-14
6192.0 2.5571931e-14
6194.0 2.5127229e-14
6196.0 2.4943667e-14
6198.0 2.5377537e-14
6200.0 2.5695429e-14
6202.0 2.589845e-14
6204.0 2.6021188e-14
6206.0 2.5835631e-14
6208.0 2.5796968e-14
6210.0 2.5955614e-14
6212.0 2.6495318e-14
6214.0 2.7096116e-14
6216.0 2.7036031e-14
6218.0 2.6745977e-14
6220.0 2.6334761e-14
6222.0 2.6202378e-14
6224.0 2.6315508e-14
6226.0 2.6282883e-14
6228.0 2.5891232e-14
6230.0 2.5399005e-14
6232.0 2.5673037e-14
6234.0 2.5542744e-14
6236.0 2.5181251e-14
6238.0 2.489584e-14
6240.0 2.4882992e-14
6242.0 2.503003e-14
6244.0 2.5093976e-14
6246.0 2.5439638e-14
6248.0 2.573959e-14
6250.0 2.5952993e-14
6252.0 2.597215e-14
6254.0 2.5630678e-14
6256.0 2.4940872e-14
6258.0 2.4446196e-14
6260.0 2.4353766e-14
6262.0 2.4667719e-14
6264.0 2.5236327e-14
6266.0 2.5694977e-14
6268.0 2.5857312e-14
6270.0 2.6069687e-14
6272.0 2.6325511e-14
6274.0 2.6498111e-14
6276.0 2.6933991e-14
6278.0 2.7429273e-14
6280.0 2.7674667e-14
6282.0 2.7979951e-14
6284.0 2.780185e-14
6286.0 2.7496573e-14
6288.0 2.7287553e-14
6290.0 2.7264495e-14
6292.0 2.750183e-14
6294.0 2.867021e-14
6296.0 3.083996e-14
6298.0 3.2192897e-14
6300.0 3.3016653e-14
6302.0 3.350998e-14
6304.0 3.333296e-14
6306.0 3.2562393e-14
6308.0 3.1546624e-14
6310.0 3.0468924e-14
6312.0 2.9731578e-14
6314.0 2.9453e-14
6316.0 2.8247387e-14
6318.0 2.68892e-14
6320.0 2.6823028e-14
6322.0 2.7045713e-14
6324.0 2.7607902e-14
6326.0 2.8185985e-14
6328.0 2.7952685e-14
6330.0 2.7395929e-14
6332.0 2.728893e-14
6334.0 2.7280666e-14
6336.0 2.690975e-14
6338.0 2.6847072e-14
6340.0 2.7151392e-14
6342.0 2.7730815e-14
6344.0 2.809601e-14
6346.0 2.79896e-14
6348.0 2.799593e-14
6350.0 2.7828112e-14
6352.0 2.7594323e-14
6354.0 2.7782503e-14
6356.0 2.8146215e-14
6358.0 2.8631577e-14
6360.0 2.9255498e-14
6362.0 2.9354794e-14
6364.0 2.9532468e-14
6366.0 3.0304447e-14
6368.0 3.0991628e-14
6370.0 3.1080153e-14
6372.0 3.075583e-14
6374.0 3.0193252e-14
6376.0 2.9355567e-14
6378.0 2.8764673e-14
6380.0 2.853467e-14
6382.0 2.8191554e-14
6384.0 2.8263955e-14
6386.0 2.865894e-14
6388.0 2.8222091e-14
6390.0 2.7901846e-14
6392.0 2.8148997e-14
6394.0 2.8396337e-14
6396.0 2.8492345e-14
6398.0 2.873109e-14
6400.0 2.8871176e-14
6402.0 2.914412e-14
6404.0 2.9501812e-14
6406.0 2.964917e-14
6408.0 2.971513e-14
6410.0 2.9603368e-14
6412.0 2.986244e-14
6414.0 3.0314625e-14
6416.0 3.0666272e-14
6418.0 3.0812277e-14
6420.0 3.1593556e-14
6422.0 3.212941e-14
6424.0 3.178785e-14
6426.0 3.1761757e-14
6428.0 3.1843743e-14
6430.0 3.227097e-14
6432.0 3.2047458e-14
6434.0 3.1371915e-14
6436.0 3.1285026e-14
6438.0 3.1639306e-14
6440.0 3.2793955e-14
6442.0 3.3378817e-14
6444.0 3.485185e-14
6446.0 3.671078e-14
6448.0 3.8297958e-14
6450.0 3.8823626e-14
6452.0 3.8458423e-14
6454.0 3.8094063e-14
6456.0 3.8410905e-14
6458.0 3.865171e-14
6460.0 3.92606e-14
6462.0 4.0576226e-14
6464.0 4.1786456e-14
6466.0 4.2566824e-14
6468.0 4.289863e-14
6470.0 4.3672324e-14
6472.0 4.475816e-14
6474.0 4.582961e-14
6476.0 4.6580927e-14
6478.0 4.730881e-14
6480.0 4.8299838e-14
6482.0 5.000503e-14
6484.0 5.2382913e-14
6486.0 5.4142898e-14
6488.0 5.5049115e-14
6490.0 5.6325096e-14
6492.0 5.765572e-14
6494.0 5.8884944e-14
6496.0 6.0566474e-14
6498.0 6.282451e-14
6500.0 6.4793446e-14
6502.0 6.6898086e-14
6504.0 6.886936e-14
6506.0 7.157889e-14
6508.0 7.453238e-14
6510.0 7.667825e-14
6512.0 7.9074774e-14
6514.0 8.21831e-14
6516.0 8.564727e-14
6518.0 8.996132e-14
6520.0 9.303984e-14
6522.0 9.5058123e-14
6524.0 9.575703e-14
6526.0 9.5785217e-14
6528.0 9.5187835e-14
6530.0 9.6427417e-14
6532.0 9.846833e-14
6534.0 1.0160924e-13
6536.0 1.0560129e-13
6538.0 1.1073985e-13
6540.0 1.1519049e-13
6542.0 1.1742727e-13
6544.0 1.1947976e-13
6546.0 1.2191222e-13
6548.0 1.2478759e-13
6550.0 1.2821188e-13
6552.0 1.317472e-13
6554.0 1.3799067e-13
6556.0 1.460983e-13
6558.0 1.544217e-13
6560.0 1.6318916e-13
6562.0 1.7039309e-13
6564.0 1.7290832e-13
6566.0 1.6826514e-13
6568.0 1.5731313e-13
6570.0 1.442652e-13
6572.0 1.3449172e-13
6574.0 1.2776501e-13
6576.0 1.2543157e-13
6578.0 1.2504955e-13
6580.0 1.2699162e-13
6582.0 1.3107514e-13
6584.0 1.3420202e-13
6586.0 1.3406798e-13
6588.0 1.2996768e-13
6590.0 1.2297911e-13
6592.0 1.1419992e-13
6594.0 1.0709142e-13
6596.0 1.03778314e-13
6598.0 1.0092411e-13
6600.0 9.798238e-14
6602.0 9.529072e-14
6604.0 9.2540626e-14
6606.0 8.981347e-14
6608.0 8.76217e-14
6610.0 8.6298204e-14
6612.0 8.471204e-14
6614.0 8.18661e-14
6616.0 7.841784e-14
6618.0 7.5000465e-14
6620.0 7.179961e-14
6622.0 6.8780654e-14
6624.0 6.6362145e-14
6626.0 6.4106205e-14
6628.0 6.1468205e-14
6630.0 5.861827e-14
6632.0 5.535896e-14
6634.0 5.1982083e-14
6636.0 4.936135e-14
6638.0 4.7055286e-14
6640.0 4.544718e-14
6642.0 4.3823635e-14
6644.0 4.3146527e-14
6646.0 4.2361957e-14
6648.0 4.193823e-14
6650.0 4.165545e-14
6652.0 4.1579235e-14
6654.0 4.0962795e-14
6656.0 4.033122e-14
6658.0 3.918343e-14
6660.0 3.900341e-14
6662.0 3.82388e-14
6664.0 3.7033026e-14
6666.0 3.6482146e-14
6668.0 3.6854068e-14
6670.0 3.723853e-14
6672.0 3.6563234e-14
6674.0 3.6368484e-14
6676.0 3.6089567e-14
6678.0 3.569235e-14
6680.0 3.5156472e-14
6682.0 3.406524e-14
6684.0 3.291227e-14
6686.0 3.2646947e-14
6688.0 3.2508667e-14
6690.0 3.2728706e-14
6692.0 3.3046462e-14
6694.0 3.3588807e-14
6696.0 3.3947925e-14
6698.0 3.3541488e-14
6700.0 3.2547092e-14
6702.0 3.190961e-14
6704.0 3.1949788e-14
6706.0 3.2467213e-14
6708.0 3.291205e-14
6710.0 3.29498e-14
6712.0 3.3720873e-14
6714.0 3.5256124e-14
6716.0 3.6518775e-14
6718.0 3.70506e-14
6720.0 3.6520222e-14
6722.0 3.5446157e-14
6724.0 3.453743e-14
6726.0 3.364609e-14
6728.0 3.3349066e-14
6730.0 3.4222093e-14
6732.0 3.490439e-14
6734.0 3.4640652e-14
6736.0 3.3750282e-14
6738.0 3.2280605e-14
6740.0 3.0444248e-14
6742.0 2.9400595e-14
6744.0 2.8661962e-14
6746.0 2.7803802e-14
6748.0 2.7422107e-14
6750.0 2.6027986e-14
6752.0 2.3766964e-14
6754.0 2.192644e-14
6756.0 2.0889183e-14
6758.0 2.0538994e-14
6760.0 2.0707686e-14
6762.0 2.1886801e-14
6764.0 2.3782054e-14
6766.0 2.4619231e-14
6768.0 2.5076902e-14
6770.0 2.554353e-14
6772.0 2.4374205e-14
6774.0 2.3486387e-14
6776.0 2.3246055e-14
6778.0 2.3307746e-14
6780.0 2.313951e-14
6782.0 2.2795652e-14
6784.0 2.2860117e-14
6786.0 2.3629163e-14
6788.0 2.4142646e-14
6790.0 2.4588325e-14
6792.0 2.558811e-14
6794.0 2.7170657e-14
6796.0 2.7615478e-14
6798.0 2.6427797e-14
6800.0 2.5999537e-14
6802.0 2.6017815e-14
6804.0 2.5535678e-14
6806.0 2.4450221e-14
6808.0 2.3986755e-14
6810.0 2.3604321e-14
6812.0 2.3463089e-14
6814.0 2.3735723e-14
6816.0 2.4153995e-14
6818.0 2.4682889e-14
6820.0 2.4692703e-14
6822.0 2.4087574e-14
6824.0 2.3474424e-14
6826.0 2.3979808e-14
6828.0 2.4883595e-14
6830.0 2.4686575e-14
6832.0 2.4075145e-14
6834.0 2.3975434e-14
6836.0 2.3906145e-14
6838.0 2.326781e-14
6840.0 2.2478413e-14
6842.0 2.2446746e-14
6844.0 2.2858607e-14
6846.0 2.3851872e-14
6848.0 2.5796795e-14
6850.0 2.6309387e-14
6852.0 2.6393462e-14
6854.0 2.6335686e-14
6856.0 2.6018841e-14
6858.0 2.6334009e-14
6860.0 2.6919151e-14
6862.0 2.7117846e-14
6864.0 2.6809663e-14
6866.0 2.636178e-14
6868.0 2.5382162e-14
6870.0 2.4781352e-14
6872.0 2.486306e-14
6874.0 2.5228903e-14
6876.0 2.586299e-14
6878.0 2.6708299e-14
6880.0 2.6751206e-14
6882.0 2.6599025e-14
6884.0 2.6579e-14
6886.0 2.6128486e-14
6888.0 2.457208e-14
6890.0 2.5099599e-14
6892.0 2.5387236e-14
6894.0 2.561599e-14
6896.0 2.5568784e-14
6898.0 2.5077674e-14
6900.0 2.412823e-14
6902.0 2.4174581e-14
6904.0 2.4972769e-14
6906.0 2.5390021e-14
6908.0 2.5257618e-14
6910.0 2.5624432e-14
6912.0 2.6204968e-14
6914.0 2.5712644e-14
6916.0 2.4943663e-14
6918.0 2.4732915e-14
6920.0 2.6049656e-14
6922.0 2.745163e-14
6924.0 2.641509e-14
6926.0 2.5522282e-14
6928.0 2.5457352e-14
6930.0 2.655893e-14
6932.0 2.770927e-14
6934.0 2.7571793e-14
6936.0 2.686671e-14
6938.0 2.6516622e-14
6940.0 2.700411e-14
6942.0 2.7464533e-14
6944.0 2.7019887e-14
6946.0 2.5981618e-14
6948.0 2.5754404e-14
6950.0 2.6892032e-14
6952.0 2.791496e-14
6954.0 2.851788e-14
6956.0 2.942682e-14
6958.0 3.0025183e-14
6960.0 3.002789e-14
6962.0 2.928031e-14
6964.0 2.757476e-14
6966.0 2.6250696e-14
6968.0 2.6348645e-14
6970.0 2.7351504e-14
6972.0 2.7648489e-14
6974.0 2.7584145e-14
6976.0 2.8243421e-14
6978.0 2.890524e-14
6980.0 2.7007134e-14
6982.0 2.6710467e-14
6984.0 2.7145254e-14
6986.0 2.6829332e-14
6988.0 2.680201e-14
6990.0 2.7761219e-14
6992.0 2.8328763e-14
6994.0 2.9219354e-14
6996.0 3.0529202e-14
6998.0 2.9867886e-14
7000.0 2.8559617e-14
7002.0 2.7420178e-14
7004.0 2.7322869e-14
7006.0 2.851888e-14
7008.0 2.8114218e-14
7010.0 2.6682798e-14
7012.0 2.6425766e-14
7014.0 2.6320194e-14
7016.0 2.6030957e-14
7018.0 2.6248623e-14
7020.0 2.7103142e-14
7022.0 2.7173823e-14
7024.0 2.77575e-14
7026.0 2.7735508e-14
7028.0 2.7691445e-14
7030.0 2.7336013e-14
7032.0 2.7208033e-14
7034.0 2.7490783e-14
7036.0 2.7789154e-14
7038.0 2.8154931e-14
7040.0 2.7970737e-14
7042.0 2.7102368e-14
7044.0 2.6258076e-14
7046.0 2.5987838e-14
7048.0 2.5688991e-14
7050.0 2.5434666e-14
7052.0 2.468186e-14
7054.0 2.455444e-14
7056.0 2.4933152e-14
7058.0 2.4506876e-14
7060.0 2.4110754e-14
7062.0 2.4029562e-14
7064.0 2.4417492e-14
7066.0 2.4634049e-14
7068.0 2.3946336e-14
7070.0 2.2633642e-14
7072.0 2.180391e-14
7074.0 2.2040656e-14
7076.0 2.2940271e-14
7078.0 7.413377e-15
