# %ECSV 0.9
# ---
# datatype:
# - {name: wav, datatype: float32}
# - {name: eff, datatype: float64}
# - {name: eff_unc, datatype: float64}
# meta: !!omap
# - {Filter: OG550}
# - {cwav: '8000'}
# - {Grating: 1200B}
# schema: astropy-2.0
wav eff eff_unc
6645.350 0.13736 0.00000
6647.990 0.13736 0.00000
6650.630 0.13735 0.00000
6653.600 0.13734 0.00000
6656.240 0.13733 0.00000
6658.880 0.13733 0.00000
6661.520 0.13732 0.00000
6664.160 0.13731 0.00000
6667.130 0.13730 0.00000
6669.770 0.13730 0.00000
6672.410 0.13729 0.00000
6675.050 0.13728 0.00000
6677.690 0.13727 0.00000
6680.330 0.13726 0.00000
6683.300 0.13725 0.00000
6685.940 0.13724 0.00000
6688.580 0.13723 0.00000
6691.220 0.13723 0.00000
6693.860 0.13722 0.00000
6696.830 0.13721 0.00000
6699.470 0.13720 0.00000
6702.110 0.13719 0.00000
6704.750 0.13718 0.00000
6707.390 0.13717 0.00000
6710.360 0.13715 0.00000
6713.000 0.13714 0.00000
6715.640 0.13713 0.00000
6718.280 0.13712 0.00000
6720.920 0.13711 0.00000
6723.560 0.13710 0.00000
6726.530 0.13709 0.00000
6729.170 0.13708 0.00000
6731.810 0.13707 0.00000
6734.450 0.13705 0.00000
6737.090 0.13704 0.00000
6740.060 0.13703 0.00000
6742.700 0.13702 0.00000
6745.340 0.13701 0.00000
6747.980 0.13699 0.00000
6750.620 0.13698 0.00000
6753.590 0.13697 0.00000
6756.230 0.13695 0.00000
6758.870 0.13694 0.00000
6761.510 0.13693 0.00000
6764.150 0.13692 0.00000
6766.790 0.13690 0.00000
6769.760 0.13689 0.00000
6772.400 0.13687 0.00000
6775.040 0.13686 0.00000
6777.680 0.13685 0.00000
6780.320 0.13683 0.00000
6783.290 0.13682 0.00000
6785.930 0.13680 0.00000
6788.570 0.13679 0.00000
6791.210 0.13677 0.00000
6793.850 0.13676 0.00000
6796.820 0.13674 0.00000
6799.460 0.13673 0.00000
6802.100 0.13671 0.00000
6804.740 0.13670 0.00000
6807.380 0.13668 0.00000
6810.020 0.13667 0.00000
6812.990 0.13665 0.00000
6815.630 0.13663 0.00000
6818.270 0.13662 0.00000
6820.910 0.13660 0.00000
6823.550 0.13658 0.00000
6826.520 0.13657 0.00000
6829.160 0.13655 0.00000
6831.800 0.13653 0.00000
6834.440 0.13652 0.00000
6837.080 0.13650 0.00000
6840.050 0.13648 0.00000
6842.690 0.13646 0.00000
6845.330 0.13645 0.00000
6847.970 0.13643 0.00000
6850.610 0.13641 0.00000
6853.250 0.13639 0.00000
6856.220 0.13637 0.00000
6858.860 0.13636 0.00000
6861.500 0.13634 0.00000
6864.140 0.13632 0.00000
6866.780 0.13630 0.00000
6869.750 0.13628 0.00000
6872.390 0.13626 0.00000
6875.030 0.13624 0.00000
6877.670 0.13622 0.00000
6880.310 0.13620 0.00000
6883.280 0.13618 0.00000
6885.920 0.13616 0.00000
6888.560 0.13614 0.00000
6891.200 0.13612 0.00000
6893.840 0.13611 0.00000
6896.480 0.13609 0.00000
6899.450 0.13606 0.00000
6902.090 0.13604 0.00000
6904.730 0.13602 0.00000
6907.370 0.13600 0.00000
6910.010 0.13598 0.00000
6912.980 0.13596 0.00000
6915.620 0.13594 0.00000
6918.260 0.13592 0.00000
6920.900 0.13590 0.00000
6923.540 0.13587 0.00000
6926.510 0.13585 0.00000
6929.150 0.13583 0.00000
6931.790 0.13581 0.00000
6934.430 0.13579 0.00000
6937.070 0.13576 0.00000
6939.710 0.13574 0.00000
6942.680 0.13572 0.00000
6945.320 0.13570 0.00000
6947.960 0.13567 0.00000
6950.600 0.13565 0.00000
6953.240 0.13563 0.00000
6956.210 0.13560 0.00000
6958.850 0.13558 0.00000
6961.490 0.13556 0.00000
6964.130 0.13553 0.00000
6966.770 0.13551 0.00000
6969.740 0.13548 0.00000
6972.380 0.13546 0.00000
6975.020 0.13544 0.00000
6977.660 0.13541 0.00000
6980.300 0.13539 0.00000
6982.940 0.13537 0.00000
6985.910 0.13534 0.00000
6988.550 0.13532 0.00000
6991.190 0.13529 0.00000
6993.830 0.13527 0.00000
6996.470 0.13524 0.00000
6999.440 0.13521 0.00000
7002.080 0.13519 0.00000
7004.720 0.13516 0.00000
7007.360 0.13514 0.00000
7010.000 0.13511 0.00000
7012.970 0.13509 0.00000
7015.610 0.13506 0.00000
7018.250 0.13503 0.00000
7020.890 0.13501 0.00000
7023.530 0.13498 0.00000
7026.500 0.13495 0.00000
7029.140 0.13493 0.00000
7031.780 0.13490 0.00000
7034.420 0.13488 0.00000
7037.060 0.13485 0.00000
7039.700 0.13482 0.00000
7042.670 0.13479 0.00000
7045.310 0.13477 0.00000
7047.950 0.13474 0.00000
7050.590 0.13471 0.00000
7053.230 0.13468 0.00000
7056.200 0.13465 0.00000
7058.840 0.13463 0.00000
7061.480 0.13460 0.00000
7064.120 0.13457 0.00000
7066.760 0.13454 0.00000
7069.730 0.13451 0.00000
7072.370 0.13448 0.00000
7075.010 0.13446 0.00000
7077.650 0.13443 0.00000
7080.290 0.13440 0.00000
7082.930 0.13437 0.00000
7085.900 0.13434 0.00000
7088.540 0.13431 0.00000
7091.180 0.13428 0.00000
7093.820 0.13425 0.00000
7096.460 0.13422 0.00000
7099.430 0.13419 0.00000
7102.070 0.13416 0.00000
7104.710 0.13413 0.00000
7107.350 0.13410 0.00000
7109.990 0.13407 0.00000
7112.960 0.13404 0.00000
7115.600 0.13401 0.00000
7118.240 0.13398 0.00000
7120.880 0.13395 0.00000
7123.520 0.13392 0.00000
7126.160 0.13389 0.00000
7129.130 0.13386 0.00000
7131.770 0.13383 0.00000
7134.410 0.13379 0.00000
7137.050 0.13376 0.00000
7139.690 0.13373 0.00000
7142.660 0.13370 0.00000
7145.300 0.13367 0.00000
7147.940 0.13364 0.00000
7150.580 0.13360 0.00000
7153.220 0.13357 0.00000
7156.190 0.13354 0.00000
7158.830 0.13351 0.00000
7161.470 0.13347 0.00000
7164.110 0.13344 0.00000
7166.750 0.13341 0.00000
7169.390 0.13338 0.00000
7172.360 0.13334 0.00000
7175.000 0.13331 0.00000
7177.640 0.13328 0.00000
7180.280 0.13325 0.00000
7182.920 0.13321 0.00000
7185.890 0.13318 0.00000
7188.530 0.13314 0.00000
7191.170 0.13311 0.00000
7193.810 0.13308 0.00000
7196.450 0.13304 0.00000
7199.420 0.13301 0.00000
7202.060 0.13297 0.00000
7204.700 0.13294 0.00000
7207.340 0.13291 0.00000
7209.980 0.13287 0.00000
7212.620 0.13284 0.00000
7215.590 0.13280 0.00000
7218.230 0.13277 0.00000
7220.870 0.13273 0.00000
7223.510 0.13270 0.00000
7226.150 0.13266 0.00000
7229.120 0.13262 0.00000
7231.760 0.13259 0.00000
7234.400 0.13256 0.00000
7237.040 0.13252 0.00000
7239.680 0.13249 0.00000
7242.650 0.13245 0.00000
7245.290 0.13241 0.00000
7247.930 0.13238 0.00000
7250.570 0.13234 0.00000
7253.210 0.13231 0.00000
7255.850 0.13227 0.00000
7258.820 0.13223 0.00000
7261.460 0.13219 0.00000
7264.100 0.13216 0.00000
7266.740 0.13212 0.00000
7269.380 0.13209 0.00000
7272.350 0.13205 0.00000
7274.990 0.13201 0.00000
7277.630 0.13197 0.00000
7280.270 0.13194 0.00000
7282.910 0.13190 0.00000
7285.880 0.13186 0.00000
7288.520 0.13182 0.00000
7291.160 0.13179 0.00000
7293.800 0.13175 0.00000
7296.440 0.13171 0.00000
7299.080 0.13167 0.00000
7302.050 0.13163 0.00000
7304.690 0.13160 0.00000
7307.330 0.13156 0.00000
7309.970 0.13152 0.00000
7312.610 0.13148 0.00000
7315.580 0.13144 0.00000
7318.220 0.13140 0.00000
7320.860 0.13136 0.00000
7323.500 0.13133 0.00000
7326.140 0.13129 0.00000
7329.110 0.13125 0.00000
7331.750 0.13121 0.00000
7334.390 0.13117 0.00000
7337.030 0.13113 0.00000
7339.670 0.13109 0.00000
7342.640 0.13105 0.00000
7345.280 0.13101 0.00000
7347.920 0.13097 0.00000
7350.560 0.13093 0.00000
7353.200 0.13089 0.00000
7355.840 0.13085 0.00000
7358.810 0.13081 0.00000
7361.450 0.13077 0.00000
7364.090 0.13073 0.00000
7366.730 0.13069 0.00000
7369.370 0.13065 0.00000
7372.340 0.13061 0.00000
7374.980 0.13057 0.00000
7377.620 0.13053 0.00000
7380.260 0.13049 0.00000
7382.900 0.13045 0.00000
7385.870 0.13040 0.00000
7388.510 0.13036 0.00000
7391.150 0.13032 0.00000
7393.790 0.13028 0.00000
7396.430 0.13024 0.00000
7399.070 0.13020 0.00000
7402.040 0.13015 0.00000
7404.680 0.13011 0.00000
7407.320 0.13007 0.00000
7409.960 0.13003 0.00000
7412.600 0.12999 0.00000
7415.570 0.12994 0.00000
7418.210 0.12990 0.00000
7420.850 0.12986 0.00000
7423.490 0.12982 0.00000
7426.130 0.12978 0.00000
7429.100 0.12973 0.00000
7431.740 0.12969 0.00000
7434.380 0.12965 0.00000
7437.020 0.12960 0.00000
7439.660 0.12956 0.00000
7442.300 0.12952 0.00000
7445.270 0.12947 0.00000
7447.910 0.12943 0.00000
7450.550 0.12939 0.00000
7453.190 0.12934 0.00000
7455.830 0.12930 0.00000
7458.800 0.12925 0.00000
7461.440 0.12921 0.00000
7464.080 0.12917 0.00000
7466.720 0.12913 0.00000
7469.360 0.12908 0.00000
7472.330 0.12903 0.00000
7474.970 0.12899 0.00000
7477.610 0.12895 0.00000
7480.250 0.12890 0.00000
7482.890 0.12886 0.00000
7485.530 0.12882 0.00000
7488.500 0.12877 0.00000
7491.140 0.12872 0.00000
7493.780 0.12868 0.00000
7496.420 0.12864 0.00000
7499.060 0.12859 0.00000
7502.030 0.12854 0.00000
7504.670 0.12850 0.00000
7507.310 0.12845 0.00000
7509.950 0.12841 0.00000
7512.590 0.12837 0.00000
7515.560 0.12832 0.00000
7518.200 0.12827 0.00000
7520.840 0.12823 0.00000
7523.480 0.12818 0.00000
7526.120 0.12814 0.00000
7528.760 0.12809 0.00000
7531.730 0.12804 0.00000
7534.370 0.12800 0.00000
7537.010 0.12795 0.00000
7539.650 0.12791 0.00000
7542.290 0.12786 0.00000
7545.260 0.12781 0.00000
7547.900 0.12776 0.00000
7550.540 0.12772 0.00000
7553.180 0.12767 0.00000
7555.820 0.12763 0.00000
7558.790 0.12758 0.00000
7561.430 0.12753 0.00000
7564.070 0.12748 0.00000
7566.710 0.12744 0.00000
7569.350 0.12739 0.00000
7571.990 0.12735 0.00000
7574.960 0.12729 0.00000
7577.600 0.12725 0.00000
7580.240 0.12720 0.00000
7582.880 0.12715 0.00000
7585.520 0.12711 0.00000
7588.490 0.12706 0.00000
7591.130 0.12701 0.00000
7593.770 0.12696 0.00000
7596.410 0.12692 0.00000
7599.050 0.12687 0.00000
7602.020 0.12682 0.00000
7604.660 0.12677 0.00000
7607.300 0.12672 0.00000
7609.940 0.12667 0.00000
7612.580 0.12663 0.00000
7615.220 0.12658 0.00000
7618.190 0.12653 0.00000
7620.830 0.12648 0.00000
7623.470 0.12643 0.00000
7626.110 0.12638 0.00000
7628.750 0.12634 0.00000
7631.720 0.12628 0.00000
7634.360 0.12623 0.00000
7637.000 0.12619 0.00000
7639.640 0.12614 0.00000
7642.280 0.12609 0.00000
7645.250 0.12603 0.00000
7647.890 0.12599 0.00000
7650.530 0.12594 0.00000
7653.170 0.12589 0.00000
7655.810 0.12584 0.00000
7658.780 0.12579 0.00000
7661.420 0.12574 0.00000
7664.060 0.12569 0.00000
7666.700 0.12564 0.00000
7669.340 0.12559 0.00000
7671.980 0.12554 0.00000
7674.950 0.12549 0.00000
7677.590 0.12544 0.00000
7680.230 0.12539 0.00000
7682.870 0.12534 0.00000
7685.510 0.12529 0.00000
7688.480 0.12524 0.00000
7691.120 0.12519 0.00000
7693.760 0.12514 0.00000
7696.400 0.12509 0.00000
7699.040 0.12504 0.00000
7702.010 0.12498 0.00000
7704.650 0.12493 0.00000
7707.290 0.12488 0.00000
7709.930 0.12483 0.00000
7712.570 0.12478 0.00000
7715.210 0.12473 0.00000
7718.180 0.12468 0.00000
7720.820 0.12463 0.00000
7723.460 0.12457 0.00000
7726.100 0.12452 0.00000
7728.740 0.12447 0.00000
7731.710 0.12442 0.00000
7734.350 0.12437 0.00000
7736.990 0.12432 0.00000
7739.630 0.12427 0.00000
7742.270 0.12421 0.00000
7745.240 0.12416 0.00000
7747.880 0.12411 0.00000
7750.520 0.12406 0.00000
7753.160 0.12401 0.00000
7755.800 0.12395 0.00000
7758.440 0.12390 0.00000
7761.410 0.12385 0.00000
7764.050 0.12379 0.00000
7766.690 0.12374 0.00000
7769.330 0.12369 0.00000
7771.970 0.12364 0.00000
7774.940 0.12358 0.00000
7777.580 0.12353 0.00000
7780.220 0.12348 0.00000
7782.860 0.12343 0.00000
7785.500 0.12338 0.00000
7788.470 0.12332 0.00000
7791.110 0.12327 0.00000
7793.750 0.12321 0.00000
7796.390 0.12316 0.00000
7799.030 0.12311 0.00000
7801.670 0.12306 0.00000
7804.640 0.12300 0.00000
7807.280 0.12295 0.00000
7809.920 0.12289 0.00000
7812.560 0.12284 0.00000
7815.200 0.12279 0.00000
7818.170 0.12273 0.00000
7820.810 0.12268 0.00000
7823.450 0.12263 0.00000
7826.090 0.12257 0.00000
7828.730 0.12252 0.00000
7831.700 0.12246 0.00000
7834.340 0.12241 0.00000
7836.980 0.12236 0.00000
7839.620 0.12230 0.00000
7842.260 0.12225 0.00000
7844.900 0.12220 0.00000
7847.870 0.12214 0.00000
7850.510 0.12208 0.00000
7853.150 0.12203 0.00000
7855.790 0.12198 0.00000
7858.430 0.12192 0.00000
7861.400 0.12186 0.00000
7864.040 0.12181 0.00000
7866.680 0.12176 0.00000
7869.320 0.12170 0.00000
7871.960 0.12165 0.00000
7874.930 0.12159 0.00000
7877.570 0.12154 0.00000
7880.210 0.12148 0.00000
7882.850 0.12143 0.00000
7885.490 0.12137 0.00000
7888.130 0.12132 0.00000
7891.100 0.12126 0.00000
7893.740 0.12121 0.00000
7896.380 0.12115 0.00000
7899.020 0.12110 0.00000
7901.660 0.12104 0.00000
7904.630 0.12098 0.00000
7907.270 0.12093 0.00000
7909.910 0.12087 0.00000
7912.550 0.12082 0.00000
7915.190 0.12076 0.00000
7918.160 0.12070 0.00000
7920.800 0.12065 0.00000
7923.440 0.12059 0.00000
7926.080 0.12054 0.00000
7928.720 0.12048 0.00000
7931.360 0.12043 0.00000
7934.330 0.12037 0.00000
7936.970 0.12031 0.00000
7939.610 0.12026 0.00000
7942.250 0.12020 0.00000
7944.890 0.12015 0.00000
7947.860 0.12009 0.00000
7950.500 0.12003 0.00000
7953.140 0.11998 0.00000
7955.780 0.11992 0.00000
7958.420 0.11987 0.00000
7961.390 0.11980 0.00000
7964.030 0.11975 0.00000
7966.670 0.11969 0.00000
7969.310 0.11964 0.00000
7971.950 0.11958 0.00000
7974.590 0.11953 0.00000
7977.560 0.11946 0.00000
7980.200 0.11941 0.00000
7982.840 0.11935 0.00000
7985.480 0.11930 0.00000
7988.120 0.11924 0.00000
7991.090 0.11918 0.00000
7993.730 0.11912 0.00000
8003.960 0.11891 0.00000
8006.600 0.11885 0.00000
8009.240 0.11879 0.00000
8012.210 0.11873 0.00000
8014.850 0.11867 0.00000
8017.490 0.11862 0.00000
8020.130 0.11856 0.00000
8022.770 0.11851 0.00000
8025.740 0.11844 0.00000
8028.380 0.11839 0.00000
8031.020 0.11833 0.00000
8033.660 0.11827 0.00000
8036.300 0.11822 0.00000
8038.940 0.11816 0.00000
8041.910 0.11810 0.00000
8044.550 0.11804 0.00000
8047.190 0.11798 0.00000
8049.830 0.11793 0.00000
8052.470 0.11787 0.00000
8055.440 0.11781 0.00000
8058.080 0.11775 0.00000
8060.720 0.11769 0.00000
8063.360 0.11763 0.00000
8066.000 0.11758 0.00000
8068.970 0.11751 0.00000
8071.610 0.11746 0.00000
8074.250 0.11740 0.00000
8076.890 0.11734 0.00000
8079.530 0.11728 0.00000
8082.170 0.11723 0.00000
8085.140 0.11716 0.00000
8087.780 0.11711 0.00000
8090.420 0.11705 0.00000
8093.060 0.11699 0.00000
8095.700 0.11693 0.00000
8098.670 0.11687 0.00000
8101.310 0.11681 0.00000
8103.950 0.11675 0.00000
8106.590 0.11670 0.00000
8109.230 0.11664 0.00000
8112.200 0.11657 0.00000
8114.840 0.11652 0.00000
8117.480 0.11646 0.00000
8120.120 0.11640 0.00000
8122.760 0.11634 0.00000
8125.400 0.11629 0.00000
8128.370 0.11622 0.00000
8131.010 0.11616 0.00000
8133.650 0.11610 0.00000
8136.290 0.11605 0.00000
8138.930 0.11599 0.00000
8141.900 0.11592 0.00000
8144.540 0.11587 0.00000
8147.180 0.11581 0.00000
8149.820 0.11575 0.00000
8152.460 0.11569 0.00000
8155.430 0.11563 0.00000
8158.070 0.11557 0.00000
8160.710 0.11551 0.00000
8163.350 0.11545 0.00000
8165.990 0.11539 0.00000
8168.630 0.11533 0.00000
8171.600 0.11527 0.00000
8174.240 0.11521 0.00000
8176.880 0.11515 0.00000
8179.520 0.11509 0.00000
8182.160 0.11503 0.00000
8185.130 0.11497 0.00000
8187.770 0.11491 0.00000
8190.410 0.11485 0.00000
8193.050 0.11479 0.00000
8195.690 0.11473 0.00000
8198.660 0.11467 0.00000
8201.300 0.11461 0.00000
8203.940 0.11455 0.00000
8206.580 0.11449 0.00000
8209.220 0.11443 0.00000
8211.860 0.11437 0.00000
8214.830 0.11431 0.00000
8217.470 0.11425 0.00000
8220.110 0.11419 0.00000
8222.750 0.11413 0.00000
8225.390 0.11407 0.00000
8228.360 0.11401 0.00000
8231.000 0.11395 0.00000
8233.640 0.11389 0.00000
8236.280 0.11383 0.00000
8238.920 0.11377 0.00000
8241.890 0.11370 0.00000
8244.530 0.11364 0.00000
8247.170 0.11359 0.00000
8249.810 0.11353 0.00000
8252.450 0.11347 0.00000
8255.090 0.11341 0.00000
8258.060 0.11334 0.00000
8260.700 0.11328 0.00000
8263.340 0.11322 0.00000
8265.980 0.11316 0.00000
8268.620 0.11310 0.00000
8271.590 0.11304 0.00000
8274.230 0.11298 0.00000
8276.870 0.11292 0.00000
8279.510 0.11286 0.00000
8282.150 0.11280 0.00000
8285.120 0.11273 0.00000
8287.760 0.11267 0.00000
8290.400 0.11261 0.00000
8293.040 0.11255 0.00000
8295.680 0.11249 0.00000
8298.320 0.11243 0.00000
8301.290 0.11237 0.00000
8303.930 0.11231 0.00000
8306.570 0.11225 0.00000
8309.210 0.11219 0.00000
8311.850 0.11213 0.00000
8314.820 0.11206 0.00000
8317.460 0.11200 0.00000
8320.100 0.11194 0.00000
8322.740 0.11188 0.00000
8325.380 0.11182 0.00000
8328.350 0.11176 0.00000
8330.990 0.11170 0.00000
8333.630 0.11164 0.00000
8336.270 0.11158 0.00000
8338.910 0.11152 0.00000
8341.880 0.11145 0.00000
8344.520 0.11139 0.00000
8347.160 0.11133 0.00000
8349.800 0.11127 0.00000
8352.440 0.11121 0.00000
8355.080 0.11115 0.00000
8358.050 0.11108 0.00000
8360.690 0.11102 0.00000
8363.330 0.11096 0.00000
8365.970 0.11090 0.00000
8368.610 0.11084 0.00000
8371.580 0.11077 0.00000
8374.220 0.11071 0.00000
8376.860 0.11065 0.00000
8379.500 0.11059 0.00000
8382.140 0.11053 0.00000
8385.110 0.11046 0.00000
8387.750 0.11040 0.00000
8390.390 0.11034 0.00000
8393.030 0.11028 0.00000
8395.670 0.11022 0.00000
8398.310 0.11016 0.00000
8401.280 0.11010 0.00000
8403.920 0.11004 0.00000
8406.560 0.10998 0.00000
8409.200 0.10991 0.00000
8411.840 0.10985 0.00000
8414.810 0.10979 0.00000
8417.450 0.10973 0.00000
8420.090 0.10967 0.00000
8422.730 0.10961 0.00000
8425.370 0.10955 0.00000
8428.340 0.10948 0.00000
8430.980 0.10942 0.00000
8433.620 0.10936 0.00000
8436.260 0.10930 0.00000
8438.900 0.10924 0.00000
8441.540 0.10918 0.00000
8444.510 0.10911 0.00000
8447.150 0.10905 0.00000
8449.790 0.10899 0.00000
8452.430 0.10893 0.00000
8455.070 0.10887 0.00000
8458.040 0.10880 0.00000
8460.680 0.10874 0.00000
8463.320 0.10868 0.00000
8465.960 0.10862 0.00000
8468.600 0.10856 0.00000
8471.570 0.10849 0.00000
8474.210 0.10843 0.00000
8476.850 0.10837 0.00000
8479.490 0.10831 0.00000
8482.130 0.10824 0.00000
8484.770 0.10818 0.00000
8487.740 0.10812 0.00000
8490.380 0.10806 0.00000
8493.020 0.10800 0.00000
8495.660 0.10793 0.00000
8498.300 0.10787 0.00000
8501.270 0.10781 0.00000
8503.910 0.10775 0.00000
8506.550 0.10768 0.00000
8509.190 0.10762 0.00000
8511.830 0.10756 0.00000
8514.800 0.10749 0.00000
8517.440 0.10743 0.00000
8520.080 0.10737 0.00000
8522.720 0.10731 0.00000
8525.360 0.10725 0.00000
8528.000 0.10719 0.00000
8530.970 0.10712 0.00000
8533.610 0.10706 0.00000
8536.250 0.10700 0.00000
8538.890 0.10694 0.00000
8541.530 0.10688 0.00000
8544.500 0.10681 0.00000
8547.140 0.10675 0.00000
8549.780 0.10669 0.00000
8552.420 0.10663 0.00000
8555.060 0.10657 0.00000
8558.030 0.10650 0.00000
8560.670 0.10644 0.00000
8563.310 0.10638 0.00000
8565.950 0.10632 0.00000
8568.590 0.10626 0.00000
8571.230 0.10620 0.00000
8574.200 0.10613 0.00000
8576.840 0.10607 0.00000
8579.480 0.10601 0.00000
8582.120 0.10595 0.00000
8584.760 0.10589 0.00000
8587.730 0.10582 0.00000
8590.370 0.10576 0.00000
8593.010 0.10570 0.00000
8595.650 0.10564 0.00000
8598.290 0.10558 0.00000
8601.260 0.10551 0.00000
8603.900 0.10545 0.00000
8606.540 0.10539 0.00000
8609.180 0.10533 0.00000
8611.820 0.10527 0.00000
8614.460 0.10521 0.00000
8617.430 0.10514 0.00000
8620.070 0.10508 0.00000
8622.710 0.10502 0.00000
8625.350 0.10496 0.00000
8627.990 0.10489 0.00000
8630.960 0.10483 0.00000
8633.600 0.10477 0.00000
8636.240 0.10471 0.00000
8638.880 0.10464 0.00000
8641.520 0.10458 0.00000
8644.490 0.10452 0.00000
8647.130 0.10446 0.00000
8649.770 0.10439 0.00000
8652.410 0.10433 0.00000
8655.050 0.10427 0.00000
8657.690 0.10421 0.00000
8660.660 0.10414 0.00000
8663.300 0.10408 0.00000
8665.940 0.10402 0.00000
8668.580 0.10396 0.00000
8671.220 0.10390 0.00000
8674.190 0.10383 0.00000
8676.830 0.10377 0.00000
8679.470 0.10371 0.00000
8682.110 0.10365 0.00000
8684.750 0.10359 0.00000
8687.720 0.10352 0.00000
8690.360 0.10346 0.00000
8693.000 0.10340 0.00000
8695.640 0.10334 0.00000
8698.280 0.10328 0.00000
8701.250 0.10322 0.00000
8703.890 0.10315 0.00000
8706.530 0.10309 0.00000
8709.170 0.10303 0.00000
8711.810 0.10297 0.00000
8714.450 0.10291 0.00000
8717.420 0.10285 0.00000
8720.060 0.10279 0.00000
8722.700 0.10272 0.00000
8725.340 0.10266 0.00000
8727.980 0.10260 0.00000
8730.950 0.10254 0.00000
8733.590 0.10248 0.00000
8736.230 0.10242 0.00000
8738.870 0.10236 0.00000
8741.510 0.10230 0.00000
8744.480 0.10223 0.00000
8747.120 0.10217 0.00000
8749.760 0.10211 0.00000
8752.400 0.10205 0.00000
8755.040 0.10199 0.00000
8757.680 0.10193 0.00000
8760.650 0.10186 0.00000
8763.290 0.10180 0.00000
8765.930 0.10174 0.00000
8768.570 0.10168 0.00000
8771.210 0.10162 0.00000
8774.180 0.10155 0.00000
8776.820 0.10149 0.00000
8779.460 0.10143 0.00000
8782.100 0.10137 0.00000
8784.740 0.10131 0.00000
8787.710 0.10124 0.00000
8790.350 0.10118 0.00000
8792.990 0.10112 0.00000
8795.630 0.10106 0.00000
8798.270 0.10100 0.00000
8800.910 0.10094 0.00000
8803.880 0.10088 0.00000
8806.520 0.10082 0.00000
8809.160 0.10076 0.00000
8811.800 0.10070 0.00000
8814.440 0.10064 0.00000
8817.410 0.10057 0.00000
8820.050 0.10051 0.00000
8822.690 0.10045 0.00000
8825.330 0.10039 0.00000
8827.970 0.10033 0.00000
8830.940 0.10026 0.00000
8833.580 0.10020 0.00000
8836.220 0.10015 0.00000
8838.860 0.10009 0.00000
8841.500 0.10003 0.00000
8844.140 0.09997 0.00000
8847.110 0.09990 0.00000
8849.750 0.09984 0.00000
8852.390 0.09978 0.00000
8855.030 0.09972 0.00000
8857.670 0.09966 0.00000
8860.640 0.09959 0.00000
8863.280 0.09954 0.00000
8865.920 0.09948 0.00000
8868.560 0.09942 0.00000
8871.200 0.09936 0.00000
8874.170 0.09929 0.00000
8876.810 0.09923 0.00000
8879.450 0.09917 0.00000
8882.090 0.09911 0.00000
8884.730 0.09905 0.00000
8887.370 0.09899 0.00000
8890.340 0.09893 0.00000
8892.980 0.09887 0.00000
8895.620 0.09881 0.00000
8898.260 0.09875 0.00000
8900.900 0.09869 0.00000
8903.870 0.09863 0.00000
8906.510 0.09857 0.00000
8909.150 0.09851 0.00000
8911.790 0.09845 0.00000
8914.430 0.09839 0.00000
8917.400 0.09832 0.00000
8920.040 0.09826 0.00000
8922.680 0.09821 0.00000
8925.320 0.09815 0.00000
8927.960 0.09809 0.00000
8930.600 0.09803 0.00000
8933.570 0.09796 0.00000
8936.210 0.09790 0.00000
8938.850 0.09785 0.00000
8941.490 0.09779 0.00000
8944.130 0.09773 0.00000
8947.100 0.09766 0.00000
8949.740 0.09760 0.00000
8952.380 0.09755 0.00000
8955.020 0.09749 0.00000
8957.660 0.09743 0.00000
8960.630 0.09736 0.00000
8963.270 0.09730 0.00000
8965.910 0.09725 0.00000
8968.550 0.09719 0.00000
8971.190 0.09713 0.00000
8973.830 0.09707 0.00000
8976.800 0.09701 0.00000
8979.440 0.09695 0.00000
8982.080 0.09689 0.00000
8984.720 0.09683 0.00000
8987.360 0.09677 0.00000
8990.330 0.09671 0.00000
8992.970 0.09665 0.00000
8995.610 0.09659 0.00000
8998.250 0.09653 0.00000
9000.890 0.09648 0.00000
9003.860 0.09641 0.00000
9006.500 0.09635 0.00000
9009.140 0.09630 0.00000
9011.780 0.09624 0.00000
9014.420 0.09618 0.00000
9017.390 0.09612 0.00000
9020.030 0.09606 0.00000
9022.670 0.09600 0.00000
9025.310 0.09594 0.00000
9027.950 0.09588 0.00000
9030.590 0.09583 0.00000
9033.560 0.09576 0.00000
9036.200 0.09571 0.00000
9038.840 0.09565 0.00000
9041.480 0.09559 0.00000
9044.120 0.09553 0.00000
9047.090 0.09547 0.00000
9049.730 0.09541 0.00000
9052.370 0.09535 0.00000
9055.010 0.09530 0.00000
9057.650 0.09524 0.00000
9060.620 0.09518 0.00000
9063.260 0.09512 0.00000
9065.900 0.09506 0.00000
9068.540 0.09500 0.00000
9071.180 0.09495 0.00000
9073.820 0.09489 0.00000
9076.790 0.09483 0.00000
9079.430 0.09477 0.00000
9082.070 0.09471 0.00000
9084.710 0.09466 0.00000
9087.350 0.09460 0.00000
9090.320 0.09454 0.00000
9092.960 0.09448 0.00000
9095.600 0.09442 0.00000
9098.240 0.09437 0.00000
9100.880 0.09431 0.00000
9103.850 0.09425 0.00000
9106.490 0.09419 0.00000
9109.130 0.09413 0.00000
9111.770 0.09408 0.00000
9114.410 0.09402 0.00000
9117.050 0.09396 0.00000
9120.020 0.09390 0.00000
9122.660 0.09384 0.00000
9125.300 0.09379 0.00000
9127.940 0.09373 0.00000
9130.580 0.09368 0.00000
9133.550 0.09361 0.00000
9136.190 0.09356 0.00000
9138.830 0.09350 0.00000
9141.470 0.09345 0.00000
9144.110 0.09339 0.00000
9147.080 0.09333 0.00000
9149.720 0.09327 0.00000
9152.360 0.09322 0.00000
9155.000 0.09316 0.00000
9157.640 0.09310 0.00000
9160.280 0.09305 0.00000
9163.250 0.09299 0.00000
9165.890 0.09293 0.00000
9168.530 0.09288 0.00000
9171.170 0.09282 0.00000
9173.810 0.09277 0.00000
9176.780 0.09270 0.00000
9179.420 0.09265 0.00000
9182.060 0.09259 0.00000
9184.700 0.09254 0.00000
9187.340 0.09248 0.00000
9190.310 0.09242 0.00000
9192.950 0.09237 0.00000
9195.590 0.09231 0.00000
9198.230 0.09226 0.00000
9200.870 0.09220 0.00000
9203.510 0.09215 0.00000
9206.480 0.09209 0.00000
9209.120 0.09203 0.00000
9211.760 0.09198 0.00000
9214.400 0.09192 0.00000
9217.040 0.09187 0.00000
9220.010 0.09181 0.00000
9222.650 0.09175 0.00000
9225.290 0.09170 0.00000
9227.930 0.09164 0.00000
9230.570 0.09159 0.00000
9233.540 0.09153 0.00000
9236.180 0.09147 0.00000
9238.820 0.09142 0.00000
9241.460 0.09137 0.00000
9244.100 0.09131 0.00000
9246.740 0.09126 0.00000
9249.710 0.09120 0.00000
9252.350 0.09114 0.00000
9254.990 0.09109 0.00000
9257.630 0.09104 0.00000
9260.270 0.09098 0.00000
9263.240 0.09092 0.00000
9265.880 0.09087 0.00000
9268.520 0.09081 0.00000
9271.160 0.09076 0.00000
9273.800 0.09071 0.00000
9276.770 0.09065 0.00000
9279.410 0.09059 0.00000
9282.050 0.09054 0.00000
9284.690 0.09049 0.00000
9287.330 0.09043 0.00000
9289.970 0.09038 0.00000
9292.940 0.09032 0.00000
9295.580 0.09027 0.00000
9298.220 0.09022 0.00000
9300.860 0.09016 0.00000
9303.500 0.09011 0.00000
9306.470 0.09005 0.00000
9309.110 0.09000 0.00000
9311.750 0.08995 0.00000
9314.390 0.08989 0.00000
9317.030 0.08984 0.00000
9320.000 0.08978 0.00000
9322.640 0.08973 0.00000
9325.280 0.08968 0.00000
9327.920 0.08963 0.00000
9330.560 0.08957 0.00000
9333.200 0.08952 0.00000
9336.170 0.08946 0.00000
9338.810 0.08941 0.00000
9341.450 0.08936 0.00000
9344.090 0.08931 0.00000
9346.730 0.08926 0.00000
9349.700 0.08920 0.00000