# %ECSV 1.0
# ---
# datatype:
# - {name: WAV, unit: Angstrom, datatype: float64}
# - {name: EFF, datatype: float64}
# meta: !!omap
# - {FILTER: none}
# - {GRATING: none}
# - {GRISM: none}
# - {DICHROIC: none}
# - {MODE: echelle}
# schema: astropy-2.0
WAV EFF
3993.133086306596 0.025365225954047593
3996.86168774456 0.027348563505552915
4000.5937707766466 0.02931979692774384
4004.3293386538057 0.031309101784271424
4008.068394630028 0.03332721845611087
4011.810941962328 0.035380488962574744
4015.556983910776 0.03746879680489284
4019.172551333623 0.03951328609453092
4022.92546720956 0.04166009383909526
4026.6818873833117 0.043827939686189095
4030.4418151270193 0.046010662689620056
4034.205253715893 0.0482039409500048
4037.9722064281955 0.05040269660574602
4041.742676545252 0.05260366712808792
4045.5166673514505 0.054805317512593175
4049.2941821342506 0.057005123734636474
4053.075224184169 0.05920368285552109
4056.8597967948076 0.06139956866716954
4060.647903262839 0.06359497777487357
4064.439546888015 0.06578905223702675
4068.234730973167 0.06798141148342217
4071.897728913615 0.07009376192956315
4075.6998771012964 0.07228045387331294
4079.5055755576245 0.074460403105972
4083.3148275976755 0.07663196847883627
4087.1276365396193 0.07878892676324943
4090.9440057047254 0.08092547830305787
4094.763938417368 0.08303527189409492
4098.587438005014 0.08510951183887139
4102.4145077982475 0.08713941183105435
4106.245151130762 0.08911506422266985
4110.0793713393605 0.09102466482537946
4113.917171763963 0.09285882391005203
4117.758555747613 0.09460390710635212
4121.603526636462 0.09625060092894279
4125.314577307766 0.09773449196013737
4129.166603657139 0.09915472471702302
4133.022226849059 0.1004432309445123
4136.881450242096 0.10159213786878225
4140.744277197941 0.10259314943113955
4144.610711081436 0.10343892931750585
4148.4807552605635 0.1041250188247136
4152.354413106447 0.10464725508335669
4156.231687993362 0.10500221597093921
4160.112583298733 0.10519140324390025
4163.997102403139 0.10521346773778176
4167.88524869031 0.10507152599836722
4171.777025547141 0.10476946544362425
4175.672436363691 0.10431233831907424
4179.432170141567 0.10372976603485307
4183.334728975111 0.10298626462680444
4187.240931836075 0.10210757930116912
4191.150782127088 0.10110169129479427
4195.064283253948 0.09997825305739041
4198.981438625637 0.09874399349171148
4202.902251654316 0.10874904325593798
4206.826725755338 0.10844345074763899
4210.754864347239 0.10830025252112363
4214.686670851755 0.10828455713290684
4218.622148693802 0.10836584758739064
4222.56130130151 0.10851383696977254
4226.504132106202 0.10870348542214686
4230.450644542408 0.10891253123170723
4234.259700072106 0.10911550517963789
4238.213454295962 0.10931128508839684
4242.1709003511105 0.10947994660587627
4246.132041684812 0.10961125172075513
4250.096881747545 0.10969831032621187
4254.06542399301 0.10973813344623633
4258.037671878137 0.1097306589424981
4262.01362886307 0.10967784496840648
4265.9932984112 0.10958839805473505
4269.976683989144 0.10947298271763303
4273.963789066755 0.1093446693077179
4277.954617117133 0.10922219376895248
4281.949171616618 0.10912902463177201
4285.947456044785 0.10908807186529255
4289.806480349556 0.10912406066439864
4293.812101566157 0.10926613263100773
4297.821463045029 0.10954295773754633
4301.834568278656 0.10998017575417575
4305.851420762784 0.11059621337926163
4309.872023996414 0.11140189415680456
4313.8963814818235 0.11239042976531663
4317.924496724559 0.1135371683159142
4321.956373233438 0.11478926266020421
4325.992014520556 0.11605305814398596
4330.031424101292 0.11718959719415442
4334.074605494294 0.11799362787092188
4338.121562221509 0.1181848650393352
4342.172297808166 0.11738338205224139
4346.081946399195 0.0999258645515454
4350.140115021333 0.10294485385290757
4354.202072972055 0.1059232538664519
4358.267823789664 0.10884999680038869
4362.337371015761 0.1117107378150967
4366.410718195256 0.11449263353863784
4370.487868876368 0.11718150255810765
4374.568826610634 0.11976500284080933
4378.653594952893 0.12223135192508416
4382.7421774613185 0.12456663530664505
4386.834577697401 0.12676094372788949
4390.930799225956 0.128800787990809
4395.030845615128 0.13067981584177274
4399.134720436395 0.1323877678200866
4403.095657424133 0.1338659914787206
4407.207062790526 0.13521813734732485
4411.322307195497 0.13638065668742486
4415.44139422376 0.13735145636935533
4419.564327463378 0.1381275366176332
4423.691110505767 0.13870917048433706
4427.821746945685 0.13909694166326317
4431.95624038126 0.13929408602329285
4436.094594413974 0.13930409709901892
4440.236812648673 0.13913058365666506
4444.382898693567 0.13878276987207155
4448.532856160244 0.1382686411891966
4452.686688663645 0.14006294399473276
4456.844399822106 0.13925492881073395
4460.857298029069 0.13871010910574322
4465.022638521482 0.13830519742937997
4469.191868414577 0.1379958897093715
4473.364991340094 0.1377331534715651
4477.542010933171 0.1374853248687238
4481.722930832326 0.13722941520425175
4485.907754679485 0.13695704374398068
4490.096486119975 0.13666352751334065
4494.289128802524 0.13635438180679635
4498.485686379266 0.13603867345678144
4502.686162505753 0.1357302986166303
4506.890560840933 0.13544247313744248
4511.098885047187 0.1351872255580176
4515.160633451049 0.13498432482874123
4519.376679865394 0.13483160606877823
4523.5966630272505 0.13475173973298984
4527.820586612561 0.1347511213995693
4532.048454300713 0.13483804481952652
4536.280269774527 0.13501859263139915
4540.516036720261 0.13529196505651414
4544.755758827613 0.13565812685033982
4548.999439789735 0.13611243628669104
4553.247083303211 0.1366491935206241
4557.4986930680925 0.13725788742552372
4561.754272787879 0.1379261374867318
4566.013826169529 0.13864321040962524
4570.277356923463 0.139390863004464
4574.392389032656 0.14012690396763477
4578.663743297819 0.14089043310433455
4582.939085954381 0.14163689163711668
4587.218420726515 0.1423521950676525
4591.501751341873 0.1430201389789847
4595.789081531588 0.14362804662927478
4600.080415030278 0.1441637147212767
4604.375755576039 0.14462251060188824
4608.675106910469 0.14499540254235327
4612.9784727786555 0.14528110295375346
4617.285856929183 0.14548481768091084
4621.597263114134 0.14561198010231996
4625.912695089104 0.14567260590493292
4630.232156613178 0.14568133187085838
4634.401171425505 0.1456571997876347
4638.728559092882 0.14561969752478235
4643.059987473036 0.1455929837572617
4647.395460339 0.14559943994593835
4651.734981467317 0.14566912562684484
4656.07855463807 0.14582198153834736
4660.426183634868 0.14607944977362589
4664.777872244851 0.14645042848361745
4669.133624258698 0.14694161265599018
4673.493443470628 0.14754186430311358
4677.857333678395 0.14822193024430497
4682.225298683307 0.14892858095151432
4686.597342290222 0.14958199690178348
4690.973468307545 0.1500641023882733
4695.197173990569 0.15021666915476678
4699.581330129647 0.13946573935818676
4703.969579989248 0.14140940808682895
4708.361927391901 0.14332934067839373
4712.7583761637015 0.14521089256839612
4717.158930134317 0.14704219442024893
4721.563593136991 0.1488161537608014
4725.972369008548 0.1505281729582629
4730.3852615893875 0.15217162849362642
4734.802274723503 0.15374453046917994
4739.223412258475 0.1552436352482844
4743.648678045478 0.15666443306055977
4748.07807593928 0.1580079637844908
4752.511609798255 0.1592713329697214
4756.79072380957 0.16041344047016284
4761.232393132767 0.16151785106700525
4765.678209879621 0.16254059097999315
4770.128177922802 0.16348001236504928
4774.582301138601 0.16433892460144742
4779.040583406917 0.16511311927637837
4783.503028611282 0.16580644210482837
4787.969640638852 0.16641784109712426
4792.440423380413 0.16694640160314017
4796.915380730383 0.1673942609761678
4801.394516586815 0.16776149678976118
4805.8778348514115 0.16804978161930892
4810.365339429497 0.16826167485527765
4814.857034230063 0.16839761200605252
4819.192283439171 0.1684593785165203
4823.692220428367 0.16845701817196163
4828.1963592488555 0.16839029107497608
4832.704703824097 0.16825999707138958
4837.217258081236 0.1680744074040335
4841.734025951077 0.16784108452849655
4846.255011368094 0.16756537341204084
4850.780218270437 0.1672533472782367
4855.3096505999365 0.16691550161311539
4859.8433123020895 0.16656002053319405
4864.381207326092 0.16619869418399186
4868.923339624823 0.16584178382536224
4873.469713154851 0.16549868701839918
4878.02033187644 0.1651831252348254
4882.412452688223 0.16491423647346456
4886.971421722903 0.16468578628585526
4891.534647710239 0.16451904108466356
4896.1021346251755 0.1644275192156715
4900.673886446368 0.16442192928882593
4905.249907156191 0.16451021305208674
4909.830200740724 0.16470410321765414
4914.414771189783 0.16501192781832436
4919.003622496905 0.16543942813190188
4923.596758659356 0.1659882581377622
4928.194183678133 0.16666325692178813
4932.795901557971 0.16746229071324883
4937.401916307348 0.16838341759865352
4942.01223193847 0.1694166875368887
4946.461970418262 0.17051068729486854
4951.080745905357 0.17173035333756617
4955.703834189583 0.17302100376847718
4960.331239298035 0.17435961678378678
4964.962965261552 0.17571936297772717
4969.599016114753 0.17707102829486243
4974.239395896016 0.17838057105531968
4978.884108647494 0.17960980974093027
4983.533158415112 0.18072205363216975
4988.186549248578 0.1816735277593456
4992.844285201367 0.1824207476313899
4997.506370330754 0.18292744880932543
5002.172808697797 0.1831502672753228
5006.843604367347 0.18305078185872947
5011.351716367697 0.1826293789993909
5016.031082873129 0.1818348249181441
5020.714818752759 0.18067275410063155
5025.402928086507 0.179154203403183
5030.095414958099 0.17730933042817446
5034.792283455076 0.17519694656456924
5039.493537668795 0.17290682319165365
5044.199181694441 0.1705724344819682
5048.909219631002 0.16836783953001302
5053.623655581316 0.16652634853408915
5058.342493652044 0.15686344828024867
5063.065737953674 0.16014401316332447
5067.793392600543 0.16334962401364406
5072.356383181785 0.166363428785331
5077.092712999855 0.16940456144462554
5081.83346538181 0.17235281638381214
5086.578644457231 0.17520456001203197
5091.3282543595615 0.1779541160033614
5096.082299226098 0.18059921328383843
5100.840783198009 0.1831323053094963
5105.603710420315 0.1855509019387535
5110.37108504192 0.18772664973113035
5115.142911215598 0.18922684739658896
5119.919193098001 0.19074987092478712
5124.699934849663 0.1922792195112731
5129.485140635 0.19379271491394423
5134.274814622319 0.1952794755810144
5138.897664412297 0.19667218924853277
5143.696127375323 0.19806176709147325
5148.499070919266 0.1993840654871999
5153.306499227884 0.20063052952474975
5158.11841648884 0.2017916837818783
5162.934826893713 0.20285881769119427
5167.755734637982 0.2038294890088911
5172.581143921057 0.20469774854552528
5177.411058946266 0.20545684649090806
5182.24548392086 0.20610736205542834
5187.084423056021 0.2066482327223049
5191.927880566864 0.20707678034519106
5196.775860672429 0.2073950153840146
5201.628367595709 0.20760335315693923
5206.311861852419 0.2077023829426084
5211.173273048845 0.2077019579360976
5216.0392236043135 0.20760117432827543
5220.9097177574695 0.20740200048256663
5225.784759750903 0.20711201346874675
5230.664353831179 0.2067343043831854
5235.548504248826 0.20627840520023713
5240.437215258338 0.2057466413860163
5245.330491118183 0.20514774547629855
5250.228336090811 0.20449315578959967
5255.130754442636 0.20382382921928568
5260.037750444072 0.2031129906743444
5264.949328369513 0.2023664070481646
5269.865492497347 0.201594224130937
5274.610426780143 0.20083329804813793
5279.535611991083 0.20003796541142563
5284.465396110265 0.19924491528275987
5289.399783431934 0.19846373091336164
5294.338778254347 0.1977029743573518
5299.282384879772 0.19697626735909995
5304.230607614501 0.19629103067886453
5309.183450768832 0.19565714767095393
5314.140918657102 0.19508527717171337
5319.103015597671 0.19458600501368578
5324.069745912934 0.19416728076835107
5329.041113929319 0.19383968036465668
5334.017123977301 0.19361210142177682
5338.997780391381 0.1934909771450749
5343.804960696075 0.19348411501217458
5348.794756535583 0.19359589961586252
5353.789211613723 0.19383540711865752
5358.788330281076 0.1942082077928304
5363.792116892289 0.19471681448139716
5368.800575806061 0.19536482843019576
5373.813711385173 0.19615106067985733
5378.831527996478 0.19707543495610308
5383.854030010906 0.1981346675768681
5388.881221803468 0.19932208587464584
5393.913107753266 0.20063203232569887
5398.949692243473 0.20204815455990668
5403.990979661372 0.20355920965690638
5409.036974398339 0.20514640377432491
5413.907217294148 0.20672364860789377
5418.962471351333 0.20838768605937938
5424.022445768976 0.21004114225660037
5429.087144954735 0.21165099057836237
5434.156573320378 0.21317205494720845
5439.230735281793 0.21454944671655357
5444.309635258992 0.21572721473455345
5449.393277676116 0.21663631180932624
5454.481666961426 0.21720173841564866
5459.574807547328 0.21733771427313373
5464.672703870369 0.21694341220609592
5469.775360371233 0.21591257811498404
5474.882781494751 0.21412451949266115
5479.994971689906 0.16809814956034339
5484.929104458141 0.1717577853204204
5490.0506754411235 0.1754852071289038
5495.177028708222 0.17913375643514717
5500.3081687249105 0.18270322386324825
5505.444099960831 0.18618430953542625
5510.58482688981 0.1895759589521598
5515.730353989827 0.19286838380868
5520.8806857430645 0.19606207052355093
5526.035826635884 0.19915115319590287
5531.195781158836 0.20212994047715238
5536.360553806664 0.2049965612520339
5541.530149078312 0.20774501727883662
5546.704571476913 0.21037505945653148
5551.883825509815 0.2128784570273141
5556.882686284391 0.2151756586953409
5562.071444166198 0.21742943783876698
5567.265047068119 0.21954863951316017
5572.463499514198 0.22153567646827804
5577.6668060327165 0.2233846831707469
5582.874971156182 0.22509384267041907
5588.087999421334 0.22666172656831735
5593.305895369145 0.22808621159556605
5598.528663544833 0.2293644877049665
5603.756308497861 0.23049598014463638
5608.988834781926 0.2314815571033138
5614.226246954991 0.232314142158403
5619.468549579274 0.23235754051613824
5624.7157472212475 0.23367821110289935
5629.780185131084 0.23462523266445043
5635.037011297406 0.23532132108166823
5640.298746042831 0.2357728795103789
5645.565393950752 0.23601790236938378
5650.836959608854 0.23609100671627287
5656.113447609105 0.2360169017815879
5661.394862547756 0.23582160547324346
5666.681209025355 0.23552093436206828
5671.972491646747 0.2351338893942748
5677.268715021062 0.23466811572166185
5682.56988376175 0.23413744250582336
5687.876002486565 0.23354540375631436
5693.187075817569 0.23289960117223252
5698.313164628155 0.23222949079157054
5703.633983694389 0.23148668360068525
5708.959771093299 0.2306985966199473
5714.29053146409 0.22986879583625996
5719.626269450292 0.2289946784384244
5724.9669896997675 0.22807883765639572
5730.312696864724 0.22712173409792197
5735.663395601715 0.22612596119042633
5741.019090571626 0.2250940238595421
5746.379786439714 0.22402544825388726
5751.745487875582 0.22290894572443518
5757.116199553197 0.22172832070371976
5762.4919261508885 0.22052386915317074
5767.872672351362 0.21929800533097452
5773.066007327515 0.21810303312482193
5778.456627111815 0.2168524222590923
5783.852280405452 0.21559758535587398
5789.252971908484 0.21434996436391862
5794.658706325362 0.21311326811557085
5800.069488364911 0.211899472701632
5805.485322740372 0.21071660421244254
5810.90621416938 0.20957620453542775
5816.332167373977 0.20848861325407828
5821.763187080613 0.20746494574788493
5827.19927802015 0.20651426220142105
5832.640444927875 0.20565097203523217
5838.086692543478 0.20488480397255782
5843.538025611096 0.20422815404975708
5848.799488915992 0.20370611836028887
5854.260825093221 0.2032931967460304
5859.727260811464 0.2030165557876591
5865.198800832422 0.20288364800934314
5870.6754499222625 0.20290221602526184
5876.157212851594 0.20307499168684817
5881.644094395481 0.2034023354372976
5887.136099333448 0.20388503299363006
5892.633232449488 0.20451517491453106
5898.135498532041 0.20528332355012816
5903.64290237404 0.20617560214064604
5909.155448772883 0.20716996304474056
5914.67314253045 0.20824132199917786
5920.195988453105 0.2093530978316241
5925.526473822509 0.2104275430144233
5931.059454079729 0.21149053641817292
5936.597600775859 0.21243844887391297
5942.140918735076 0.21319948564073044
5947.689412786066 0.21368334859511928
5953.243087762021 0.21378860567016558
5958.801948500653 0.21339281929382567
5964.365999844174 0.21235883336301067
5969.935246639336 0.21052758279622127
5975.509693737406 0.1523746671181435
5981.089345994188 0.15603285120146887
5986.674208270014 0.15965257026411225
5992.264285429764 0.16322498869172686
5997.85958234284 0.16674690274373835
6003.259995236896 0.17011108996686733
6008.865559430956 0.17355564891117703
6014.476357839418 0.17693390970485384
6020.092395349756 0.18024410397950535
6025.713676853984 0.1834799863698116
6031.340207248707 0.1866370399047002
6036.971991435094 0.18970921260778414
6042.60903431889 0.19269565168605576
6048.251340810421 0.19559162546794454
6053.898915824607 0.198395149537116
6059.551764280933 0.2010992583400331
6065.209891103501 0.20370420257714705
6070.873301221004 0.20620698878445987
6076.541999566735 0.20860580863194467
6082.013257323809 0.2108198597784298
6087.692357640993 0.21300837259442823
6093.376760837175 0.21508827149843807
6099.066471863945 0.21705878002772905
6104.761495677505 0.21891653775408146
6110.4618372386885 0.22066321997336977
6116.167501512961 0.22229688894443672
6121.878493470429 0.22381874734251153
6127.594818085822 0.22522833505067746
6133.316480338535 0.22652540970183635
6139.043485212603 0.22771089840778158
6144.775837696718 0.22878199038634542
6150.513542784227 0.22974105884017718
6156.25660547315 0.23059069555691866
6161.799637465627 0.23130264285510566
6167.553238583378 0.23193281567071808
6173.312212145507 0.23244934099888392
6179.076563168553 0.2328565127680752
6184.8462966737425 0.23315176607376265
6190.621417686976 0.23333563611562907
6196.401931238862 0.23340689457157304
6202.187842364702 0.2333664142730369
6207.979156104499 0.2332112041475433
6213.775877502962 0.23294251434650712
6219.578011609517 0.23255766401445177
6225.385563478284 0.23205622013769575
6231.198538168125 0.23143590247149884
6237.016940742617 0.233170818223893
6242.632688534778 0.23389791807655202
6248.461767785598 0.23420681804522053
6254.296289958763 0.23414049493624764
6260.136260136607 0.23377214353973563
6265.98168340623 0.23315645429226428
6271.832564859475 0.23234535271848708
6277.688909592937 0.23137340362775782
6283.550722707974 0.23028210827567547
6289.418009310712 0.22909231332321706
6295.290774512026 0.2278265801008791
6301.16902342758 0.22650120960377318
6307.052761177813 0.22513013775263127
6312.941992887943 0.22372216149602184
6318.836723687972 0.22228296401371467
6324.526141195934 0.22087088367443247
6330.431688733373 0.2193844917926172
6336.3427505956715 0.21787941936781943
6342.259331931847 0.21635519893813204
6348.181437895727 0.2148171060203221
6354.109073645957 0.21326840300664793
6360.042244345984 0.21170855222517185
6365.980955164088 0.21014534320346123
6371.925211273377 0.20857903605717348
6377.875017851782 0.2070243869126145
6383.830380082074 0.2054831255488941
6389.79130315186 0.20396767649989936
6395.757792253601 0.20249007767607582
6401.516468723825 0.2011118587776243
6407.493906238314 0.19974616211815166
6413.476925205169 0.19846208432726073
6419.465530836089 0.19727547014281513
6425.459728347649 0.19620362450389836
6431.4595229612705 0.19526877604057016
6437.464919903275 0.19448524839063325
6443.475924404855 0.19387167437519148
6449.492541702088 0.19344684201612503
6455.51477703594 0.19322396058254787
6461.5426356522785 0.19321676933040902
6467.576122801851 0.19343115921837684
6473.615243740323 0.193873841881614
6479.660003728266 0.19453614948995046
6485.494224912145 0.1953760264810372
6491.550076938682 0.196433006263225
6497.611583637393 0.19764842716702055
6503.678750288353 0.19896133490103146
6509.751582176561 0.2003145645952266
6515.830084591952 0.20163622932546416
6521.9142628294 0.20282668843816612
6528.004122188723 0.2037564307991538
6534.099667974694 0.20427010717103256
6540.200905497019 0.20418157372131712
6546.3078400703835 0.20326649927416235
6552.420477014428 0.20125916624676843
6558.538821653759 0.19784844936651005
6564.662879317959 0.19267272133793978
6570.57363624248 0.13072785199145331
6576.708931455243 0.13423739086182243
6582.849955520529 0.1377521756036115
6588.996713787678 0.14126772317234942
6595.1492116110085 0.14477885256118916
6601.307454349857 0.1482827636897435
6607.471447368557 0.15177412421257427
6613.641196036451 0.15524876720280958
6619.816705727898 0.15869974877539014
6625.997981822277 0.16212486080269553
6632.1850297039755 0.16551769611104045
6638.377854762424 0.16887247384489815
6644.576462392081 0.1721847715978126
6650.780857992443 0.17544871979973484
6656.769154685287 0.17854809132098173
6662.984935253049 0.18170345163736132
6669.206519826805 0.18479763701604432
6675.433913826064 0.1878223705616032
6681.667122675396 0.19077506404682124
6687.906151804437 0.1936516417341129
6694.151006647894 0.19644642136182622
6700.401692645552 0.1991572848658979
6706.65821524226 0.20177876746195453
6712.920579887967 0.20430817377350616
6719.188792037705 0.20674209633975354
6725.462857151602 0.20908100172721633
6731.742780694883 0.21131822201737588
6738.028568137883 0.21345278048926175
6744.095421797981 0.21541619780211707
6750.392743561113 0.21734758091188572
6756.695945469603 0.21917493775554941
6763.005033014058 0.2208973040768894
6769.320011690215 0.22251391422894606
6775.640886998925 0.22402521215838075
6781.967664446196 0.22543287165729273
6788.3003495431685 0.22673779559667012
6794.63894780613 0.22794210657808459
6800.983464756521 0.2290471191688673
6807.333905920941 0.23005339037367245
6813.690276831132 0.2309656239768037
6820.05258302402 0.231783717090577
6826.420830041697 0.23251275083508705
6832.567271212033 0.2331329048925299
6838.947203861859 0.23369157776604044
6845.333093795243 0.23417031611444808
6851.7249465748055 0.2345675585612484
6858.122767768379 0.2348901542366006
6864.526562948992 0.23513671031319647
6870.936337694875 0.23531321125578905
6877.352097589466 0.235419510084841
6883.773848221425 0.23545963163688408
6890.20159518461 0.23543355313361342
6896.635344078121 0.23534541814851148
6903.075100506282 0.2351911839992667
6909.520870078648 0.23497405454989656
6915.972658410013 0.23469524776403006
6922.199731152664 0.2343678144433758
6928.663358413163 0.23396324731020707
6935.133021107337 0.2334937057364306
6941.608724870793 0.2329555018112873
6948.090475344398 0.23234910229638106
6954.578278174297 0.2316709976092664
6961.072139011883 0.23091775736066328
6967.572063513849 0.23008201836030445
6974.078057342161 0.22916171845593927
6980.590126164072 0.22815486841793078
6987.10827565213 0.22705367414265676
6993.632511484182 0.2258525890988076
7000.16283934336 0.2245469797822665
7006.699264918122 0.22311584820720876
7013.008026991583 0.23466588231012245
7019.556446803477 0.23437653794969057
7026.110981224375 0.23390867418072234
7032.671635963821 0.2332859416717405
7039.23841673667 0.2325217961583105
7045.811329263133 0.23163698172765532
7052.390379268755 0.2306379688076758
7058.975572484429 0.22954137477945807
7065.566914646396 0.228349643821935
7072.164411496265 0.22707228266892504
7078.768068780979 0.22571775076553918
7085.3778922528745 0.22428850970235747
7091.99388766965 0.22279194096320132
7098.616060794377 0.22123533265724987
7105.00758383329 0.21967997611999668
7111.641908540541 0.2180224387527658
7118.282428070782 0.21632511905661997
7124.92914820845 0.21459949529747052
7131.582074743382 0.21285579860358894
7138.241213470822 0.2111086269667675
7144.906570191434 0.20936839705979363
7151.578150711275 0.20765341560298448
7158.255960841846 0.20598048299829633
7164.940006400067 0.2043667535528255
7171.630293208289 0.20283332581491653
7178.3268270943 0.20139714916822546
7185.029613891338 0.2000773855073106
7191.498942830825 0.19893398531836431
7198.214029135188 0.19789867520695525
7204.9353856739535 0.1970313324026114
7211.663018301974 0.19634358675674332
7218.396932879568 0.19584303482492693
7225.137135272536 0.1955334134554839
7231.883631352131 0.19540781321657016
7238.63642699511 0.19545215745386063
7245.395528083714 0.19564075311256837
7252.160940505672 0.19593876067610105
7258.932670154215 0.19628975210450303
7265.71072292808 0.19661888761759683
7272.495104731493 0.19683526435295212
7279.285821474212 0.19681917450201594
7285.840017762091 0.1964456377966396
7292.643195362197 0.19550945370592693
7299.452725452256 0.11074568847650575
7306.268613963914 0.11376428268903463
7313.090866834372 0.11678816815562985
7319.919490006375 0.11981871242437823
7326.754489428211 0.1228528538384442
7333.5958710537325 0.1258897018519345
7340.443640842331 0.12892738499205147
7347.2978047589795 0.13196414481208538
7354.158368774219 0.135000635860378
7361.025338864161 0.1380329959866171
7367.898721010502 0.14105969935459636
7374.778521200519 0.14407932214081076
7381.418698161979 0.1469827805469955
7388.311122676093 0.1499828449652456
7395.20998301476 0.15296883872583517
7402.11528518745 0.15594027668703156
7409.02703520925 0.1588933122029129
7415.945239100866 0.16182476040495836
7422.869902888607 0.1647328261660776
7429.801032604429 0.1676158100967776
7436.7386342859145 0.17046983141186015
7443.682713976284 0.17329171928581721
7450.633277724399 0.17607907498359907
7457.590331584778 0.17882796754860242
7464.553881617571 0.1815383858393714
7471.523933888608 0.18420325538979246
7478.251219453879 0.18672847728287856
7485.234061660149 0.18929897024803038
7492.223424118801 0.1918154808356452
7499.21931291813 0.19427665436596248
7506.221734152133 0.1966786536860359
7513.230693920495 0.19901939077604366
7520.246198328594 0.20129421419354318
7527.268253487508 0.2035020295497171
7534.296865514026 0.20563825256330268
7541.332040530649 0.20770198002253376
7548.373784665578 0.20969149198443038
7555.4221040527555 0.21160243047721125
7562.477004831846 0.21343415469165897
7569.538493148247 0.21518434093101643
7576.354030044249 0.21679182176238404
7583.4284760795745 0.21837659330301915
7590.509527902659 0.2198743903906634
7597.597191681678 0.22128325369723978
7604.691473590568 0.22260430900452877
7611.792379809031 0.22383585260855196
7618.899916522546 0.22497731543905017
7626.014089922343 0.2260262423273331
7633.134906205459 0.2269843183576178
7640.262371574708 0.2278523003692668
7647.396492238697 0.22862817020678786
7654.5372744118295 0.22931395028177787
7661.68472431432 0.22990882711247426
7668.838848172168 0.23041107000978528
7675.743794116555 0.23081316628655404
7682.911045678075 0.23114261772155503
7690.084989684826 0.23138408032032023
7697.265632385901 0.23153928547858696
7704.452980036235 0.2316091014343533
7711.647038896583 0.23159342152238324
7718.8478152335665 0.23149736843303362
7726.055315319652 0.23131900949230985
7733.269545433164 0.23106054422563527
7740.4905118582865 0.23072226378231234
7747.718220885083 0.2303075543919748
7754.952678809463 0.22981580376610183
7762.19389193324 0.22924853624177588
7769.441866564105 0.22860930624937625
7776.437394461979 0.22792196901685177
7783.6986690112035 0.22713866913694208
7790.96672379993 0.22628444513775248
7798.24156515924 0.22535915071247908
7805.523199426117 0.22436566291503424
7812.811632943458 0.22330097480703914
7820.106872060089 0.22216809297877047
7827.408923130768 0.22096715680004247
7834.717792516165 0.2196925544378935
7842.033486582911 0.2183504630250678
7849.356011703575 0.21693933107064425
7856.685374256678 0.2154568328246941
7864.021580626694 0.21390171793921678
7871.36463720407 0.21227388088416274
7878.45193534718 0.21063361824135454
7885.808466316759 0.20885896058997025
7893.171866471853 0.20701101071506844
7900.542142226585 0.2050829573004535
7907.919300001072 0.2030764835305119
7915.303346221428 0.2009898196777365
7922.694287319748 0.19882150056024037
7930.092129734155 0.19657203977455057
7937.4968799087765 0.19423791649860678
7944.908544293757 0.1918202183065864
7952.327129345263 0.18931698045578796
7959.752641525499 0.18672825044574057
7967.185087302677 0.18405439063812468
7974.624473151076 0.18129691443177365
7981.804745419678 0.17855973060306182
7989.257782422972 0.17563903388151073
7996.717778724621 0.17263940561702687
8004.184740822878 0.1695692972025108
8011.6586752220865 0.19279046839575908
8019.139588432656 0.19117155420400514
8026.627486971074 0.18947132397564784
8034.122377359916 0.1877061967452219
8041.624266127852 0.1858946126321221
8049.133159809627 0.18405442375995454
8056.649064946109 0.1822003944653478
8064.17198808427 0.1803468058347385
8071.7019357771915 0.17851283278442612
8078.969615624062 0.17677095946913976
8086.513380651432 0.17501018413481895
8094.06418969474 0.17330802197736636
8101.622049331366 0.1716811855246169
8109.1869661448245 0.1701428185567999
8116.75894672478 0.1687093318381432
8124.337997667046 0.16739371917208956
8131.924125573607 0.16621166311776595
8139.517337052585 0.16517861392155037
8147.117638718298 0.16430701503450834
8154.725037191231 0.16360948751804144
8162.339539098053 0.16309890076334885
8169.961151071619 0.1627834863272967
8177.589879750984 0.1626735907920521
8184.952900045577 0.16276495745047914
8192.595627320918 0.1630641434770631
8200.245491018533 0.16356990579869332
8207.902497802084 0.07338490075255659
8215.566654341459 0.07546924166562949
8223.237967312749 0.0775616627319389
8230.916443398304 0.07966168340146483
8238.602089286707 0.08176898665387185
8246.294911672785 0.08388299859906638
8253.994917257618 0.08600330466930242
8261.70211274855 0.08813033426928762
8269.41650485916 0.090261983500782
8277.13810030933 0.09240012171794085
8284.866905825198 0.0945440443333178
8292.32651728317 0.09661655475289271
8300.069505034437 0.0987714828446203
8307.819722826525 0.10093189639533955
8315.577177410523 0.10309924451916021
8323.341875543805 0.1052714923883103
8331.113823990063 0.10744890754396927
8338.8930295193 0.10963185486625228
8346.67949890785 0.11182081547222207
8354.473238938348 0.11401440867987563
8362.274256399789 0.11621119383482062
8370.0825580875 0.11841232904945029
8377.898150803152 0.1206164527851538
8385.721041354765 0.12282112147732681
8393.55123655672 0.1250270867845757
8401.108706301146 0.12715459610630622
8408.953269786953 0.12935821597562736
8416.805158160276 0.13155840870751206
8424.664378260753 0.13375486930662056
8432.530936934409 0.13594200726272396
8440.40484103367 0.13812059204111934
8448.286097417336 0.14028724182967683
8456.174712950635 0.14244093334839975
8464.070694505195 0.14457812667234024
8471.974048959068 0.1466951808941252
8479.884783196718 0.14879026544991827
8487.802904109056 0.15085957472735093
8495.728418593397 0.15290257803825386
8503.661333553518 0.15491197955241112
8511.317945330093 0.1568187267572794
8519.265417063194 0.1587574799841545
8527.22030977474 0.16065525239926767
8535.18263039408 0.16250858573194368
8543.152385857053 0.16431470190699834
8551.129583105972 0.16606864805472038
8559.11422908963 0.1677690637333822
8567.106330763307 0.16941022002738018
8575.105895088778 0.1709900260849117
8583.112929034329 0.17250649556616837
8591.127439574724 0.17395462401244663
8599.14943369127 0.1753340056608352
8607.178918371777 0.17663817101388993
8615.21590061059 0.17786762140668466
8622.972955005753 0.17897801399372182
8631.024684979346 0.18005280697745638
8639.08393328286 0.18104257077651387
8647.150706936558 0.1819474149958899
8655.225012967265 0.18276685772054296
8663.30685840836 0.1834996674013714
8671.396250299804 0.18414396303143013
8679.493195688101 0.18469639443296607
8687.597701626362 0.18515772264613817
8695.709775174279 0.18552970413771053
8703.829423398132 0.18581098586058514
8711.956653370798 0.18599952743576292
8720.09147217177 0.1860966547737284
8728.233886887128 0.18610306126514284
8736.09270154892 0.18602671532848178
8744.250057465977 0.18585994893755156
8752.415030341535 0.18560442000591398
8760.587627287954 0.18526457283444958
8768.767855424243 0.18484087202097912
8776.955721876035 0.1843338991156532
8785.151233775641 0.1837475850674738
8793.354398262023 0.18308587489823452
8801.565222480811 0.1823464399390251
8809.783713584306 0.18153580000247208
8818.009878731495 0.18065413263346672
8826.243725088023 0.17970646322179543
8834.485259826257 0.1786954548453406
8842.734490125247 0.1776229857237645
8850.696399987188 0.1765342893442501
8858.960767492788 0.1753491726627653
8867.232851879311 0.1741138597169328
8875.512660352428 0.17282801189782593
8883.800200124528 0.1714974006976039
8892.095478414742 0.170121710929927
8900.398502448934 0.16870589375595704
8908.70927945973 0.16725112744153284
8917.027816686477 0.16576011755414077
8925.354121375314 0.16423692442657922
8933.688200779134 0.16267981072166682
8942.030062157604 0.16109358058555726
8950.379712777167 0.1594807459811019
8958.737159911065 0.15783897427053264
8966.803517418877 0.15623109858452378
8975.17630033554 0.15453922858540328
8983.55690136639 0.15282270462477554
8991.945327811613 0.15108075019844538
9000.341586978217 0.14931651128246662
9008.745686180042 0.14753893177377145
9017.15763273773 0.14573514128192122
9025.577433978784 0.14390596688771398
9034.005097237541 0.14204920155207704
9042.440629855186 0.1401628198770109
9050.884039179758 0.13824804105815724
9059.335332566172 0.13630013389981813
9067.794517376176 0.1343206565737686
9075.95906903998 0.13237752961967839
9084.43377631978 0.13032500639560407
9092.91639688598 0.1282344465774361
9101.406938127648 0.1261026179160416
9109.905407440721 0.12392837065176722
9118.411812228076 0.12170978350536188
9126.926159899487 0.11944484669679185
9135.448457871646 0.11713301621539295
9143.978713568176 0.11477263576086
9152.516934419637 0.11236501624397505
9161.063127863501 0.10990696999975465
9169.617301344211 0.10740169206120348
9178.179462313155 0.10484801382047872
9186.749618228678 0.10224901080607228
9195.021275877816 0.09970134031550065
9203.607157893359 0.09702003542943857
9212.201057005077 0.09430225467780001
9220.802980698969 0.09155278153166417
9229.412936468016 0.08877695622505094
9238.030931812196 0.08598251180874815
9246.656974238487 0.08317587775945631
9255.291071260894 0.08036725478535646
9263.933230400396 0.07756416501947598
9272.58345918504 0.07477997184369327
9281.241765149878 0.07202450802548738
9289.908155837005 0.06931058027282015
9298.58263879556 0.06665263826469037
9307.265221581738 0.06406369142455114
9315.645390277085 0.06164731348826487
9324.343905464786 0.059238206883262166
9333.050542920275 0.0569432444470294
9341.765310227745 0.07191388509745165
9350.488214978475 0.07910445673827336
9359.219264770829 0.08075366614464426
9367.958467210266 0.07919087486752718
9376.705829909348 0.028397941451419995
9385.461360487745 0.026238549050789206
9394.225066572253 0.024244634686092222
9402.996955796756 0.022838146945623316
9411.7770358023 0.022206736861807384
9420.565314237054 0.02237052005907957
9429.36179875633 0.023236726765203903
9437.851901990938 0.02458583325827437
9446.664527919618 0.02632736586295242
9455.485382667373 0.028216161419334588
9464.314473917892 0.030059717663267305
9473.151809362034 0.031691294537065054
9481.997396697845 0.032979316752223146
9490.851243630566 0.03383077645173943
9499.713357872603 0.034194810672416906
9508.583747143593 0.03406006399303302
9517.462419170375 0.03345121875112074
9526.349381686996 0.032425227448147236
9535.244642434733 0.031064702146549973
9544.148209162093 0.029471725352892223
9553.060089624796 0.027760866029980517
9561.66156956567 0.026112039158346808
9570.5898031875 0.02452060097945488
9579.526373577479 0.023162468869740174
9588.47128852009 0.022140745296686477
9597.424555807098 0.021543333203030455
9606.38618323751 0.021439581342711914
9615.356178617652 0.0218768071626481
9624.334549761123 0.022879674304550412
9633.32130448882 0.0244492511256456
9642.316450628941 0.02656291632101276
9651.319996017011 0.02917650434294096
9660.331948495832 0.03222508205341015
9669.352315915565 0.03562612811327314
9678.381106133686 0.03928281792701042
9687.095423866802 0.04294963850754684
9696.140781771608 0.04678639495802649
9705.194585809744 0.05054126750548407
9714.256843867826 0.05409625648372212
9723.327563839823 0.05734026561360648
9732.406753627074 0.06016926847574844
9741.494421138299 0.06249257988939013
9750.590574289612 0.0642366235501328
9759.695221004486 0.06534361537683404
9768.808369213826 0.06577909795112773
9777.93002685593 0.06553037414700101
9787.06020187651 0.06460575837714132
9796.198902228696 0.06303852347713008
9805.346135873047 0.06088335913588525
9814.174771651516 0.05831865951720667
9823.338790324347 0.05524493089302199
9832.51136593041 0.0518564024188793
9841.692506459767 0.04827313394771295
9850.882219909947 0.044622603322549234
9860.080514285952 0.041034019800675656
9869.28739760023 0.03763539025201766
9878.502877872743 0.0345456983392666
9887.726963130928 0.03187132934780229
9896.959661409719 0.029700820465962525
9906.200980751553 0.028098472986068202
9915.45092920639 0.027101246544975397
9924.709514831668 0.026714831977354886
9933.976745692387 0.026910433722593854
9942.921199187867 0.02759117042331417
9952.205435270054 0.028711415127193236
9961.49834053889 0.030122860277863307
9970.79992308924 0.03166259749048507
9980.110191023552 0.03314333947905837
9989.429152451836 0.03436063793855169
9998.756815491668 0.03510361153161489
10008.093188268209 0.035168774485993155
10017.438278914204 0.03437255047433501
10026.792095569994 0.032572128512325826
10036.154646383518 0.029686337647420725
10045.525939510326 0.02572105066097453
10054.905983113604 0.02079299529450987
10064.294785364098 0.015161487421736255
10073.356575921582 0.009466366361935496
10082.762606475111 0.0038998588459033577
10092.17741994128 2.6493568772099794e-05
10101.601024521178 2.6517037954289807e-05
10111.0334284235 2.65405267403129e-05
