# %ECSV 1.0
# ---
# datatype:
# - {name: WAV, unit: Angstrom, datatype: float32}
# - {name: EFF, datatype: float64}
# meta: !!omap
# - {GRISM: 400/3400}
# - {DICHROIC: MIRROR}
# schema: astropy-2.0
WAV EFF
3100.0 0.065434
3101.0 0.065976
3102.0 0.066568
3103.0 0.067202
3104.0 0.067872
3105.0 0.068574
3106.0 0.069303
3107.0 0.070054
3108.0 0.070823
3109.0 0.071609
3110.0 0.072406
3111.0 0.073214
3112.0 0.074029
3113.0 0.07485
3114.0 0.075676
3115.0 0.076504
3116.0 0.077333
3117.0 0.078163
3118.0 0.078993
3119.0 0.079822
3120.0 0.080649
3121.0 0.081474
3122.0 0.082296
3123.0 0.083116
3124.0 0.083934
3125.0 0.084748
3126.0 0.08556
3127.0 0.08637
3128.0 0.087176
3129.0 0.08798
3130.0 0.088782
3131.0 0.089582
3132.0 0.090379
3133.0 0.091175
3134.0 0.091969
3135.0 0.092762
3136.0 0.093553
3137.0 0.094344
3138.0 0.095133
3139.0 0.095922
3140.0 0.09671
3141.0 0.097498
3142.0 0.098285
3143.0 0.099072
3144.0 0.099859
3145.0 0.100646
3146.0 0.101433
3147.0 0.102219
3148.0 0.103006
3149.0 0.103792
3150.0 0.104578
3151.0 0.105364
3152.0 0.10615
3153.0 0.106935
3154.0 0.10772
3155.0 0.108504
3156.0 0.109287
3157.0 0.110069
3158.0 0.11085
3159.0 0.11163
3160.0 0.112408
3161.0 0.113185
3162.0 0.113959
3163.0 0.114732
3164.0 0.115502
3165.0 0.116269
3166.0 0.117033
3167.0 0.117795
3168.0 0.118553
3169.0 0.119307
3170.0 0.120057
3171.0 0.120804
3172.0 0.121546
3173.0 0.122283
3174.0 0.123016
3175.0 0.123744
3176.0 0.124466
3177.0 0.125183
3178.0 0.125894
3179.0 0.126599
3180.0 0.127298
3181.0 0.127991
3182.0 0.128678
3183.0 0.129358
3184.0 0.130031
3185.0 0.130697
3186.0 0.131356
3187.0 0.132008
3188.0 0.132653
3189.0 0.133291
3190.0 0.133921
3191.0 0.134543
3192.0 0.135158
3193.0 0.135765
3194.0 0.136365
3195.0 0.136957
3196.0 0.137541
3197.0 0.138118
3198.0 0.138687
3199.0 0.139248
3200.0 0.139802
3201.0 0.140349
3202.0 0.140887
3203.0 0.141419
3204.0 0.141943
3205.0 0.14246
3206.0 0.14297
3207.0 0.143473
3208.0 0.14397
3209.0 0.144459
3210.0 0.144943
3211.0 0.14542
3212.0 0.14589
3213.0 0.146355
3214.0 0.146814
3215.0 0.147268
3216.0 0.147716
3217.0 0.148159
3218.0 0.148598
3219.0 0.149031
3220.0 0.14946
3221.0 0.149885
3222.0 0.150306
3223.0 0.150724
3224.0 0.151138
3225.0 0.151548
3226.0 0.151956
3227.0 0.152361
3228.0 0.152764
3229.0 0.153164
3230.0 0.153563
3231.0 0.153959
3232.0 0.154355
3233.0 0.154749
3234.0 0.155143
3235.0 0.155536
3236.0 0.155929
3237.0 0.156321
3238.0 0.156714
3239.0 0.157107
3240.0 0.157501
3241.0 0.157896
3242.0 0.158292
3243.0 0.15869
3244.0 0.159089
3245.0 0.15949
3246.0 0.159893
3247.0 0.160299
3248.0 0.160707
3249.0 0.161118
3250.0 0.161532
3251.0 0.161949
3252.0 0.16237
3253.0 0.162794
3254.0 0.163222
3255.0 0.163654
3256.0 0.16409
3257.0 0.16453
3258.0 0.164975
3259.0 0.165424
3260.0 0.165878
3261.0 0.166337
3262.0 0.166801
3263.0 0.16727
3264.0 0.167744
3265.0 0.168223
3266.0 0.168708
3267.0 0.169199
3268.0 0.169695
3269.0 0.170196
3270.0 0.170704
3271.0 0.171217
3272.0 0.171736
3273.0 0.172261
3274.0 0.172792
3275.0 0.173329
3276.0 0.173872
3277.0 0.174421
3278.0 0.174976
3279.0 0.175537
3280.0 0.176105
3281.0 0.176678
3282.0 0.177257
3283.0 0.177842
3284.0 0.178434
3285.0 0.179031
3286.0 0.179634
3287.0 0.180243
3288.0 0.180858
3289.0 0.181478
3290.0 0.182104
3291.0 0.182736
3292.0 0.183373
3293.0 0.184016
3294.0 0.184664
3295.0 0.185318
3296.0 0.185977
3297.0 0.186641
3298.0 0.18731
3299.0 0.187984
3300.0 0.188662
3301.0 0.189346
3302.0 0.190034
3303.0 0.190726
3304.0 0.191423
3305.0 0.192124
3306.0 0.19283
3307.0 0.193539
3308.0 0.194252
3309.0 0.194969
3310.0 0.19569
3311.0 0.196414
3312.0 0.197141
3313.0 0.197872
3314.0 0.198606
3315.0 0.199342
3316.0 0.200082
3317.0 0.200824
3318.0 0.201569
3319.0 0.202316
3320.0 0.203066
3321.0 0.203817
3322.0 0.204571
3323.0 0.205326
3324.0 0.206084
3325.0 0.206843
3326.0 0.207603
3327.0 0.208365
3328.0 0.209128
3329.0 0.209892
3330.0 0.210657
3331.0 0.211422
3332.0 0.212189
3333.0 0.212955
3334.0 0.213722
3335.0 0.214489
3336.0 0.215256
3337.0 0.216022
3338.0 0.216789
3339.0 0.217555
3340.0 0.21832
3341.0 0.219084
3342.0 0.219848
3343.0 0.22061
3344.0 0.221372
3345.0 0.222132
3346.0 0.22289
3347.0 0.223647
3348.0 0.224403
3349.0 0.225156
3350.0 0.225908
3351.0 0.226657
3352.0 0.227405
3353.0 0.22815
3354.0 0.228893
3355.0 0.229634
3356.0 0.230372
3357.0 0.231107
3358.0 0.231839
3359.0 0.232569
3360.0 0.233296
3361.0 0.23402
3362.0 0.234741
3363.0 0.235458
3364.0 0.236173
3365.0 0.236884
3366.0 0.237592
3367.0 0.238296
3368.0 0.238998
3369.0 0.239695
3370.0 0.240389
3371.0 0.24108
3372.0 0.241767
3373.0 0.24245
3374.0 0.243129
3375.0 0.243805
3376.0 0.244477
3377.0 0.245145
3378.0 0.245809
3379.0 0.246469
3380.0 0.247126
3381.0 0.247778
3382.0 0.248427
3383.0 0.249072
3384.0 0.249712
3385.0 0.250349
3386.0 0.250982
3387.0 0.251611
3388.0 0.252236
3389.0 0.252857
3390.0 0.253474
3391.0 0.254087
3392.0 0.254696
3393.0 0.255302
3394.0 0.255903
3395.0 0.256501
3396.0 0.257095
3397.0 0.257686
3398.0 0.258273
3399.0 0.258856
3400.0 0.259436
3401.0 0.260012
3402.0 0.260585
3403.0 0.261155
3404.0 0.261721
3405.0 0.262284
3406.0 0.262844
3407.0 0.263401
3408.0 0.263955
3409.0 0.264506
3410.0 0.265054
3411.0 0.265599
3412.0 0.266141
3413.0 0.266681
3414.0 0.267218
3415.0 0.267752
3416.0 0.268284
3417.0 0.268814
3418.0 0.269341
3419.0 0.269866
3420.0 0.270389
3421.0 0.270909
3422.0 0.271428
3423.0 0.271944
3424.0 0.272459
3425.0 0.272971
3426.0 0.273482
3427.0 0.273991
3428.0 0.274498
3429.0 0.275004
3430.0 0.275508
3431.0 0.276011
3432.0 0.276512
3433.0 0.277012
3434.0 0.27751
3435.0 0.278007
3436.0 0.278504
3437.0 0.278998
3438.0 0.279492
3439.0 0.279985
3440.0 0.280476
3441.0 0.280967
3442.0 0.281457
3443.0 0.281946
3444.0 0.282434
3445.0 0.282921
3446.0 0.283407
3447.0 0.283893
3448.0 0.284378
3449.0 0.284863
3450.0 0.285347
3451.0 0.28583
3452.0 0.286312
3453.0 0.286795
3454.0 0.287276
3455.0 0.287757
3456.0 0.288238
3457.0 0.288718
3458.0 0.289198
3459.0 0.289678
3460.0 0.290157
3461.0 0.290636
3462.0 0.291115
3463.0 0.291593
3464.0 0.292071
3465.0 0.292549
3466.0 0.293026
3467.0 0.293504
3468.0 0.293981
3469.0 0.294458
3470.0 0.294934
3471.0 0.295411
3472.0 0.295887
3473.0 0.296363
3474.0 0.296839
3475.0 0.297314
3476.0 0.297789
3477.0 0.298264
3478.0 0.298739
3479.0 0.299213
3480.0 0.299687
3481.0 0.300161
3482.0 0.300634
3483.0 0.301107
3484.0 0.30158
3485.0 0.302052
3486.0 0.302524
3487.0 0.302995
3488.0 0.303466
3489.0 0.303936
3490.0 0.304405
3491.0 0.304874
3492.0 0.305342
3493.0 0.30581
3494.0 0.306276
3495.0 0.306742
3496.0 0.307207
3497.0 0.307671
3498.0 0.308135
3499.0 0.308597
3500.0 0.309058
3501.0 0.309518
3502.0 0.309977
3503.0 0.310435
3504.0 0.310892
3505.0 0.311347
3506.0 0.311801
3507.0 0.312254
3508.0 0.312705
3509.0 0.313155
3510.0 0.313603
3511.0 0.314049
3512.0 0.314494
3513.0 0.314937
3514.0 0.315378
3515.0 0.315818
3516.0 0.316255
3517.0 0.316691
3518.0 0.317124
3519.0 0.317556
3520.0 0.317985
3521.0 0.318413
3522.0 0.318837
3523.0 0.31926
3524.0 0.31968
3525.0 0.320098
3526.0 0.320513
3527.0 0.320926
3528.0 0.321336
3529.0 0.321744
3530.0 0.322149
3531.0 0.322551
3532.0 0.32295
3533.0 0.323346
3534.0 0.323739
3535.0 0.32413
3536.0 0.324517
3537.0 0.324901
3538.0 0.325282
3539.0 0.325661
3540.0 0.326035
3541.0 0.326407
3542.0 0.326775
3543.0 0.32714
3544.0 0.327501
3545.0 0.327859
3546.0 0.328214
3547.0 0.328565
3548.0 0.328912
3549.0 0.329256
3550.0 0.329596
3551.0 0.329933
3552.0 0.330266
3553.0 0.330595
3554.0 0.330921
3555.0 0.331243
3556.0 0.331561
3557.0 0.331875
3558.0 0.332185
3559.0 0.332492
3560.0 0.332795
3561.0 0.333094
3562.0 0.333389
3563.0 0.33368
3564.0 0.333967
3565.0 0.334251
3566.0 0.33453
3567.0 0.334806
3568.0 0.335078
3569.0 0.335346
3570.0 0.33561
3571.0 0.33587
3572.0 0.336126
3573.0 0.336379
3574.0 0.336627
3575.0 0.336872
3576.0 0.337113
3577.0 0.33735
3578.0 0.337584
3579.0 0.337813
3580.0 0.338039
3581.0 0.338262
3582.0 0.33848
3583.0 0.338695
3584.0 0.338907
3585.0 0.339115
3586.0 0.339319
3587.0 0.339519
3588.0 0.339717
3589.0 0.33991
3590.0 0.3401
3591.0 0.340287
3592.0 0.340471
3593.0 0.340651
3594.0 0.340827
3595.0 0.341001
3596.0 0.341171
3597.0 0.341339
3598.0 0.341503
3599.0 0.341664
3600.0 0.341822
3601.0 0.341978
3602.0 0.34213
3603.0 0.34228
3604.0 0.342427
3605.0 0.342571
3606.0 0.342713
3607.0 0.342852
3608.0 0.342988
3609.0 0.343123
3610.0 0.343255
3611.0 0.343385
3612.0 0.343512
3613.0 0.343638
3614.0 0.343761
3615.0 0.343883
3616.0 0.344002
3617.0 0.34412
3618.0 0.344237
3619.0 0.344352
3620.0 0.344465
3621.0 0.344577
3622.0 0.344687
3623.0 0.344797
3624.0 0.344905
3625.0 0.345012
3626.0 0.345119
3627.0 0.345224
3628.0 0.345329
3629.0 0.345433
3630.0 0.345537
3631.0 0.34564
3632.0 0.345743
3633.0 0.345846
3634.0 0.345948
3635.0 0.346051
3636.0 0.346153
3637.0 0.346256
3638.0 0.346359
3639.0 0.346462
3640.0 0.346566
3641.0 0.346671
3642.0 0.346776
3643.0 0.346883
3644.0 0.34699
3645.0 0.347098
3646.0 0.347207
3647.0 0.347318
3648.0 0.347429
3649.0 0.347543
3650.0 0.347657
3651.0 0.347774
3652.0 0.347892
3653.0 0.348012
3654.0 0.348134
3655.0 0.348258
3656.0 0.348384
3657.0 0.348513
3658.0 0.348644
3659.0 0.348777
3660.0 0.348912
3661.0 0.349051
3662.0 0.349192
3663.0 0.349336
3664.0 0.349483
3665.0 0.349633
3666.0 0.349786
3667.0 0.349942
3668.0 0.350101
3669.0 0.350264
3670.0 0.350431
3671.0 0.350601
3672.0 0.350774
3673.0 0.350952
3674.0 0.351133
3675.0 0.351319
3676.0 0.351508
3677.0 0.351701
3678.0 0.351899
3679.0 0.352101
3680.0 0.352307
3681.0 0.352518
3682.0 0.352733
3683.0 0.352953
3684.0 0.353177
3685.0 0.353406
3686.0 0.35364
3687.0 0.353879
3688.0 0.354123
3689.0 0.354372
3690.0 0.354626
3691.0 0.354885
3692.0 0.355149
3693.0 0.355419
3694.0 0.355694
3695.0 0.355974
3696.0 0.35626
3697.0 0.356552
3698.0 0.356849
3699.0 0.357151
3700.0 0.357459
3701.0 0.357773
3702.0 0.358093
3703.0 0.358418
3704.0 0.35875
3705.0 0.359087
3706.0 0.35943
3707.0 0.359779
3708.0 0.360134
3709.0 0.360496
3710.0 0.360863
3711.0 0.361236
3712.0 0.361615
3713.0 0.362001
3714.0 0.362392
3715.0 0.36279
3716.0 0.363194
3717.0 0.363604
3718.0 0.364021
3719.0 0.364443
3720.0 0.364872
3721.0 0.365307
3722.0 0.365749
3723.0 0.366196
3724.0 0.36665
3725.0 0.36711
3726.0 0.367576
3727.0 0.368049
3728.0 0.368528
3729.0 0.369013
3730.0 0.369504
3731.0 0.370001
3732.0 0.370504
3733.0 0.371014
3734.0 0.37153
3735.0 0.372052
3736.0 0.37258
3737.0 0.373114
3738.0 0.373654
3739.0 0.3742
3740.0 0.374752
3741.0 0.37531
3742.0 0.375873
3743.0 0.376443
3744.0 0.377018
3745.0 0.377599
3746.0 0.378186
3747.0 0.378779
3748.0 0.379377
3749.0 0.37998
3750.0 0.380589
3751.0 0.381204
3752.0 0.381823
3753.0 0.382449
3754.0 0.383079
3755.0 0.383715
3756.0 0.384355
3757.0 0.385001
3758.0 0.385652
3759.0 0.386308
3760.0 0.386968
3761.0 0.387633
3762.0 0.388303
3763.0 0.388978
3764.0 0.389657
3765.0 0.39034
3766.0 0.391028
3767.0 0.391721
3768.0 0.392417
3769.0 0.393117
3770.0 0.393822
3771.0 0.39453
3772.0 0.395242
3773.0 0.395958
3774.0 0.396678
3775.0 0.397401
3776.0 0.398128
3777.0 0.398858
3778.0 0.399592
3779.0 0.400328
3780.0 0.401068
3781.0 0.401811
3782.0 0.402557
3783.0 0.403305
3784.0 0.404056
3785.0 0.40481
3786.0 0.405567
3787.0 0.406325
3788.0 0.407087
3789.0 0.40785
3790.0 0.408615
3791.0 0.409383
3792.0 0.410152
3793.0 0.410923
3794.0 0.411696
3795.0 0.412471
3796.0 0.413246
3797.0 0.414023
3798.0 0.414802
3799.0 0.415581
3800.0 0.416362
3801.0 0.417144
3802.0 0.417926
3803.0 0.418709
3804.0 0.419492
3805.0 0.420276
3806.0 0.421061
3807.0 0.421845
3808.0 0.42263
3809.0 0.423415
3810.0 0.4242
3811.0 0.424984
3812.0 0.425768
3813.0 0.426552
3814.0 0.427335
3815.0 0.428118
3816.0 0.4289
3817.0 0.429681
3818.0 0.43046
3819.0 0.431239
3820.0 0.432017
3821.0 0.432793
3822.0 0.433568
3823.0 0.434341
3824.0 0.435113
3825.0 0.435883
3826.0 0.436651
3827.0 0.437417
3828.0 0.438181
3829.0 0.438943
3830.0 0.439702
3831.0 0.44046
3832.0 0.441214
3833.0 0.441966
3834.0 0.442716
3835.0 0.443462
3836.0 0.444206
3837.0 0.444947
3838.0 0.445685
3839.0 0.446419
3840.0 0.44715
3841.0 0.447878
3842.0 0.448603
3843.0 0.449324
3844.0 0.450042
3845.0 0.450755
3846.0 0.451466
3847.0 0.452172
3848.0 0.452874
3849.0 0.453573
3850.0 0.454267
3851.0 0.454957
3852.0 0.455643
3853.0 0.456324
3854.0 0.457001
3855.0 0.457674
3856.0 0.458343
3857.0 0.459006
3858.0 0.459665
3859.0 0.46032
3860.0 0.460969
3861.0 0.461614
3862.0 0.462254
3863.0 0.462888
3864.0 0.463518
3865.0 0.464143
3866.0 0.464762
3867.0 0.465377
3868.0 0.465986
3869.0 0.466589
3870.0 0.467188
3871.0 0.467781
3872.0 0.468368
3873.0 0.46895
3874.0 0.469527
3875.0 0.470098
3876.0 0.470663
3877.0 0.471222
3878.0 0.471776
3879.0 0.472324
3880.0 0.472866
3881.0 0.473403
3882.0 0.473933
3883.0 0.474458
3884.0 0.474977
3885.0 0.47549
3886.0 0.475997
3887.0 0.476498
3888.0 0.476992
3889.0 0.477481
3890.0 0.477964
3891.0 0.47844
3892.0 0.478911
3893.0 0.479375
3894.0 0.479834
3895.0 0.480286
3896.0 0.480731
3897.0 0.481171
3898.0 0.481605
3899.0 0.482032
3900.0 0.482454
3901.0 0.482869
3902.0 0.483278
3903.0 0.48368
3904.0 0.484077
3905.0 0.484467
3906.0 0.484852
3907.0 0.48523
3908.0 0.485602
3909.0 0.485968
3910.0 0.486327
3911.0 0.486681
3912.0 0.487029
3913.0 0.48737
3914.0 0.487706
3915.0 0.488035
3916.0 0.488359
3917.0 0.488676
3918.0 0.488988
3919.0 0.489293
3920.0 0.489593
3921.0 0.489887
3922.0 0.490175
3923.0 0.490457
3924.0 0.490733
3925.0 0.491004
3926.0 0.491269
3927.0 0.491528
3928.0 0.491782
3929.0 0.492029
3930.0 0.492272
3931.0 0.492508
3932.0 0.49274
3933.0 0.492965
3934.0 0.493186
3935.0 0.493401
3936.0 0.49361
3937.0 0.493814
3938.0 0.494013
3939.0 0.494207
3940.0 0.494395
3941.0 0.494579
3942.0 0.494757
3943.0 0.49493
3944.0 0.495099
3945.0 0.495262
3946.0 0.49542
3947.0 0.495574
3948.0 0.495723
3949.0 0.495867
3950.0 0.496006
3951.0 0.496141
3952.0 0.496271
3953.0 0.496396
3954.0 0.496517
3955.0 0.496634
3956.0 0.496746
3957.0 0.496854
3958.0 0.496958
3959.0 0.497057
3960.0 0.497152
3961.0 0.497243
3962.0 0.49733
3963.0 0.497414
3964.0 0.497493
3965.0 0.497568
3966.0 0.49764
3967.0 0.497707
3968.0 0.497772
3969.0 0.497832
3970.0 0.497889
3971.0 0.497942
3972.0 0.497992
3973.0 0.498038
3974.0 0.498081
3975.0 0.498121
3976.0 0.498158
3977.0 0.498191
3978.0 0.498221
3979.0 0.498249
3980.0 0.498273
3981.0 0.498294
3982.0 0.498313
3983.0 0.498328
3984.0 0.498341
3985.0 0.498351
3986.0 0.498359
3987.0 0.498364
3988.0 0.498366
3989.0 0.498366
3990.0 0.498364
3991.0 0.498359
3992.0 0.498352
3993.0 0.498342
3994.0 0.498331
3995.0 0.498317
3996.0 0.498301
3997.0 0.498283
3998.0 0.498264
3999.0 0.498242
4000.0 0.498219
4001.0 0.498193
4002.0 0.498166
4003.0 0.498138
4004.0 0.498107
4005.0 0.498075
4006.0 0.498041
4007.0 0.498006
4008.0 0.49797
4009.0 0.497932
4010.0 0.497893
4011.0 0.497852
4012.0 0.497811
4013.0 0.497768
4014.0 0.497724
4015.0 0.497678
4016.0 0.497632
4017.0 0.497585
4018.0 0.497537
4019.0 0.497488
4020.0 0.497437
4021.0 0.497386
4022.0 0.497335
4023.0 0.497282
4024.0 0.497229
4025.0 0.497175
4026.0 0.497121
4027.0 0.497066
4028.0 0.49701
4029.0 0.496954
4030.0 0.496897
4031.0 0.49684
4032.0 0.496783
4033.0 0.496725
4034.0 0.496667
4035.0 0.496608
4036.0 0.496549
4037.0 0.49649
4038.0 0.49643
4039.0 0.496371
4040.0 0.496311
4041.0 0.496251
4042.0 0.496191
4043.0 0.496131
4044.0 0.49607
4045.0 0.49601
4046.0 0.49595
4047.0 0.495889
4048.0 0.495829
4049.0 0.495769
4050.0 0.495708
4051.0 0.495648
4052.0 0.495588
4053.0 0.495528
4054.0 0.495468
4055.0 0.495409
4056.0 0.495349
4057.0 0.49529
4058.0 0.495231
4059.0 0.495172
4060.0 0.495113
4061.0 0.495055
4062.0 0.494997
4063.0 0.494939
4064.0 0.494882
4065.0 0.494825
4066.0 0.494768
4067.0 0.494711
4068.0 0.494655
4069.0 0.494599
4070.0 0.494544
4071.0 0.494489
4072.0 0.494434
4073.0 0.49438
4074.0 0.494326
4075.0 0.494272
4076.0 0.494219
4077.0 0.494166
4078.0 0.494114
4079.0 0.494062
4080.0 0.494011
4081.0 0.49396
4082.0 0.493909
4083.0 0.493859
4084.0 0.49381
4085.0 0.49376
4086.0 0.493712
4087.0 0.493663
4088.0 0.493615
4089.0 0.493567
4090.0 0.49352
4091.0 0.493474
4092.0 0.493427
4093.0 0.493381
4094.0 0.493335
4095.0 0.49329
4096.0 0.493245
4097.0 0.493201
4098.0 0.493157
4099.0 0.493113
4100.0 0.49307
4101.0 0.493026
4102.0 0.492984
4103.0 0.492941
4104.0 0.492899
4105.0 0.492857
4106.0 0.492815
4107.0 0.492774
4108.0 0.492732
4109.0 0.492691
4110.0 0.492651
4111.0 0.49261
4112.0 0.49257
4113.0 0.49253
4114.0 0.49249
4115.0 0.49245
4116.0 0.49241
4117.0 0.49237
4118.0 0.492331
4119.0 0.492292
4120.0 0.492252
4121.0 0.492213
4122.0 0.492174
4123.0 0.492135
4124.0 0.492096
4125.0 0.492057
4126.0 0.492018
4127.0 0.491979
4128.0 0.49194
4129.0 0.491901
4130.0 0.491862
4131.0 0.491822
4132.0 0.491783
4133.0 0.491744
4134.0 0.491704
4135.0 0.491664
4136.0 0.491624
4137.0 0.491584
4138.0 0.491544
4139.0 0.491504
4140.0 0.491463
4141.0 0.491423
4142.0 0.491381
4143.0 0.49134
4144.0 0.491298
4145.0 0.491257
4146.0 0.491215
4147.0 0.491172
4148.0 0.491129
4149.0 0.491086
4150.0 0.491043
4151.0 0.490999
4152.0 0.490954
4153.0 0.49091
4154.0 0.490865
4155.0 0.490819
4156.0 0.490773
4157.0 0.490726
4158.0 0.49068
4159.0 0.490632
4160.0 0.490584
4161.0 0.490535
4162.0 0.490486
4163.0 0.490436
4164.0 0.490385
4165.0 0.490334
4166.0 0.490282
4167.0 0.49023
4168.0 0.490177
4169.0 0.490124
4170.0 0.490069
4171.0 0.490014
4172.0 0.489958
4173.0 0.489901
4174.0 0.489844
4175.0 0.489786
4176.0 0.489727
4177.0 0.489667
4178.0 0.489607
4179.0 0.489545
4180.0 0.489483
4181.0 0.48942
4182.0 0.489357
4183.0 0.489292
4184.0 0.489226
4185.0 0.48916
4186.0 0.489093
4187.0 0.489024
4188.0 0.488955
4189.0 0.488885
4190.0 0.488814
4191.0 0.488742
4192.0 0.488669
4193.0 0.488595
4194.0 0.48852
4195.0 0.488444
4196.0 0.488368
4197.0 0.48829
4198.0 0.488211
4199.0 0.488131
4200.0 0.48805
4201.0 0.487969
4202.0 0.487886
4203.0 0.487802
4204.0 0.487717
4205.0 0.487631
4206.0 0.487544
4207.0 0.487456
4208.0 0.487367
4209.0 0.487277
4210.0 0.487186
4211.0 0.487094
4212.0 0.487
4213.0 0.486906
4214.0 0.486811
4215.0 0.486714
4216.0 0.486617
4217.0 0.486518
4218.0 0.486418
4219.0 0.486318
4220.0 0.486216
4221.0 0.486113
4222.0 0.486009
4223.0 0.485904
4224.0 0.485797
4225.0 0.48569
4226.0 0.485582
4227.0 0.485472
4228.0 0.485362
4229.0 0.48525
4230.0 0.485137
4231.0 0.485023
4232.0 0.484909
4233.0 0.484793
4234.0 0.484675
4235.0 0.484557
4236.0 0.484438
4237.0 0.484318
4238.0 0.484197
4239.0 0.484074
4240.0 0.483951
4241.0 0.483826
4242.0 0.483701
4243.0 0.483574
4244.0 0.483446
4245.0 0.483318
4246.0 0.483188
4247.0 0.483057
4248.0 0.482926
4249.0 0.482793
4250.0 0.482659
4251.0 0.482524
4252.0 0.482388
4253.0 0.482251
4254.0 0.482114
4255.0 0.481975
4256.0 0.481835
4257.0 0.481695
4258.0 0.481553
4259.0 0.48141
4260.0 0.481267
4261.0 0.481123
4262.0 0.480977
4263.0 0.480831
4264.0 0.480684
4265.0 0.480536
4266.0 0.480387
4267.0 0.480237
4268.0 0.480086
4269.0 0.479935
4270.0 0.479782
4271.0 0.479629
4272.0 0.479475
4273.0 0.47932
4274.0 0.479165
4275.0 0.479008
4276.0 0.478851
4277.0 0.478693
4278.0 0.478534
4279.0 0.478375
4280.0 0.478215
4281.0 0.478054
4282.0 0.477892
4283.0 0.477729
4284.0 0.477567
4285.0 0.477403
4286.0 0.477238
4287.0 0.477073
4288.0 0.476907
4289.0 0.476741
4290.0 0.476574
4291.0 0.476407
4292.0 0.476238
4293.0 0.47607
4294.0 0.4759
4295.0 0.47573
4296.0 0.47556
4297.0 0.475389
4298.0 0.475217
4299.0 0.475045
4300.0 0.474873
4301.0 0.4747
4302.0 0.474526
4303.0 0.474353
4304.0 0.474178
4305.0 0.474003
4306.0 0.473828
4307.0 0.473652
4308.0 0.473477
4309.0 0.4733
4310.0 0.473123
4311.0 0.472946
4312.0 0.472768
4313.0 0.472591
4314.0 0.472413
4315.0 0.472234
4316.0 0.472055
4317.0 0.471876
4318.0 0.471697
4319.0 0.471517
4320.0 0.471337
4321.0 0.471157
4322.0 0.470977
4323.0 0.470796
4324.0 0.470615
4325.0 0.470434
4326.0 0.470253
4327.0 0.470072
4328.0 0.46989
4329.0 0.469709
4330.0 0.469527
4331.0 0.469345
4332.0 0.469163
4333.0 0.468981
4334.0 0.468799
4335.0 0.468616
4336.0 0.468434
4337.0 0.468251
4338.0 0.468069
4339.0 0.467886
4340.0 0.467704
4341.0 0.467521
4342.0 0.467338
4343.0 0.467155
4344.0 0.466973
4345.0 0.46679
4346.0 0.466608
4347.0 0.466425
4348.0 0.466243
4349.0 0.46606
4350.0 0.465878
4351.0 0.465695
4352.0 0.465513
4353.0 0.465331
4354.0 0.465149
4355.0 0.464968
4356.0 0.464786
4357.0 0.464604
4358.0 0.464423
4359.0 0.464242
4360.0 0.464061
4361.0 0.46388
4362.0 0.463699
4363.0 0.463519
4364.0 0.463338
4365.0 0.463158
4366.0 0.462978
4367.0 0.462799
4368.0 0.46262
4369.0 0.46244
4370.0 0.462262
4371.0 0.462083
4372.0 0.461904
4373.0 0.461727
4374.0 0.461549
4375.0 0.461371
4376.0 0.461194
4377.0 0.461017
4378.0 0.46084
4379.0 0.460664
4380.0 0.460488
4381.0 0.460313
4382.0 0.460137
4383.0 0.459962
4384.0 0.459788
4385.0 0.459613
4386.0 0.45944
4387.0 0.459266
4388.0 0.459093
4389.0 0.45892
4390.0 0.458747
4391.0 0.458575
4392.0 0.458404
4393.0 0.458232
4394.0 0.458061
4395.0 0.457891
4396.0 0.457721
4397.0 0.457551
4398.0 0.457382
4399.0 0.457213
4400.0 0.457044
4401.0 0.456876
4402.0 0.456708
4403.0 0.456541
4404.0 0.456374
4405.0 0.456208
4406.0 0.456042
4407.0 0.455876
4408.0 0.455711
4409.0 0.455547
4410.0 0.455383
4411.0 0.455219
4412.0 0.455056
4413.0 0.454893
4414.0 0.454731
4415.0 0.454569
4416.0 0.454408
4417.0 0.454247
4418.0 0.454087
4419.0 0.453927
4420.0 0.453767
4421.0 0.453609
4422.0 0.45345
4423.0 0.453292
4424.0 0.453135
4425.0 0.452978
4426.0 0.452821
4427.0 0.452666
4428.0 0.45251
4429.0 0.452355
4430.0 0.452201
4431.0 0.452047
4432.0 0.451894
4433.0 0.451741
4434.0 0.451589
4435.0 0.451437
4436.0 0.451285
4437.0 0.451135
4438.0 0.450985
4439.0 0.450835
4440.0 0.450686
4441.0 0.450537
4442.0 0.450388
4443.0 0.450241
4444.0 0.450094
4445.0 0.449947
4446.0 0.449801
4447.0 0.449656
4448.0 0.44951
4449.0 0.449366
4450.0 0.449222
4451.0 0.449078
4452.0 0.448935
4453.0 0.448793
4454.0 0.448651
4455.0 0.44851
4456.0 0.448369
4457.0 0.448228
4458.0 0.448088
4459.0 0.447949
4460.0 0.44781
4461.0 0.447672
4462.0 0.447534
4463.0 0.447396
4464.0 0.44726
4465.0 0.447124
4466.0 0.446988
4467.0 0.446852
4468.0 0.446717
4469.0 0.446583
4470.0 0.446449
4471.0 0.446316
4472.0 0.446183
4473.0 0.446051
4474.0 0.445919
4475.0 0.445788
4476.0 0.445657
4477.0 0.445527
4478.0 0.445397
4479.0 0.445268
4480.0 0.445139
4481.0 0.44501
4482.0 0.444883
4483.0 0.444755
4484.0 0.444628
4485.0 0.444502
4486.0 0.444376
4487.0 0.444251
4488.0 0.444126
4489.0 0.444001
4490.0 0.443877
4491.0 0.443754
4492.0 0.443631
4493.0 0.443508
4494.0 0.443386
4495.0 0.443265
4496.0 0.443144
4497.0 0.443023
4498.0 0.442903
4499.0 0.442783
4500.0 0.442663
4501.0 0.442545
4502.0 0.442426
4503.0 0.442308
4504.0 0.442191
4505.0 0.442073
4506.0 0.441957
4507.0 0.441841
4508.0 0.441725
4509.0 0.441609
4510.0 0.441495
4511.0 0.44138
4512.0 0.441266
4513.0 0.441152
4514.0 0.441039
4515.0 0.440926
4516.0 0.440813
4517.0 0.440701
4518.0 0.44059
4519.0 0.440478
4520.0 0.440367
4521.0 0.440257
4522.0 0.440147
4523.0 0.440037
4524.0 0.439927
4525.0 0.439818
4526.0 0.43971
4527.0 0.439601
4528.0 0.439493
4529.0 0.439386
4530.0 0.439279
4531.0 0.439171
4532.0 0.439065
4533.0 0.438958
4534.0 0.438853
4535.0 0.438747
4536.0 0.438641
4537.0 0.438536
4538.0 0.438432
4539.0 0.438327
4540.0 0.438223
4541.0 0.438119
4542.0 0.438016
4543.0 0.437912
4544.0 0.437809
4545.0 0.437707
4546.0 0.437604
4547.0 0.437502
4548.0 0.4374
4549.0 0.437298
4550.0 0.437197
4551.0 0.437095
4552.0 0.436994
4553.0 0.436893
4554.0 0.436793
4555.0 0.436692
4556.0 0.436592
4557.0 0.436492
4558.0 0.436392
4559.0 0.436293
4560.0 0.436193
4561.0 0.436094
4562.0 0.435995
4563.0 0.435896
4564.0 0.435797
4565.0 0.435699
4566.0 0.4356
4567.0 0.435502
4568.0 0.435404
4569.0 0.435306
4570.0 0.435208
4571.0 0.43511
4572.0 0.435012
4573.0 0.434914
4574.0 0.434817
4575.0 0.434719
4576.0 0.434622
4577.0 0.434524
4578.0 0.434427
4579.0 0.43433
4580.0 0.434233
4581.0 0.434135
4582.0 0.434038
4583.0 0.433941
4584.0 0.433844
4585.0 0.433747
4586.0 0.43365
4587.0 0.433553
4588.0 0.433456
4589.0 0.433359
4590.0 0.433262
4591.0 0.433165
4592.0 0.433068
4593.0 0.43297
4594.0 0.432873
4595.0 0.432776
4596.0 0.432678
4597.0 0.432581
4598.0 0.432483
4599.0 0.432386
4600.0 0.432288
4601.0 0.43219
4602.0 0.432092
4603.0 0.431994
4604.0 0.431896
4605.0 0.431797
4606.0 0.431699
4607.0 0.4316
4608.0 0.431501
4609.0 0.431403
4610.0 0.431303
4611.0 0.431204
4612.0 0.431105
4613.0 0.431005
4614.0 0.430905
4615.0 0.430805
4616.0 0.430705
4617.0 0.430604
4618.0 0.430504
4619.0 0.430402
4620.0 0.430301
4621.0 0.4302
4622.0 0.430098
4623.0 0.429996
4624.0 0.429894
4625.0 0.429791
4626.0 0.429689
4627.0 0.429585
4628.0 0.429482
4629.0 0.429378
4630.0 0.429274
4631.0 0.42917
4632.0 0.429065
4633.0 0.428961
4634.0 0.428855
4635.0 0.42875
4636.0 0.428644
4637.0 0.428538
4638.0 0.428431
4639.0 0.428324
4640.0 0.428216
4641.0 0.428109
4642.0 0.428
4643.0 0.427892
4644.0 0.427783
4645.0 0.427674
4646.0 0.427564
4647.0 0.427454
4648.0 0.427344
4649.0 0.427233
4650.0 0.427122
4651.0 0.42701
4652.0 0.426898
4653.0 0.426785
4654.0 0.426672
4655.0 0.426559
4656.0 0.426445
4657.0 0.426331
4658.0 0.426216
4659.0 0.426101
4660.0 0.425985
4661.0 0.425869
4662.0 0.425752
4663.0 0.425635
4664.0 0.425517
4665.0 0.4254
4666.0 0.425281
4667.0 0.425162
4668.0 0.425043
4669.0 0.424922
4670.0 0.424802
4671.0 0.424681
4672.0 0.42456
4673.0 0.424438
4674.0 0.424315
4675.0 0.424192
4676.0 0.424069
4677.0 0.423945
4678.0 0.42382
4679.0 0.423695
4680.0 0.42357
4681.0 0.423444
4682.0 0.423318
4683.0 0.423191
4684.0 0.423063
4685.0 0.422935
4686.0 0.422807
4687.0 0.422677
4688.0 0.422548
4689.0 0.422418
4690.0 0.422287
4691.0 0.422156
4692.0 0.422025
4693.0 0.421892
4694.0 0.42176
4695.0 0.421627
4696.0 0.421493
4697.0 0.421359
4698.0 0.421224
4699.0 0.421089
4700.0 0.420954
4701.0 0.420817
4702.0 0.420681
4703.0 0.420544
4704.0 0.420406
4705.0 0.420268
4706.0 0.42013
4707.0 0.419991
4708.0 0.419851
4709.0 0.419711
4710.0 0.419571
4711.0 0.41943
4712.0 0.419289
4713.0 0.419147
4714.0 0.419005
4715.0 0.418863
4716.0 0.41872
4717.0 0.418576
4718.0 0.418432
4719.0 0.418288
4720.0 0.418143
4721.0 0.417998
4722.0 0.417853
4723.0 0.417707
4724.0 0.41756
4725.0 0.417414
4726.0 0.417267
4727.0 0.417119
4728.0 0.416972
4729.0 0.416824
4730.0 0.416675
4731.0 0.416526
4732.0 0.416377
4733.0 0.416227
4734.0 0.416078
4735.0 0.415928
4736.0 0.415777
4737.0 0.415626
4738.0 0.415475
4739.0 0.415324
4740.0 0.415172
4741.0 0.415021
4742.0 0.414868
4743.0 0.414716
4744.0 0.414564
4745.0 0.414411
4746.0 0.414258
4747.0 0.414104
4748.0 0.413951
4749.0 0.413797
4750.0 0.413643
4751.0 0.413489
4752.0 0.413335
4753.0 0.413181
4754.0 0.413026
4755.0 0.412871
4756.0 0.412716
4757.0 0.412562
4758.0 0.412406
4759.0 0.412251
4760.0 0.412096
4761.0 0.411941
4762.0 0.411785
4763.0 0.41163
4764.0 0.411474
4765.0 0.411319
4766.0 0.411163
4767.0 0.411008
4768.0 0.410852
4769.0 0.410696
4770.0 0.410541
4771.0 0.410385
4772.0 0.41023
4773.0 0.410074
4774.0 0.409919
4775.0 0.409763
4776.0 0.409608
4777.0 0.409453
4778.0 0.409298
4779.0 0.409143
4780.0 0.408988
4781.0 0.408833
4782.0 0.408679
4783.0 0.408524
4784.0 0.40837
4785.0 0.408216
4786.0 0.408062
4787.0 0.407908
4788.0 0.407755
4789.0 0.407601
4790.0 0.407448
4791.0 0.407295
4792.0 0.407143
4793.0 0.40699
4794.0 0.406838
4795.0 0.406686
4796.0 0.406535
4797.0 0.406383
4798.0 0.406232
4799.0 0.406082
4800.0 0.405931
4801.0 0.405781
4802.0 0.405632
4803.0 0.405482
4804.0 0.405333
4805.0 0.405185
4806.0 0.405036
4807.0 0.404888
4808.0 0.404741
4809.0 0.404594
4810.0 0.404447
4811.0 0.404301
4812.0 0.404155
4813.0 0.404009
4814.0 0.403865
4815.0 0.40372
4816.0 0.403576
4817.0 0.403432
4818.0 0.403289
4819.0 0.403146
4820.0 0.403004
4821.0 0.402862
4822.0 0.402721
4823.0 0.40258
4824.0 0.40244
4825.0 0.4023
4826.0 0.402161
4827.0 0.402023
4828.0 0.401884
4829.0 0.401747
4830.0 0.401609
4831.0 0.401473
4832.0 0.401337
4833.0 0.401201
4834.0 0.401067
4835.0 0.400932
4836.0 0.400798
4837.0 0.400665
4838.0 0.400533
4839.0 0.4004
4840.0 0.400269
4841.0 0.400138
4842.0 0.400008
4843.0 0.399878
4844.0 0.399749
4845.0 0.39962
4846.0 0.399492
4847.0 0.399365
4848.0 0.399238
4849.0 0.399112
4850.0 0.398986
4851.0 0.398861
4852.0 0.398736
4853.0 0.398612
4854.0 0.398489
4855.0 0.398366
4856.0 0.398244
4857.0 0.398123
4858.0 0.398002
4859.0 0.397881
4860.0 0.397761
4861.0 0.397642
4862.0 0.397524
4863.0 0.397406
4864.0 0.397288
4865.0 0.397171
4866.0 0.397055
4867.0 0.396939
4868.0 0.396824
4869.0 0.396709
4870.0 0.396595
4871.0 0.396481
4872.0 0.396368
4873.0 0.396256
4874.0 0.396144
4875.0 0.396032
4876.0 0.395921
4877.0 0.395811
4878.0 0.395701
4879.0 0.395591
4880.0 0.395482
4881.0 0.395374
4882.0 0.395266
4883.0 0.395159
4884.0 0.395051
4885.0 0.394945
4886.0 0.394839
4887.0 0.394733
4888.0 0.394628
4889.0 0.394523
4890.0 0.394419
4891.0 0.394315
4892.0 0.394211
4893.0 0.394108
4894.0 0.394005
4895.0 0.393903
4896.0 0.3938
4897.0 0.393699
4898.0 0.393597
4899.0 0.393496
4900.0 0.393396
4901.0 0.393295
4902.0 0.393195
4903.0 0.393095
4904.0 0.392995
4905.0 0.392896
4906.0 0.392797
4907.0 0.392698
4908.0 0.3926
4909.0 0.392502
4910.0 0.392404
4911.0 0.392306
4912.0 0.392208
4913.0 0.39211
4914.0 0.392013
4915.0 0.391916
4916.0 0.391819
4917.0 0.391722
4918.0 0.391625
4919.0 0.391528
4920.0 0.391432
4921.0 0.391335
4922.0 0.391239
4923.0 0.391142
4924.0 0.391046
4925.0 0.39095
4926.0 0.390853
4927.0 0.390757
4928.0 0.390661
4929.0 0.390564
4930.0 0.390468
4931.0 0.390372
4932.0 0.390275
4933.0 0.390179
4934.0 0.390082
4935.0 0.389986
4936.0 0.389889
4937.0 0.389792
4938.0 0.389695
4939.0 0.389598
4940.0 0.389501
4941.0 0.389403
4942.0 0.389305
4943.0 0.389208
4944.0 0.38911
4945.0 0.389011
4946.0 0.388913
4947.0 0.388814
4948.0 0.388715
4949.0 0.388616
4950.0 0.388516
4951.0 0.388416
4952.0 0.388316
4953.0 0.388216
4954.0 0.388115
4955.0 0.388014
4956.0 0.387913
4957.0 0.387811
4958.0 0.387709
4959.0 0.387606
4960.0 0.387503
4961.0 0.3874
4962.0 0.387296
4963.0 0.387192
4964.0 0.387087
4965.0 0.386982
4966.0 0.386877
4967.0 0.386771
4968.0 0.386664
4969.0 0.386557
4970.0 0.38645
4971.0 0.386342
4972.0 0.386234
4973.0 0.386125
4974.0 0.386015
4975.0 0.385905
4976.0 0.385795
4977.0 0.385684
4978.0 0.385572
4979.0 0.38546
4980.0 0.385347
4981.0 0.385234
4982.0 0.38512
4983.0 0.385006
4984.0 0.384891
4985.0 0.384775
4986.0 0.384658
4987.0 0.384542
4988.0 0.384424
4989.0 0.384306
4990.0 0.384187
4991.0 0.384068
4992.0 0.383948
4993.0 0.383827
4994.0 0.383706
4995.0 0.383584
4996.0 0.383462
4997.0 0.383338
4998.0 0.383215
4999.0 0.38309
5000.0 0.382965
5001.0 0.382839
5002.0 0.382713
5003.0 0.382585
5004.0 0.382458
5005.0 0.382329
5006.0 0.3822
5007.0 0.38207
5008.0 0.38194
5009.0 0.381809
5010.0 0.381677
5011.0 0.381545
5012.0 0.381411
5013.0 0.381278
5014.0 0.381143
5015.0 0.381008
5016.0 0.380873
5017.0 0.380736
5018.0 0.380599
5019.0 0.380462
5020.0 0.380323
5021.0 0.380184
5022.0 0.380045
5023.0 0.379904
5024.0 0.379764
5025.0 0.379622
5026.0 0.37948
5027.0 0.379337
5028.0 0.379194
5029.0 0.37905
5030.0 0.378906
5031.0 0.378761
5032.0 0.378615
5033.0 0.378469
5034.0 0.378322
5035.0 0.378174
5036.0 0.378026
5037.0 0.377878
5038.0 0.377729
5039.0 0.377579
5040.0 0.377429
5041.0 0.377278
5042.0 0.377127
5043.0 0.376975
5044.0 0.376823
5045.0 0.37667
5046.0 0.376517
5047.0 0.376364
5048.0 0.376209
5049.0 0.376055
5050.0 0.3759
5051.0 0.375744
5052.0 0.375589
5053.0 0.375432
5054.0 0.375276
5055.0 0.375119
5056.0 0.374961
5057.0 0.374803
5058.0 0.374645
5059.0 0.374487
5060.0 0.374328
5061.0 0.374169
5062.0 0.374009
5063.0 0.373849
5064.0 0.373689
5065.0 0.373529
5066.0 0.373368
5067.0 0.373207
5068.0 0.373046
5069.0 0.372884
5070.0 0.372723
5071.0 0.372561
5072.0 0.372399
5073.0 0.372236
5074.0 0.372074
5075.0 0.371911
5076.0 0.371748
5077.0 0.371585
5078.0 0.371422
5079.0 0.371259
5080.0 0.371096
5081.0 0.370932
5082.0 0.370769
5083.0 0.370605
5084.0 0.370441
5085.0 0.370278
5086.0 0.370114
5087.0 0.36995
5088.0 0.369786
5089.0 0.369622
5090.0 0.369458
5091.0 0.369294
5092.0 0.369131
5093.0 0.368967
5094.0 0.368803
5095.0 0.368639
5096.0 0.368475
5097.0 0.368312
5098.0 0.368149
5099.0 0.367985
5100.0 0.367822
5101.0 0.367658
5102.0 0.367495
5103.0 0.367332
5104.0 0.367169
5105.0 0.367007
5106.0 0.366844
5107.0 0.366682
5108.0 0.36652
5109.0 0.366358
5110.0 0.366196
5111.0 0.366035
5112.0 0.365873
5113.0 0.365712
5114.0 0.365551
5115.0 0.365391
5116.0 0.36523
5117.0 0.36507
5118.0 0.364911
5119.0 0.364751
5120.0 0.364591
5121.0 0.364432
5122.0 0.364274
5123.0 0.364115
5124.0 0.363957
5125.0 0.3638
5126.0 0.363642
5127.0 0.363485
5128.0 0.363328
5129.0 0.363171
5130.0 0.363015
5131.0 0.362859
5132.0 0.362704
5133.0 0.362549
5134.0 0.362394
5135.0 0.36224
5136.0 0.362086
5137.0 0.361932
5138.0 0.361779
5139.0 0.361626
5140.0 0.361473
5141.0 0.361321
5142.0 0.361169
5143.0 0.361018
5144.0 0.360867
5145.0 0.360716
5146.0 0.360566
5147.0 0.360416
5148.0 0.360267
5149.0 0.360118
5150.0 0.359969
5151.0 0.359821
5152.0 0.359673
5153.0 0.359525
5154.0 0.359378
5155.0 0.359231
5156.0 0.359085
5157.0 0.358939
5158.0 0.358794
5159.0 0.358648
5160.0 0.358504
5161.0 0.358359
5162.0 0.358215
5163.0 0.358072
5164.0 0.357929
5165.0 0.357786
5166.0 0.357643
5167.0 0.357501
5168.0 0.357359
5169.0 0.357218
5170.0 0.357077
5171.0 0.356936
5172.0 0.356796
5173.0 0.356656
5174.0 0.356517
5175.0 0.356377
5176.0 0.356238
5177.0 0.3561
5178.0 0.355962
5179.0 0.355824
5180.0 0.355686
5181.0 0.355549
5182.0 0.355412
5183.0 0.355276
5184.0 0.355139
5185.0 0.355003
5186.0 0.354868
5187.0 0.354732
5188.0 0.354597
5189.0 0.354463
5190.0 0.354328
5191.0 0.354194
5192.0 0.35406
5193.0 0.353926
5194.0 0.353793
5195.0 0.35366
5196.0 0.353527
5197.0 0.353394
5198.0 0.353261
5199.0 0.353129
5200.0 0.352997
5201.0 0.352865
5202.0 0.352734
5203.0 0.352603
5204.0 0.352472
5205.0 0.352341
5206.0 0.35221
5207.0 0.352079
5208.0 0.351949
5209.0 0.351819
5210.0 0.351689
5211.0 0.351559
5212.0 0.35143
5213.0 0.3513
5214.0 0.351171
5215.0 0.351042
5216.0 0.350913
5217.0 0.350784
5218.0 0.350656
5219.0 0.350527
5220.0 0.350399
5221.0 0.35027
5222.0 0.350142
5223.0 0.350014
5224.0 0.349887
5225.0 0.349759
5226.0 0.349631
5227.0 0.349504
5228.0 0.349376
5229.0 0.349249
5230.0 0.349122
5231.0 0.348995
5232.0 0.348868
5233.0 0.348741
5234.0 0.348614
5235.0 0.348488
5236.0 0.348361
5237.0 0.348235
5238.0 0.348108
5239.0 0.347982
5240.0 0.347856
5241.0 0.34773
5242.0 0.347604
5243.0 0.347478
5244.0 0.347352
5245.0 0.347226
5246.0 0.3471
5247.0 0.346975
5248.0 0.346849
5249.0 0.346724
5250.0 0.346599
5251.0 0.346474
5252.0 0.346349
5253.0 0.346224
5254.0 0.346099
5255.0 0.345974
5256.0 0.345849
5257.0 0.345725
5258.0 0.3456
5259.0 0.345476
5260.0 0.345352
5261.0 0.345228
5262.0 0.345104
5263.0 0.34498
5264.0 0.344856
5265.0 0.344732
5266.0 0.344609
5267.0 0.344486
5268.0 0.344362
5269.0 0.344239
5270.0 0.344117
5271.0 0.343994
5272.0 0.343871
5273.0 0.343749
5274.0 0.343627
5275.0 0.343505
5276.0 0.343383
5277.0 0.343261
5278.0 0.34314
5279.0 0.343018
5280.0 0.342897
5281.0 0.342776
5282.0 0.342656
5283.0 0.342535
5284.0 0.342415
5285.0 0.342295
5286.0 0.342175
5287.0 0.342056
5288.0 0.341937
5289.0 0.341818
5290.0 0.341699
5291.0 0.34158
5292.0 0.341462
5293.0 0.341344
5294.0 0.341227
5295.0 0.34111
5296.0 0.340992
5297.0 0.340876
5298.0 0.340759
5299.0 0.340643
5300.0 0.340528
5301.0 0.340412
5302.0 0.340297
5303.0 0.340182
5304.0 0.340068
5305.0 0.339954
5306.0 0.33984
5307.0 0.339727
5308.0 0.339614
5309.0 0.339501
5310.0 0.339389
5311.0 0.339277
5312.0 0.339165
5313.0 0.339054
5314.0 0.338944
5315.0 0.338833
5316.0 0.338724
5317.0 0.338614
5318.0 0.338505
5319.0 0.338396
5320.0 0.338288
5321.0 0.33818
5322.0 0.338073
5323.0 0.337966
5324.0 0.337859
5325.0 0.337753
5326.0 0.337647
5327.0 0.337542
5328.0 0.337437
5329.0 0.337333
5330.0 0.337229
5331.0 0.337126
5332.0 0.337023
5333.0 0.33692
5334.0 0.336818
5335.0 0.336716
5336.0 0.336614
5337.0 0.336514
5338.0 0.336413
5339.0 0.336313
5340.0 0.336213
5341.0 0.336114
5342.0 0.336015
5343.0 0.335917
5344.0 0.335819
5345.0 0.335722
5346.0 0.335624
5347.0 0.335528
5348.0 0.335431
5349.0 0.335335
5350.0 0.33524
5351.0 0.335144
5352.0 0.33505
5353.0 0.334955
5354.0 0.334861
5355.0 0.334767
5356.0 0.334674
5357.0 0.334581
5358.0 0.334488
5359.0 0.334395
5360.0 0.334303
5361.0 0.334211
5362.0 0.33412
5363.0 0.334028
5364.0 0.333937
5365.0 0.333846
5366.0 0.333756
5367.0 0.333665
5368.0 0.333575
5369.0 0.333485
5370.0 0.333395
5371.0 0.333306
5372.0 0.333216
5373.0 0.333127
5374.0 0.333038
5375.0 0.332949
5376.0 0.33286
5377.0 0.332771
5378.0 0.332682
5379.0 0.332593
5380.0 0.332505
5381.0 0.332416
5382.0 0.332328
5383.0 0.332239
5384.0 0.33215
5385.0 0.332061
5386.0 0.331973
5387.0 0.331884
5388.0 0.331795
5389.0 0.331706
5390.0 0.331617
5391.0 0.331528
5392.0 0.331439
5393.0 0.331349
5394.0 0.331259
5395.0 0.331169
5396.0 0.331079
5397.0 0.330989
5398.0 0.330898
5399.0 0.330807
5400.0 0.330716
5401.0 0.330624
5402.0 0.330533
5403.0 0.330441
5404.0 0.330348
5405.0 0.330255
5406.0 0.330162
5407.0 0.330069
5408.0 0.329975
5409.0 0.32988
5410.0 0.329785
5411.0 0.32969
5412.0 0.329594
5413.0 0.329498
5414.0 0.329401
5415.0 0.329304
5416.0 0.329206
5417.0 0.329107
5418.0 0.329008
5419.0 0.328909
5420.0 0.328808
5421.0 0.328708
5422.0 0.328606
5423.0 0.328504
5424.0 0.328402
5425.0 0.328299
5426.0 0.328195
5427.0 0.32809
5428.0 0.327985
5429.0 0.327879
5430.0 0.327772
5431.0 0.327665
5432.0 0.327557
5433.0 0.327448
5434.0 0.327339
5435.0 0.327229
5436.0 0.327118
5437.0 0.327006
5438.0 0.326894
5439.0 0.326781
5440.0 0.326667
5441.0 0.326552
5442.0 0.326437
5443.0 0.326321
5444.0 0.326204
5445.0 0.326087
5446.0 0.325968
5447.0 0.325849
5448.0 0.32573
5449.0 0.325609
5450.0 0.325488
5451.0 0.325366
5452.0 0.325243
5453.0 0.32512
5454.0 0.324996
5455.0 0.324871
5456.0 0.324745
5457.0 0.324619
5458.0 0.324492
5459.0 0.324365
5460.0 0.324237
5461.0 0.324108
5462.0 0.323978
5463.0 0.323848
5464.0 0.323717
5465.0 0.323586
5466.0 0.323454
5467.0 0.323322
5468.0 0.323189
5469.0 0.323055
5470.0 0.322921
5471.0 0.322787
5472.0 0.322652
5473.0 0.322516
5474.0 0.32238
5475.0 0.322244
5476.0 0.322107
5477.0 0.32197
5478.0 0.321832
5479.0 0.321694
5480.0 0.321556
5481.0 0.321418
5482.0 0.321279
5483.0 0.32114
5484.0 0.321
5485.0 0.320861
5486.0 0.320721
5487.0 0.320581
5488.0 0.320441
5489.0 0.320301
5490.0 0.320161
5491.0 0.32002
5492.0 0.31988
5493.0 0.31974
5494.0 0.319599
5495.0 0.319459
5496.0 0.319318
5497.0 0.319178
5498.0 0.319038
5499.0 0.318898
5500.0 0.318758
5501.0 0.318618
5502.0 0.318478
5503.0 0.318339
5504.0 0.3182
5505.0 0.318061
5506.0 0.317922
5507.0 0.317784
5508.0 0.317646
5509.0 0.317508
5510.0 0.317371
5511.0 0.317234
5512.0 0.317097
5513.0 0.316961
5514.0 0.316825
5515.0 0.31669
5516.0 0.316555
5517.0 0.316421
5518.0 0.316287
5519.0 0.316154
5520.0 0.316021
5521.0 0.315889
5522.0 0.315757
5523.0 0.315626
5524.0 0.315495
5525.0 0.315365
5526.0 0.315236
5527.0 0.315107
5528.0 0.314979
5529.0 0.314851
5530.0 0.314724
5531.0 0.314598
5532.0 0.314472
5533.0 0.314346
5534.0 0.314222
5535.0 0.314098
5536.0 0.313975
5537.0 0.313852
5538.0 0.31373
5539.0 0.313608
5540.0 0.313487
5541.0 0.313367
5542.0 0.313247
5543.0 0.313128
5544.0 0.31301
5545.0 0.312891
5546.0 0.312774
5547.0 0.312657
5548.0 0.31254
5549.0 0.312424
5550.0 0.312308
5551.0 0.312193
5552.0 0.312078
5553.0 0.311964
5554.0 0.31185
5555.0 0.311736
5556.0 0.311622
5557.0 0.311509
5558.0 0.311396
5559.0 0.311283
5560.0 0.311171
5561.0 0.311058
5562.0 0.310946
5563.0 0.310834
5564.0 0.310722
5565.0 0.31061
5566.0 0.310498
5567.0 0.310386
5568.0 0.310273
5569.0 0.310161
5570.0 0.310048
5571.0 0.309936
5572.0 0.309823
5573.0 0.30971
5574.0 0.309596
5575.0 0.309482
5576.0 0.309368
5577.0 0.309253
5578.0 0.309137
5579.0 0.309022
5580.0 0.308905
5581.0 0.308788
5582.0 0.30867
5583.0 0.308552
5584.0 0.308433
5585.0 0.308313
5586.0 0.308192
5587.0 0.308071
5588.0 0.307949
5589.0 0.307825
5590.0 0.307701
5591.0 0.307576
5592.0 0.307449
5593.0 0.307322
5594.0 0.307193
5595.0 0.307063
5596.0 0.306933
5597.0 0.306801
5598.0 0.306667
5599.0 0.306533
5600.0 0.306397
5601.0 0.30626
5602.0 0.306121
5603.0 0.305982
5604.0 0.305841
5605.0 0.305698
5606.0 0.305554
5607.0 0.305409
5608.0 0.305262
5609.0 0.305114
5610.0 0.304965
5611.0 0.304814
5612.0 0.304662
5613.0 0.304508
5614.0 0.304353
5615.0 0.304196
5616.0 0.304038
5617.0 0.303879
5618.0 0.303718
5619.0 0.303556
5620.0 0.303393
5621.0 0.303228
5622.0 0.303063
5623.0 0.302895
5624.0 0.302727
5625.0 0.302558
5626.0 0.302387
5627.0 0.302216
5628.0 0.302043
5629.0 0.301869
5630.0 0.301695
5631.0 0.301519
5632.0 0.301343
5633.0 0.301166
5634.0 0.300988
5635.0 0.30081
5636.0 0.300631
5637.0 0.300451
5638.0 0.300271
5639.0 0.300091
5640.0 0.29991
5641.0 0.299729
5642.0 0.299549
5643.0 0.299367
5644.0 0.299187
5645.0 0.299006
5646.0 0.298825
5647.0 0.298645
5648.0 0.298465
5649.0 0.298286
5650.0 0.298107
5651.0 0.297929
5652.0 0.297751
5653.0 0.297575
5654.0 0.297399
5655.0 0.297225
5656.0 0.297051
5657.0 0.296879
5658.0 0.296708
5659.0 0.296538
5660.0 0.29637
5661.0 0.296204
5662.0 0.296039
5663.0 0.295876
5664.0 0.295715
5665.0 0.295556
5666.0 0.295398
5667.0 0.295243
5668.0 0.29509
5669.0 0.294939
5670.0 0.294791
5671.0 0.294644
5672.0 0.2945
5673.0 0.294359
5674.0 0.29422
5675.0 0.294083
5676.0 0.293949
5677.0 0.293818
5678.0 0.293689
5679.0 0.293563
5680.0 0.293439
5681.0 0.293318
5682.0 0.2932
5683.0 0.293084
5684.0 0.292971
5685.0 0.29286
5686.0 0.292752
5687.0 0.292647
5688.0 0.292544
5689.0 0.292444
5690.0 0.292345
5691.0 0.29225
5692.0 0.292156
5693.0 0.292065
5694.0 0.291975
5695.0 0.291888
5696.0 0.291802
5697.0 0.291718
5698.0 0.291636
5699.0 0.291555
5700.0 0.291475
5701.0 0.291397
5702.0 0.29132
5703.0 0.291243
5704.0 0.291168
5705.0 0.291093
5706.0 0.291018
5707.0 0.290943
5708.0 0.290869
5709.0 0.290794
5710.0 0.290719
5711.0 0.290644
5712.0 0.290567
5713.0 0.29049
5714.0 0.290412
5715.0 0.290332
5716.0 0.29025
5717.0 0.290167
5718.0 0.290082
5719.0 0.289995
5720.0 0.289905
5721.0 0.289814
5722.0 0.289719
5723.0 0.289621
5724.0 0.289521
5725.0 0.289417
5726.0 0.289309
5727.0 0.289199
5728.0 0.289085
5729.0 0.288967
5730.0 0.288845
5731.0 0.28872
5732.0 0.288591
5733.0 0.288458
5734.0 0.288321
5735.0 0.28818
5736.0 0.288035
5737.0 0.287886
5738.0 0.287734
5739.0 0.287578
5740.0 0.287418
5741.0 0.287256
5742.0 0.28709
5743.0 0.286921
5744.0 0.286749
5745.0 0.286576
5746.0 0.2864
5747.0 0.286222
5748.0 0.286043
5749.0 0.285864
5750.0 0.285684
5751.0 0.285504
5752.0 0.285324
5753.0 0.285146
5754.0 0.284969
5755.0 0.284795
5756.0 0.284623
5757.0 0.284455
5758.0 0.284291
5759.0 0.284132
5760.0 0.283978
5761.0 0.283831
5762.0 0.28369
5763.0 0.283556
5764.0 0.283431
5765.0 0.283315
5766.0 0.283208
5767.0 0.283111
5768.0 0.283025
5769.0 0.282949
5770.0 0.282885
5771.0 0.282832
5772.0 0.282792
5773.0 0.282763
5774.0 0.282746
5775.0 0.282741
5776.0 0.282748
5777.0 0.282765
5778.0 0.282792
5779.0 0.282828
5780.0 0.282872
5781.0 0.282922
5782.0 0.282977
5783.0 0.283034
5784.0 0.283089
5785.0 0.283142
5786.0 0.283187
5787.0 0.28322
5788.0 0.283238
5789.0 0.283234
5790.0 0.283202
5791.0 0.283137
5792.0 0.28303
5793.0 0.282873
5794.0 0.282657
5795.0 0.282371
5796.0 0.282004
5797.0 0.281544
5798.0 0.280977
5799.0 0.280287
5800.0 0.279458
