# %ECSV 1.0
# ---
# datatype:
# - {name: WAV, unit: Angstrom, datatype: float32}
# - {name: EFF, datatype: float64}
# meta: !!omap
# - {GRISM: 600/4000}
# - {DICHROIC: D680}
# schema: astropy-2.0
WAV EFF
3200.0 0.06248774
3201.0 0.06302674
3202.0 0.06351673999999999
3203.0 0.06396558
3204.0 0.06437717999999999
3205.0 0.0647584
3206.0 0.0651112
3207.0 0.06544244
3208.0 0.06575408
3209.0 0.06604905999999999
3210.0 0.06633228
3211.0 0.06660374
3212.0 0.06686638
3213.0 0.06712314
3214.0 0.067375
3215.0 0.06762391999999999
3216.0 0.0678699
3217.0 0.06811588
3218.0 0.06836088
3219.0 0.06860784
3220.0 0.06885578
3221.0 0.06910567999999999
3222.0 0.06935754
3223.0 0.06961331999999999
3224.0 0.06987106
3225.0 0.07013370000000001
3226.0 0.07039928
3227.0 0.07066877999999999
3228.0 0.07094318
3229.0 0.07122052
3230.0 0.07150276
3231.0 0.07178891999999999
3232.0 0.07207998
3233.0 0.07237496
3234.0 0.07267385999999999
3235.0 0.07297766
3236.0 0.07328538
3237.0 0.07359702
3238.0 0.07391356
3239.0 0.074235
3240.0 0.07456035999999999
3241.0 0.07488964
3242.0 0.07522382
3243.0 0.0755629
3244.0 0.07590492
3245.0 0.07625282
3246.0 0.07660464
3247.0 0.07696136
3248.0 0.07732298
3249.0 0.07768852
3250.0 0.07805896
3251.0 0.0784343
3252.0 0.07881552
3253.0 0.07920065999999999
3254.0 0.0795907
3255.0 0.07998662
3256.0 0.08038744
3257.0 0.08079316
3258.0 0.08120476
3259.0 0.08162224
3260.0 0.08204462
3261.0 0.08247189999999999
3262.0 0.08290604
3263.0 0.08334508
3264.0 0.08379097999999999
3265.0 0.08424177999999999
3266.0 0.08469944
3267.0 0.085162
3268.0 0.08563142
3269.0 0.08610672
3270.0 0.0865879
3271.0 0.08707594
3272.0 0.08756888
3273.0 0.08806966
3274.0 0.08857534
3275.0 0.08908788
3276.0 0.0896063
3277.0 0.09013059999999999
3278.0 0.09066176
3279.0 0.0911988
3280.0 0.0917427
3281.0 0.0922915
3282.0 0.09284716
3283.0 0.09340772
3284.0 0.09397514
3285.0 0.09454844
3286.0 0.09512664
3287.0 0.0957117
3288.0 0.09630166
3289.0 0.0968975
3290.0 0.09749823999999999
3291.0 0.09810486
3292.0 0.0987154
3293.0 0.0993328
3294.0 0.09995412
3295.0 0.10058034
3296.0 0.10121145999999999
3297.0 0.1018465
3298.0 0.10248644
3299.0 0.1031303
3300.0 0.10377906
3301.0 0.10443076
3302.0 0.10508735999999999
3303.0 0.1057469
3304.0 0.10641036
3305.0 0.10707675999999999
3306.0 0.1077461
3307.0 0.10841838
3308.0 0.1090936
3309.0 0.10977176
3310.0 0.11045188
3311.0 0.11113396
3312.0 0.11181799999999999
3313.0 0.11250399999999999
3314.0 0.11319196
3315.0 0.11388090000000001
3316.0 0.1145718
3317.0 0.11526368
3318.0 0.11595654
3319.0 0.1166494
3320.0 0.11734324
3321.0 0.11803806
3322.0 0.11873288
3323.0 0.1194277
3324.0 0.12012252
3325.0 0.12081734
3326.0 0.12151216000000001
3327.0 0.12220698
3328.0 0.12289984
3329.0 0.1235927
3330.0 0.12428555999999999
3331.0 0.12497646
3332.0 0.12566638000000002
3333.0 0.1263563
3334.0 0.12704328
3335.0 0.12773026
3336.0 0.12841528000000002
3337.0 0.12909932
3338.0 0.1297814
3339.0 0.13046152
3340.0 0.13114066
3341.0 0.13181784
3342.0 0.13249208
3343.0 0.13316534
3344.0 0.13383663999999998
3345.0 0.13450598
3346.0 0.13517336
3347.0 0.13583878000000002
3348.0 0.13650224
3349.0 0.13716374
3350.0 0.1378223
3351.0 0.1384789
3352.0 0.13913451999999998
3353.0 0.1397872
3354.0 0.14043792
3355.0 0.14108668000000002
3356.0 0.14173348
3357.0 0.14237832
3358.0 0.1430212
3359.0 0.14366212
3360.0 0.14430108
3361.0 0.14493808
3362.0 0.1455741
3363.0 0.14620815999999998
3364.0 0.14684123999999998
3365.0 0.14747236
3366.0 0.14810152000000001
3367.0 0.14873068
3368.0 0.14935690000000001
3369.0 0.14998312
3370.0 0.15060738
3371.0 0.15123164
3372.0 0.15185394
3373.0 0.15247624
3374.0 0.15309756
3375.0 0.1537179
3376.0 0.15433824
3377.0 0.15495662000000002
3378.0 0.15557598
3379.0 0.15619436
3380.0 0.15681372
3381.0 0.15743210000000002
3382.0 0.1580495
3383.0 0.15866787999999998
3384.0 0.15928724
3385.0 0.15990562
3386.0 0.16052498
3387.0 0.16114434
3388.0 0.16176468
3389.0 0.16238502000000002
3390.0 0.16300634
3391.0 0.16362864
3392.0 0.16425192
3393.0 0.16487618
3394.0 0.16550142
3395.0 0.16612764
3396.0 0.16675484
3397.0 0.16738302
3398.0 0.16801316
3399.0 0.16864427999999998
3400.0 0.16927736
3401.0 0.16991142
3402.0 0.17054744
3403.0 0.17118444
3404.0 0.17182340000000002
3405.0 0.17246334
3406.0 0.17310425999999998
3407.0 0.17374616
3408.0 0.17438904
3409.0 0.17503290000000002
3410.0 0.17567774
3411.0 0.17632258
3412.0 0.1769684
3413.0 0.17761422000000002
3414.0 0.17826102
3415.0 0.17890782
3416.0 0.17955462
3417.0 0.18020044000000002
3418.0 0.18084626
3419.0 0.18149208
3420.0 0.18213691999999998
3421.0 0.18278078
3422.0 0.18342366
3423.0 0.18406556
3424.0 0.18470648
3425.0 0.18534446
3426.0 0.18598146
3427.0 0.18661650000000002
3428.0 0.18724958
3429.0 0.18787972
3430.0 0.1885079
3431.0 0.18913216
3432.0 0.18975348
3433.0 0.19037186
3434.0 0.19098632
3435.0 0.19159685999999998
3436.0 0.1922025
3437.0 0.19280422
3438.0 0.19340201999999998
3439.0 0.19399393999999998
3440.0 0.19458096
3441.0 0.19516209999999998
3442.0 0.19573736
3443.0 0.19630673999999998
3444.0 0.19686926000000002
3445.0 0.1974259
3446.0 0.1979747
3447.0 0.19851664
3448.0 0.19905172
3449.0 0.19957798
3450.0 0.2000964
3451.0 0.20060599999999998
3452.0 0.20110678
3453.0 0.20159972
3454.0 0.20208482
3455.0 0.2025611
3456.0 0.20303052
3457.0 0.20349112
3458.0 0.20394388000000002
3459.0 0.20438978
3460.0 0.20482783999999998
3461.0 0.20525904
3462.0 0.20568240000000002
3463.0 0.2060989
3464.0 0.20650952
3465.0 0.2069123
3466.0 0.20730822
3467.0 0.20769923999999998
3468.0 0.20808242
3469.0 0.20846069999999997
3470.0 0.20883212
3471.0 0.20919864
3472.0 0.20955928
3473.0 0.20991404
3474.0 0.2102639
3475.0 0.21060885999999998
3476.0 0.21094891999999998
3477.0 0.21128408
3478.0 0.21161532
3479.0 0.21194264
3480.0 0.21226506
3481.0 0.21258454
3482.0 0.21290009999999998
3483.0 0.21321174
3484.0 0.21352043999999998
3485.0 0.2138262
3486.0 0.21413
3487.0 0.21443086
3488.0 0.21472878
3489.0 0.21502572
3490.0 0.21532069999999998
3491.0 0.21561371999999998
3492.0 0.21590576
3493.0 0.21619681999999998
3494.0 0.21648788
3495.0 0.21677796
3496.0 0.21706804
3497.0 0.21735812
3498.0 0.2176482
3499.0 0.21793926
3500.0 0.21823228
3501.0 0.21852529999999998
3502.0 0.21882028
3503.0 0.21911624000000002
3504.0 0.21941318
3505.0 0.2197111
3506.0 0.22001
3507.0 0.2203089
3508.0 0.22060878
3509.0 0.22090866
3510.0 0.22120952
3511.0 0.22151038
3512.0 0.22181124000000002
3513.0 0.2221121
3514.0 0.22241296
3515.0 0.22271381999999998
3516.0 0.22301468
3517.0 0.22331456
3518.0 0.22361444
3519.0 0.22391432
3520.0 0.22421322
3521.0 0.22451211999999998
3522.0 0.22481004
3523.0 0.22510697999999998
3524.0 0.22540391999999998
3525.0 0.22569988000000002
3526.0 0.22599486
3527.0 0.22628886
3528.0 0.22658187999999999
3529.0 0.22687391999999998
3530.0 0.22716498000000002
3531.0 0.22745506
3532.0 0.22774415999999997
3533.0 0.2280313
3534.0 0.22831843999999998
3535.0 0.22860362
3536.0 0.22888782
3537.0 0.22917104
3538.0 0.2294523
3539.0 0.22973258
3540.0 0.23001188
3541.0 0.23028922
3542.0 0.23056558
3543.0 0.23083998
3544.0 0.2311134
3545.0 0.23138584
3546.0 0.23165632
3547.0 0.23192484
3548.0 0.23219238
3549.0 0.23245894
3550.0 0.23272353999999998
3551.0 0.23298716
3552.0 0.23324882
3553.0 0.23350852
3554.0 0.23376724
3555.0 0.23402498000000002
3556.0 0.23428076
3557.0 0.23453556
3558.0 0.23478839999999998
3559.0 0.23503928
3560.0 0.23528918
3561.0 0.23553712
3562.0 0.23578408
3563.0 0.23603006
3564.0 0.23627408
3565.0 0.23651613999999999
3566.0 0.23675722
3567.0 0.23699634
3568.0 0.23723448
3569.0 0.23747066
3570.0 0.23770586
3571.0 0.23793910000000001
3572.0 0.23817136
3573.0 0.23840166000000002
3574.0 0.23863098
3575.0 0.2388603
3576.0 0.23908864
3577.0 0.239316
3578.0 0.23954434
3579.0 0.23977169999999998
3580.0 0.24000004
3581.0 0.24022838
3582.0 0.2404577
3583.0 0.240688
3584.0 0.24092026
3585.0 0.2411535
3586.0 0.24138772
3587.0 0.24162488
3588.0 0.24186301999999998
3589.0 0.24210507999999997
3590.0 0.24234812
3591.0 0.24259508
3592.0 0.24284399999999998
3593.0 0.24309684
3594.0 0.2433536
3595.0 0.2436133
3596.0 0.24387692
3597.0 0.24414445999999998
3598.0 0.2444169
3599.0 0.24469326
3600.0 0.24497452
3601.0 0.2452597
3602.0 0.24555076
3603.0 0.2458477
3604.0 0.24614856
3605.0 0.24645627999999997
3606.0 0.24676889999999999
3607.0 0.24708838
3608.0 0.24741374
3609.0 0.24774498
3610.0 0.24808307999999998
3611.0 0.24842804
3612.0 0.24877888
3613.0 0.24913756
3614.0 0.2495031
3615.0 0.24987647999999998
3616.0 0.25025672
3617.0 0.2506448
3618.0 0.25104072
3619.0 0.25144448
3620.0 0.25185608
3621.0 0.2522765
3622.0 0.25270476
3623.0 0.25314183999999995
3624.0 0.25358675999999997
3625.0 0.2540405
3626.0 0.25450306
3627.0 0.25497444
3628.0 0.25545562
3629.0 0.25594464
3630.0 0.25644444
3631.0 0.25695207999999997
3632.0 0.2574705
3633.0 0.25799676
3634.0 0.2585338
3635.0 0.25908064
3636.0 0.25963728
3637.0 0.26020274
3638.0 0.26077898
3639.0 0.26136403999999996
3640.0 0.26195988
3641.0 0.26256454
3642.0 0.263179
3643.0 0.26380228
3644.0 0.26443536
3645.0 0.26507726
3646.0 0.26572896
3647.0 0.2663885
3648.0 0.26705784
3649.0 0.267736
3650.0 0.268422
3651.0 0.2691178
3652.0 0.26982046
3653.0 0.27053193999999997
3654.0 0.27125224
3655.0 0.2719794
3656.0 0.27271538
3657.0 0.27345822
3658.0 0.27420890000000003
3659.0 0.27496742
3660.0 0.2757328
3661.0 0.27650504
3662.0 0.27728316000000003
3663.0 0.27806912
3664.0 0.27886194
3665.0 0.27965966
3666.0 0.28046424
3667.0 0.2812747
3668.0 0.28209006000000003
3669.0 0.28291130000000003
3670.0 0.28373842
3671.0 0.28457044000000004
3672.0 0.28540638
3673.0 0.2862482
3674.0 0.28709394
3675.0 0.28794262
3676.0 0.2887962
3677.0 0.2896537
3678.0 0.29051414000000003
3679.0 0.29137751999999995
3680.0 0.29224482
3681.0 0.29311407999999994
3682.0 0.29398628
3683.0 0.29485946
3684.0 0.29573558
3685.0 0.29661366
3686.0 0.29749272
3687.0 0.29837276
3688.0 0.29925280000000004
3689.0 0.3001348
3690.0 0.3010168
3691.0 0.30189782000000004
3692.0 0.30277982
3693.0 0.30366084000000004
3694.0 0.30454087999999996
3695.0 0.30541994
3696.0 0.30629703999999996
3697.0 0.30717316
3698.0 0.30804732
3699.0 0.30891952
3700.0 0.30978878
3701.0 0.31065412
3702.0 0.3115175
3703.0 0.31237794
3704.0 0.31323348
3705.0 0.31408509999999995
3706.0 0.31493378
3707.0 0.31577756
3708.0 0.31661643999999994
3709.0 0.3174514
3710.0 0.31828145999999996
3711.0 0.3191076
3712.0 0.31992786
3713.0 0.32074420000000003
3714.0 0.32155466
3715.0 0.3223612
3716.0 0.32316088
3717.0 0.32395663999999996
3718.0 0.32474652
3719.0 0.3255315
3720.0 0.3263106
3721.0 0.32708381999999997
3722.0 0.32785213999999996
3723.0 0.3286136
3724.0 0.32936918
3725.0 0.33011986
3726.0 0.33086368
3727.0 0.33160162
3728.0 0.3323327
3729.0 0.33305888
3730.0 0.3337782
3731.0 0.33449066
3732.0 0.33519724
3733.0 0.33589696
3734.0 0.33658982
3735.0 0.3372768
3736.0 0.33795692
3737.0 0.33863018
3738.0 0.33929658
3739.0 0.33995612
3740.0 0.3406088
3741.0 0.34125462
3742.0 0.34189456
3743.0 0.34252568
3744.0 0.34315092
3745.0 0.3437693
3746.0 0.34438082000000003
3747.0 0.34498449999999997
3748.0 0.34558131999999997
3749.0 0.34617127999999997
3750.0 0.34675438
3751.0 0.34732964
3752.0 0.34789803999999996
3753.0 0.3484586
3754.0 0.34901328
3755.0 0.34956012000000003
3756.0 0.35010009999999997
3757.0 0.35063224
3758.0 0.35115751999999995
3759.0 0.35167593999999996
3760.0 0.3521875
3761.0 0.35269122
3762.0 0.35318808
3763.0 0.35367808
3764.0 0.35416023999999996
3765.0 0.35463651999999996
3766.0 0.35510496
3767.0 0.35556654
3768.0 0.35602126
3769.0 0.35646912000000003
3770.0 0.35690913999999996
3771.0 0.35734328
3772.0 0.35777056
3773.0 0.35819
3774.0 0.35860356000000004
3775.0 0.35901026
3776.0 0.35941009999999995
3777.0 0.35980307999999994
3778.0 0.36019018
3779.0 0.36057042
3780.0 0.36094380000000004
3781.0 0.3613113
3782.0 0.36167194
3783.0 0.3620267
3784.0 0.3623746
3785.0 0.36271662
3786.0 0.36305276000000003
3787.0 0.36338302
3788.0 0.36370642
3789.0 0.36402492
3790.0 0.36433656
3791.0 0.3646433
3792.0 0.36494318000000003
3793.0 0.36523816000000003
3794.0 0.36552726
3795.0 0.36581146000000003
3796.0 0.36608978
3797.0 0.3663632
3798.0 0.36663073999999996
3799.0 0.36689338
3800.0 0.36715112
3801.0 0.36740396000000003
3802.0 0.36765190000000003
3803.0 0.36789494
3804.0 0.36813307999999995
3805.0 0.36836631999999997
3806.0 0.36859564
3807.0 0.36882006
3808.0 0.36904056
3809.0 0.36925714
3810.0 0.36946882
3811.0 0.36967658
3812.0 0.36988042
3813.0 0.37008132
3814.0 0.37027732
3815.0 0.37047038
3816.0 0.37065952
3817.0 0.37084474
3818.0 0.37102702
3819.0 0.37120636
3820.0 0.37138276000000003
3821.0 0.37155622
3822.0 0.37172575999999996
3823.0 0.37189334
3824.0 0.37205798
3825.0 0.37222066
3826.0 0.3723804
3827.0 0.37253818
3828.0 0.37269302
3829.0 0.3728459
3830.0 0.3729978
3831.0 0.37314675999999997
3832.0 0.37329474
3833.0 0.37343978
3834.0 0.37358482000000004
3835.0 0.3737279
3836.0 0.37386902
3837.0 0.37401014
3838.0 0.37414929999999996
3839.0 0.37428846
3840.0 0.37442664000000003
3841.0 0.37456384
3842.0 0.37470006
3843.0 0.37483627999999997
3844.0 0.3749725
3845.0 0.37510872
3846.0 0.37524396
3847.0 0.37538018
3848.0 0.37551640000000003
3849.0 0.37565262
3850.0 0.37578982
3851.0 0.37592702
3852.0 0.37606520000000004
3853.0 0.37620436
3854.0 0.37634449999999997
3855.0 0.37648561999999997
3856.0 0.3766287
3857.0 0.37677276000000004
3858.0 0.3769178
3859.0 0.3770648
3860.0 0.37721375999999995
3861.0 0.37736468
3862.0 0.37751756
3863.0 0.3776724
3864.0 0.37783018
3865.0 0.37798992
3866.0 0.37815162
3867.0 0.37831528
3868.0 0.3784809
3869.0 0.37864946
3870.0 0.37881997999999995
3871.0 0.37899246
3872.0 0.37916788
3873.0 0.37934428
3874.0 0.37952361999999995
3875.0 0.37970492
3876.0 0.37988916
3877.0 0.38007438
3878.0 0.38026254
3879.0 0.38045364
3880.0 0.38064571999999997
3881.0 0.38084073999999996
3882.0 0.38103771999999997
3883.0 0.38123666
3884.0 0.38143756
3885.0 0.38164139999999996
3886.0 0.3818472
3887.0 0.38205594
3888.0 0.38226664
3889.0 0.38247929999999997
3890.0 0.38269392
3891.0 0.38291148
3892.0 0.383131
3893.0 0.38335248
3894.0 0.3835769
3895.0 0.38380426
3896.0 0.3840326
3897.0 0.38426388
3898.0 0.38449712
3899.0 0.3847333
3900.0 0.38497144
3901.0 0.38521251999999995
3902.0 0.38545556
3903.0 0.38570055999999997
3904.0 0.38594849999999997
3905.0 0.38619938
3906.0 0.38645124000000003
3907.0 0.38670701999999996
3908.0 0.38696475999999996
3909.0 0.38722446
3910.0 0.3874871
3911.0 0.3877517
3912.0 0.38801924
3913.0 0.38828873999999997
3914.0 0.38856117999999995
3915.0 0.38883557999999996
3916.0 0.38911292000000003
3917.0 0.38939222
3918.0 0.38967446
3919.0 0.38995964
3920.0 0.39024677999999996
3921.0 0.39053686
3922.0 0.39082890000000003
3923.0 0.39112388000000003
3924.0 0.39142082
3925.0 0.3917207
3926.0 0.39202351999999996
3927.0 0.39232829999999996
3928.0 0.39263602
3929.0 0.3929457
3930.0 0.39325832
3931.0 0.39357388
3932.0 0.3938914
3933.0 0.39421185999999997
3934.0 0.39453428
3935.0 0.39485964
3936.0 0.39518793999999996
3937.0 0.3955182
3938.0 0.3958514
3939.0 0.39618656
3940.0 0.39652466
3941.0 0.3968657
3942.0 0.39720968
3943.0 0.39755463999999996
3944.0 0.39790352
3945.0 0.39825436000000003
3946.0 0.39860715999999996
3947.0 0.39896388
3948.0 0.39932158
3949.0 0.39968319999999996
3950.0 0.4000458
3951.0 0.40041232
3952.0 0.4007808
3953.0 0.40115123999999996
3954.0 0.40152462
3955.0 0.40189996
3956.0 0.40227824
3957.0 0.40265945999999997
3958.0 0.40304165999999997
3959.0 0.40342778
3960.0 0.40381488
3961.0 0.4042059
3962.0 0.4045979
3963.0 0.40499284
3964.0 0.40538974
3965.0 0.40578958000000004
3966.0 0.4061904
3967.0 0.40659514
3968.0 0.40700085999999996
3969.0 0.40740951999999997
3970.0 0.40782014
3971.0 0.40823272
3972.0 0.40864726
3973.0 0.40906474
3974.0 0.4094832
3975.0 0.40990459999999995
3976.0 0.41032698
3977.0 0.41075229999999996
3978.0 0.41117958000000004
3979.0 0.41160882
3980.0 0.41204002
3981.0 0.41247219999999996
3982.0 0.41290731999999997
3983.0 0.41334342
3984.0 0.41378148
3985.0 0.4142215
3986.0 0.41466348
3987.0 0.41510644
3988.0 0.41555136000000004
3989.0 0.41599823999999996
3990.0 0.4164461
3991.0 0.41689592
3992.0 0.41734672
3993.0 0.41779948
3994.0 0.41825322
3995.0 0.41870794
3996.0 0.41916462
3997.0 0.41962228
3998.0 0.42008091999999997
3999.0 0.42054053999999996
4000.0 0.42100212
4001.0 0.42146369999999994
4002.0 0.42192724
4003.0 0.42239077999999997
4004.0 0.42285628
4005.0 0.42332178
4006.0 0.42378826
4007.0 0.42425473999999996
4008.0 0.4247222
4009.0 0.42519063999999995
4010.0 0.42566005999999995
4011.0 0.42612948
4012.0 0.4265989
4013.0 0.42706832
4014.0 0.42753872
4015.0 0.42800912
4016.0 0.42847952
4017.0 0.4289509
4018.0 0.4294213
4019.0 0.42989170000000004
4020.0 0.4303621
4021.0 0.43083152
4022.0 0.43130192
4023.0 0.43177134
4024.0 0.43224076
4025.0 0.43270919999999996
4026.0 0.43317666
4027.0 0.43364411999999997
4028.0 0.43411059999999996
4029.0 0.43457609999999997
4030.0 0.43504062
4031.0 0.43550416
4032.0 0.43596672
4033.0 0.4364283
4034.0 0.4368889
4035.0 0.43734754
4036.0 0.4378052
4037.0 0.4382609
4038.0 0.43871562
4039.0 0.43916837999999997
4040.0 0.43961918
4041.0 0.440069
4042.0 0.44051685999999995
4043.0 0.44096374
4044.0 0.44140866
4045.0 0.44185162
4046.0 0.4422936
4047.0 0.44273362
4048.0 0.44317168
4049.0 0.44360876
4050.0 0.44404388
4051.0 0.44447704
4052.0 0.44490922
4053.0 0.44533846
4054.0 0.4457677
4055.0 0.446194
4056.0 0.44661834
4057.0 0.4470417
4058.0 0.44746212
4059.0 0.44788155999999996
4060.0 0.44829904000000004
4061.0 0.44871456
4062.0 0.44912811999999996
4063.0 0.44953972
4064.0 0.44995034
4065.0 0.45035801999999997
4066.0 0.45076374
4067.0 0.45116848
4068.0 0.45157028
4069.0 0.45197012
4070.0 0.452368
4071.0 0.45276489999999997
4072.0 0.45315886
4073.0 0.45355086
4074.0 0.45393992
4075.0 0.454328
4076.0 0.45471412
4077.0 0.4550973
4078.0 0.45547852
4079.0 0.45585778
4080.0 0.45623508
4081.0 0.45660944
4082.0 0.45698281999999996
4083.0 0.45735228
4084.0 0.45772075999999995
4085.0 0.4580863
4086.0 0.45844988
4087.0 0.4588115
4088.0 0.45917018
4089.0 0.4595269
4090.0 0.45988068
4091.0 0.4602325
4092.0 0.46058236
4093.0 0.46092927999999994
4094.0 0.46127326
4095.0 0.46161528
4096.0 0.46195534
4097.0 0.46229148
4098.0 0.46262664
4099.0 0.46295886
4100.0 0.46328814
4101.0 0.46361448
4102.0 0.46393886
4103.0 0.46426128
4104.0 0.46457978
4105.0 0.4648973
4106.0 0.4652109
4107.0 0.46552156
4108.0 0.46583026
4109.0 0.466137
4110.0 0.46643982
4111.0 0.46674068
4112.0 0.46703859999999997
4113.0 0.46733357999999997
4114.0 0.46762562
4115.0 0.4679157
4116.0 0.46820284
4117.0 0.46848606
4118.0 0.46876732
4119.0 0.46904662
4120.0 0.46932199999999996
4121.0 0.46959444
4122.0 0.46986491999999996
4123.0 0.47013246000000003
4124.0 0.47039608
4125.0 0.47065774
4126.0 0.47091646
4127.0 0.47117223999999996
4128.0 0.47142507999999994
4129.0 0.47167497999999997
4130.0 0.47192291999999997
4131.0 0.47216694
4132.0 0.47240802
4133.0 0.47264616
4134.0 0.47288233999999996
4135.0 0.4731146
4136.0 0.47334392
4137.0 0.4735703
4138.0 0.47379472
4139.0 0.47401521999999996
4140.0 0.47423376
4141.0 0.47444837999999995
4142.0 0.47466006
4143.0 0.47486978
4144.0 0.47507558
4145.0 0.47527844
4146.0 0.47547836
4147.0 0.47567632
4148.0 0.47587036
4149.0 0.47606244
4150.0 0.4762506
4151.0 0.47643582
4152.0 0.47661908
4153.0 0.47679842
4154.0 0.47697579999999995
4155.0 0.47714926
4156.0 0.47732076
4157.0 0.47748834
4158.0 0.47765396
4159.0 0.47781566
4160.0 0.4779754
4161.0 0.4781322
4162.0 0.47828606
4163.0 0.47843698
4164.0 0.47858496
4165.0 0.47873
4166.0 0.47887308
4167.0 0.47901224
4168.0 0.47914944
4169.0 0.47928272
4170.0 0.47941404
4171.0 0.47954242
4172.0 0.47966884
4173.0 0.47979133999999996
4174.0 0.47991187999999996
4175.0 0.48002947999999995
4176.0 0.48014315999999996
4177.0 0.48025586000000003
4178.0 0.48036464
4179.0 0.48047048
4180.0 0.48057436
4181.0 0.48067529999999997
4182.0 0.48077329999999996
4183.0 0.48086836
4184.0 0.48096146
4185.0 0.48105064000000003
4186.0 0.48113786
4187.0 0.48122311999999995
4188.0 0.48130446
4189.0 0.48138383999999995
4190.0 0.48146028
4191.0 0.48153377999999997
4192.0 0.48160531999999995
4193.0 0.48167392
4194.0 0.48173957999999995
4195.0 0.48180328
4196.0 0.48186404
4197.0 0.48192186
4198.0 0.48197771999999994
4199.0 0.48203064
4200.0 0.4820816
4201.0 0.48212962
4202.0 0.48217469999999996
4203.0 0.48221782
4204.0 0.48225799999999996
4205.0 0.48229622
4206.0 0.48233248
4207.0 0.48236579999999996
4208.0 0.48239716
4209.0 0.48242558
4210.0 0.48245106
4211.0 0.48247555999999997
4212.0 0.48249712
4213.0 0.48251672
4214.0 0.48253338
4215.0 0.48254808
4216.0 0.48256082
4217.0 0.4825716
4218.0 0.48257943999999997
4219.0 0.48258532
4220.0 0.48258924
4221.0 0.4825912
4222.0 0.4825912
4223.0 0.48258924
4224.0 0.48258434
4225.0 0.48257846
4226.0 0.48256964
4227.0 0.48255984
4228.0 0.48254808
4229.0 0.48253338
4230.0 0.4825177
4231.0 0.48250005999999995
4232.0 0.48248046
4233.0 0.48245889999999997
4234.0 0.48243538
4235.0 0.48241088000000004
4236.0 0.48238442000000004
4237.0 0.482356
4238.0 0.48232562
4239.0 0.48229426
4240.0 0.48226094
4241.0 0.48222664
4242.0 0.48219038
4243.0 0.48215216
4244.0 0.48211296
4245.0 0.48207278
4246.0 0.48203064
4247.0 0.48198752
4248.0 0.48194243999999997
4249.0 0.48189637999999996
4250.0 0.48184836
4251.0 0.48179936
4252.0 0.48174938
4253.0 0.48169841999999996
4254.0 0.48164648
4255.0 0.48159258
4256.0 0.4815377
4257.0 0.48148184
4258.0 0.481425
4259.0 0.48136718
4260.0 0.48130838
4261.0 0.48124859999999997
4262.0 0.48118784
4263.0 0.4811261
4264.0 0.48106338
4265.0 0.48099968
4266.0 0.48093598
4267.0 0.48087032
4268.0 0.48080466
4269.0 0.48073802
4270.0 0.4806704
4271.0 0.48060277999999995
4272.0 0.4805332
4273.0 0.48046362
4274.0 0.48039404
4275.0 0.48032348
4276.0 0.48025194
4277.0 0.4801804
4278.0 0.48010788
4279.0 0.48003535999999997
4280.0 0.47996185999999996
4281.0 0.47988836
4282.0 0.47981387999999997
4283.0 0.47973940000000004
4284.0 0.47966492
4285.0 0.47958946
4286.0 0.479514
4287.0 0.47943854
4288.0 0.4793621
4289.0 0.47928565999999995
4290.0 0.47920922
4291.0 0.47913278
4292.0 0.47905634
4293.0 0.47897892000000003
4294.0 0.47890150000000004
4295.0 0.47882505999999997
4296.0 0.47874764
4297.0 0.47867022
4298.0 0.4785928
4299.0 0.47851538
4300.0 0.47843796
4301.0 0.47836053999999995
4302.0 0.47828311999999995
4303.0 0.47820569999999996
4304.0 0.47812827999999996
4305.0 0.47805184
4306.0 0.47797442
4307.0 0.47789798
4308.0 0.47782154
4309.0 0.47774412
4310.0 0.47766865999999997
4311.0 0.47759222
4312.0 0.47751578
4313.0 0.47744032
4314.0 0.47736486
4315.0 0.47729037999999996
4316.0 0.47721492
4317.0 0.47714043999999994
4318.0 0.47706596
4319.0 0.47699246
4320.0 0.47691895999999995
4321.0 0.47684546
4322.0 0.47677294000000003
4323.0 0.47670042
4324.0 0.4766279
4325.0 0.47655635999999996
4326.0 0.47648482
4327.0 0.47641426
4328.0 0.47634370000000004
4329.0 0.47627314
4330.0 0.47620356
4331.0 0.47613496
4332.0 0.47606635999999997
4333.0 0.47599776
4334.0 0.47593014
4335.0 0.47586252
4336.0 0.47579588
4337.0 0.47572924
4338.0 0.47566358
4339.0 0.4755989
4340.0 0.47553323999999997
4341.0 0.47546954
4342.0 0.47540583999999997
4343.0 0.47534213999999997
4344.0 0.47527942
4345.0 0.47521768000000003
4346.0 0.47515593999999994
4347.0 0.47509419999999997
4348.0 0.47503442
4349.0 0.47497366
4350.0 0.47491486
4351.0 0.47485508
4352.0 0.47479628
4353.0 0.47473846
4354.0 0.47468064
4355.0 0.47462477999999997
4356.0 0.47456793999999997
4357.0 0.47451208
4358.0 0.47445622
4359.0 0.47440134
4360.0 0.47434744
4361.0 0.47429353999999996
4362.0 0.47423964
4363.0 0.4741877
4364.0 0.47413478
4365.0 0.47408284
4366.0 0.47403188
4367.0 0.47398092
4368.0 0.47392996
4369.0 0.47387998
4370.0 0.47383098
4371.0 0.47378198
4372.0 0.47373298
4373.0 0.47368496
4374.0 0.47363693999999995
4375.0 0.4735899
4376.0 0.47354286
4377.0 0.4734968
4378.0 0.47345074
4379.0 0.47340467999999997
4380.0 0.4733596
4381.0 0.47331452
4382.0 0.47326944000000004
4383.0 0.47322534
4384.0 0.47318124
4385.0 0.47313812
4386.0 0.473095
4387.0 0.47305188000000004
4388.0 0.47300876
4389.0 0.47296662
4390.0 0.47292448
4391.0 0.47288332
4392.0 0.47284117999999997
4393.0 0.47280002
4394.0 0.47275885999999995
4395.0 0.47271769999999996
4396.0 0.47267751999999996
4397.0 0.47263734
4398.0 0.47259716
4399.0 0.47255697999999996
4400.0 0.47251679999999996
4401.0 0.47247662
4402.0 0.47243742
4403.0 0.47239822
4404.0 0.47235804
4405.0 0.47231883999999996
4406.0 0.47227964
4407.0 0.47224044
4408.0 0.47220222
4409.0 0.47216302
4410.0 0.47212381999999997
4411.0 0.47208462
4412.0 0.47204542
4413.0 0.4720072
4414.0 0.47196799999999994
4415.0 0.4719288
4416.0 0.4718896
4417.0 0.47185138
4418.0 0.47181218
4419.0 0.47177298
4420.0 0.4717328
4421.0 0.4716936
4422.0 0.4716544
4423.0 0.4716152
4424.0 0.47157501999999996
4425.0 0.47153582
4426.0 0.47149564
4427.0 0.47145546
4428.0 0.47141528
4429.0 0.4713751
4430.0 0.47133394
4431.0 0.47129376
4432.0 0.4712526
4433.0 0.47121046
4434.0 0.4711693
4435.0 0.47112814
4436.0 0.471086
4437.0 0.47104386
4438.0 0.47100074000000003
4439.0 0.4709586
4440.0 0.47091548
4441.0 0.47087236
4442.0 0.47082826
4443.0 0.47078415999999995
4444.0 0.47074006
4445.0 0.47069596
4446.0 0.47065088
4447.0 0.4706058
4448.0 0.47056072
4449.0 0.47051466000000003
4450.0 0.4704686
4451.0 0.47042156
4452.0 0.47037452
4453.0 0.47032748
4454.0 0.47028044
4455.0 0.47023242
4456.0 0.4701844
4457.0 0.4701354
4458.0 0.47008639999999996
4459.0 0.47003642
4460.0 0.46998742
4461.0 0.46993744
4462.0 0.46988648
4463.0 0.46983552
4464.0 0.46978456
4465.0 0.46973262
4466.0 0.46968068
4467.0 0.46962776
4468.0 0.46957483999999994
4469.0 0.46952192
4470.0 0.46946802
4471.0 0.46941412
4472.0 0.46935923999999996
4473.0 0.46930436
4474.0 0.4692485
4475.0 0.46919264
4476.0 0.4691358
4477.0 0.46907896
4478.0 0.46902212
4479.0 0.46896332
4480.0 0.4689055
4481.0 0.46884669999999995
4482.0 0.46878692
4483.0 0.46872714000000004
4484.0 0.46866638
4485.0 0.46860562
4486.0 0.46854387999999997
4487.0 0.46848116
4488.0 0.46841844
4489.0 0.46835474
4490.0 0.46829202000000003
4491.0 0.46822734
4492.0 0.46816167999999997
4493.0 0.468097
4494.0 0.46803036
4495.0 0.46796371999999997
4496.0 0.46789707999999997
4497.0 0.46782946
4498.0 0.46776086
4499.0 0.46769226
4500.0 0.46762267999999996
4501.0 0.4675531
4502.0 0.46748253999999995
4503.0 0.46741099999999997
4504.0 0.46733946
4505.0 0.46726792
4506.0 0.46719442
4507.0 0.4671219
4508.0 0.46704742
4509.0 0.46697294
4510.0 0.46689845999999996
4511.0 0.466823
4512.0 0.46674656
4513.0 0.46667012
4514.0 0.46659367999999996
4515.0 0.46651625999999996
4516.0 0.46643786000000004
4517.0 0.46635946
4518.0 0.46628008
4519.0 0.46620069999999997
4520.0 0.46612033999999997
4521.0 0.46603998
4522.0 0.46595864
4523.0 0.4658773
4524.0 0.46579497999999997
4525.0 0.46571266
4526.0 0.46562936
4527.0 0.46554606
4528.0 0.46546276
4529.0 0.4653775
4530.0 0.46529322
4531.0 0.46520796000000003
4532.0 0.4651227
4533.0 0.46503646
4534.0 0.46495021999999997
4535.0 0.46486299999999997
4536.0 0.46477577999999997
4537.0 0.46468856
4538.0 0.46460036
4539.0 0.46451117999999997
4540.0 0.46442298
4541.0 0.4643338
4542.0 0.46424462
4543.0 0.46415446
4544.0 0.4640643
4545.0 0.46397315999999994
4546.0 0.463883
4547.0 0.46379186
4548.0 0.46370071999999996
4549.0 0.4636086
4550.0 0.46351648
4551.0 0.46342436000000004
4552.0 0.46333126
4553.0 0.46323816
4554.0 0.46314506
4555.0 0.46305196
4556.0 0.46295788
4557.0 0.4628638
4558.0 0.46276972
4559.0 0.46267564
4560.0 0.46258058
4561.0 0.46248552
4562.0 0.46239046
4563.0 0.46229539999999997
4564.0 0.46219936
4565.0 0.46210332
4566.0 0.46200826
4567.0 0.46191123999999995
4568.0 0.4618152
4569.0 0.46171818
4570.0 0.46162213999999996
4571.0 0.46152511999999996
4572.0 0.4614281
4573.0 0.46133108
4574.0 0.46123406
4575.0 0.46113704
4576.0 0.46104002
4577.0 0.460943
4578.0 0.46084598
4579.0 0.46074896
4580.0 0.46065194
4581.0 0.46055492
4582.0 0.46045888
4583.0 0.46036185999999996
4584.0 0.46026582
4585.0 0.4601688
4586.0 0.46007275999999997
4587.0 0.45997672
4588.0 0.45988068
4589.0 0.45978562
4590.0 0.45968958
4591.0 0.45959452
4592.0 0.45950044
4593.0 0.45940538
4594.0 0.45931130000000003
4595.0 0.45921722
4596.0 0.45912314
4597.0 0.45903004
4598.0 0.45893694
4599.0 0.45884482
4600.0 0.4587527
4601.0 0.45866058
4602.0 0.45856845999999996
4603.0 0.45847732
4604.0 0.45838715999999996
4605.0 0.458297
4606.0 0.45820683999999995
4607.0 0.45811766000000004
4608.0 0.45802848
4609.0 0.45794028
4610.0 0.45785208
4611.0 0.45776388
4612.0 0.45767666
4613.0 0.45759042
4614.0 0.45750418
4615.0 0.45741892
4616.0 0.45733366
4617.0 0.4572484
4618.0 0.4571651
4619.0 0.45708082
4620.0 0.45699752
4621.0 0.45691519999999997
4622.0 0.45683288
4623.0 0.45675154
4624.0 0.45667117999999995
4625.0 0.45659082
4626.0 0.45651046
4627.0 0.45643108
4628.0 0.45635169999999997
4629.0 0.45627428
4630.0 0.45619587999999994
4631.0 0.45611845999999995
4632.0 0.45604202
4633.0 0.45596558
4634.0 0.45589012
4635.0 0.45581466
4636.0 0.45574018
4637.0 0.45566668
4638.0 0.45559318
4639.0 0.45551968
4640.0 0.45544715999999996
4641.0 0.45537464
4642.0 0.45530309999999996
4643.0 0.45523254
4644.0 0.45516198
4645.0 0.4550924
4646.0 0.45502282
4647.0 0.45495324
4648.0 0.45488464
4649.0 0.45481701999999996
4650.0 0.45474939999999997
4651.0 0.45468178
4652.0 0.45461514
4653.0 0.45454849999999997
4654.0 0.45448284
4655.0 0.45441718000000003
4656.0 0.4543525
4657.0 0.45428782
4658.0 0.45422412
4659.0 0.45415944
4660.0 0.45409672
4661.0 0.45403302
4662.0 0.4539703
4663.0 0.45390855999999996
4664.0 0.45384584
4665.0 0.45378409999999997
4666.0 0.45372334
4667.0 0.45366258000000004
4668.0 0.45360182
4669.0 0.45354106
4670.0 0.45348128
4671.0 0.4534215
4672.0 0.45336172
4673.0 0.45330193999999996
4674.0 0.45324314
4675.0 0.45318433999999996
4676.0 0.45312554
4677.0 0.45306673999999997
4678.0 0.45300892
4679.0 0.4529511
4680.0 0.45289328
4681.0 0.45283546
4682.0 0.45277764
4683.0 0.4527208
4684.0 0.45266298
4685.0 0.45260614
4686.0 0.4525493
4687.0 0.45249246
4688.0 0.45243562
4689.0 0.45237878
4690.0 0.45232194
4691.0 0.4522651
4692.0 0.45220826
4693.0 0.4521524
4694.0 0.45209556
4695.0 0.4520397
4696.0 0.45198286
4697.0 0.45192602
4698.0 0.45187016
4699.0 0.45181332
4700.0 0.45175648
4701.0 0.45169964
4702.0 0.45164378
4703.0 0.45158694
4704.0 0.4515301
4705.0 0.45147326
4706.0 0.45141642
4707.0 0.45135958
4708.0 0.45130176
4709.0 0.45124492
4710.0 0.45118808
4711.0 0.45113026
4712.0 0.45107244
4713.0 0.45101462
4714.0 0.4509568
4715.0 0.45089897999999995
4716.0 0.45084116
4717.0 0.45078236
4718.0 0.45072355999999997
4719.0 0.45066574000000004
4720.0 0.45060694
4721.0 0.45054814
4722.0 0.45048836
4723.0 0.45042955999999995
4724.0 0.45036978
4725.0 0.45031
4726.0 0.45025022
4727.0 0.45019044
4728.0 0.45012968
4729.0 0.45006892
4730.0 0.45000816
4731.0 0.4499474
4732.0 0.44988663999999995
4733.0 0.44982489999999997
4734.0 0.44976316
4735.0 0.44970141999999996
4736.0 0.44963968
4737.0 0.44957794
4738.0 0.44951522
4739.0 0.44945347999999996
4740.0 0.44938977999999996
4741.0 0.44932804
4742.0 0.44926434
4743.0 0.44920162
4744.0 0.44913791999999997
4745.0 0.44907422
4746.0 0.44901052
4747.0 0.44894681999999997
4748.0 0.44888214
4749.0 0.44881844
4750.0 0.44875376
4751.0 0.44868907999999996
4752.0 0.44862537999999996
4753.0 0.44855972
4754.0 0.44849504
4755.0 0.44843036
4756.0 0.44836568
4757.0 0.44830001999999997
4758.0 0.44823534
4759.0 0.44816968
4760.0 0.44810402
4761.0 0.44803934
4762.0 0.44797368000000004
4763.0 0.44790801999999996
4764.0 0.44784236
4765.0 0.4477767
4766.0 0.44771202
4767.0 0.44764636
4768.0 0.4475807
4769.0 0.44751602
4770.0 0.44745036
4771.0 0.44738567999999995
4772.0 0.447321
4773.0 0.44725534
4774.0 0.44719065999999996
4775.0 0.44712598000000003
4776.0 0.4470613
4777.0 0.4469976
4778.0 0.4469339
4779.0 0.44686921999999996
4780.0 0.4468065
4781.0 0.4467428
4782.0 0.4466791
4783.0 0.44661638
4784.0 0.44655464
4785.0 0.44649192
4786.0 0.44643017999999995
4787.0 0.44636942
4788.0 0.44630768
4789.0 0.44624692
4790.0 0.44618615999999994
4791.0 0.44612638
4792.0 0.44606660000000004
4793.0 0.4460078
4794.0 0.44594802
4795.0 0.4458902
4796.0 0.4458314
4797.0 0.44577358
4798.0 0.44571575999999996
4799.0 0.44565891999999996
4800.0 0.44560207999999996
4801.0 0.44554622
4802.0 0.44549036
4803.0 0.4454345
4804.0 0.44537962
4805.0 0.44532474
4806.0 0.44527084
4807.0 0.44521694
4808.0 0.44516303999999995
4809.0 0.44511012
4810.0 0.4450572
4811.0 0.44500526
4812.0 0.44495332
4813.0 0.44490236
4814.0 0.4448514
4815.0 0.44480044
4816.0 0.44475045999999996
4817.0 0.44470146
4818.0 0.44465245999999997
4819.0 0.44460346
4820.0 0.44455543999999997
4821.0 0.44450742
4822.0 0.44446038
4823.0 0.44441432
4824.0 0.44436825999999996
4825.0 0.4443222
4826.0 0.44427712
4827.0 0.44423204
4828.0 0.44418794
4829.0 0.44414384
4830.0 0.44410072
4831.0 0.44405858
4832.0 0.44401643999999996
4833.0 0.4439743
4834.0 0.44393313999999995
4835.0 0.44389296
4836.0 0.44385278
4837.0 0.4438126
4838.0 0.44377437999999997
4839.0 0.44373518
4840.0 0.44369794
4841.0 0.44365972
4842.0 0.44362345999999997
4843.0 0.44358719999999996
4844.0 0.44355093999999995
4845.0 0.44351566
4846.0 0.44348038
4847.0 0.44344608
4848.0 0.44341275999999996
4849.0 0.44337944
4850.0 0.4433471
4851.0 0.44331476
4852.0 0.44328241999999995
4853.0 0.44325203999999996
4854.0 0.44322068
4855.0 0.44319128
4856.0 0.4431609
4857.0 0.4431315
4858.0 0.44310308
4859.0 0.44307466
4860.0 0.44304722
4861.0 0.44302076
4862.0 0.44299331999999997
4863.0 0.44296685999999996
4864.0 0.44294138
4865.0 0.4429159
4866.0 0.4428914
4867.0 0.4428669
4868.0 0.44284239999999997
4869.0 0.44281887999999997
4870.0 0.44279536
4871.0 0.44277282
4872.0 0.44275028
4873.0 0.44272871999999996
4874.0 0.44270618
4875.0 0.4426856
4876.0 0.44266404
4877.0 0.44264346
4878.0 0.44262288
4879.0 0.44260328
4880.0 0.4425827
4881.0 0.44256407999999997
4882.0 0.44254447999999996
4883.0 0.44252586
4884.0 0.44250723999999997
4885.0 0.44248763999999996
4886.0 0.44247000000000003
4887.0 0.44245138
4888.0 0.44243374
4889.0 0.4424161
4890.0 0.44239846
4891.0 0.44238082
4892.0 0.44236317999999997
4893.0 0.44234554000000004
4894.0 0.4423279
4895.0 0.44231124
4896.0 0.4422936
4897.0 0.44227595999999997
4898.0 0.44225832
4899.0 0.44224166
4900.0 0.44222402
4901.0 0.44220638
4902.0 0.44218873999999997
4903.0 0.4421711
4904.0 0.44215346
4905.0 0.44213484
4906.0 0.4421172
4907.0 0.44209857999999996
4908.0 0.44207996
4909.0 0.44206036
4910.0 0.44204173999999996
4911.0 0.44202214
4912.0 0.44200254
4913.0 0.44198196
4914.0 0.44196138
4915.0 0.44193982
4916.0 0.44191825999999995
4917.0 0.4418967
4918.0 0.44187416
4919.0 0.44185162
4920.0 0.4418281
4921.0 0.44180359999999996
4922.0 0.4417791
4923.0 0.44175361999999996
4924.0 0.44172814
4925.0 0.44170168
4926.0 0.44167424
4927.0 0.4416468
4928.0 0.44161838
4929.0 0.44158897999999996
4930.0 0.4415586
4931.0 0.44152724
4932.0 0.44149489999999997
4933.0 0.44146255999999995
4934.0 0.44142924
4935.0 0.44139494
4936.0 0.44135868
4937.0 0.44132242
4938.0 0.4412842
4939.0 0.44124598
4940.0 0.44120677999999997
4941.0 0.44116562
4942.0 0.44112446
4943.0 0.44108134
4944.0 0.44103724
4945.0 0.44099118
4946.0 0.44094512
4947.0 0.4408971
4948.0 0.44084908
4949.0 0.44079812
4950.0 0.44074715999999997
4951.0 0.44069326
4952.0 0.44063936
4953.0 0.44058447999999995
4954.0 0.44052666
4955.0 0.44046884000000003
4956.0 0.44040905999999996
4957.0 0.44034732
4958.0 0.44028459999999997
4959.0 0.44021992
4960.0 0.44015426
4961.0 0.44008762
4962.0 0.44001804
4963.0 0.43994748
4964.0 0.43987594
4965.0 0.43980146
4966.0 0.439726
4967.0 0.43964956
4968.0 0.43957115999999996
4969.0 0.43948982
4970.0 0.4394075
4971.0 0.4393242
4972.0 0.43923894
4973.0 0.43915074
4974.0 0.43906254
4975.0 0.4389714
4976.0 0.4388783
4977.0 0.43878422
4978.0 0.4386872
4979.0 0.4385892
4980.0 0.43848924
4981.0 0.43838732
4982.0 0.43828344
4983.0 0.4381776
4984.0 0.4380698
4985.0 0.43796102
4986.0 0.4378493
4987.0 0.43773562
4988.0 0.43762096
4989.0 0.43750336
4990.0 0.43738478000000003
4991.0 0.43726326
4992.0 0.43713978
4993.0 0.43701532
4994.0 0.43688792
4995.0 0.43675954
4996.0 0.43662822
4997.0 0.43649592000000004
4998.0 0.43636068
4999.0 0.43622446
5000.0 0.4360853
5001.0 0.43594516
5002.0 0.43580208
5003.0 0.43565704
5004.0 0.43551101999999997
5005.0 0.43536304
5006.0 0.43521212
5007.0 0.43506021999999994
5008.0 0.43490636
5009.0 0.43475053999999996
5010.0 0.43459374
5011.0 0.43443400000000004
5012.0 0.43427328
5013.0 0.43411059999999996
5014.0 0.43394595999999996
5015.0 0.43378034
5016.0 0.43361276
5017.0 0.43344321999999996
5018.0 0.43327171999999997
5019.0 0.43310022000000004
5020.0 0.43292578
5021.0 0.43275035999999995
5022.0 0.43257298
5023.0 0.43239461999999995
5024.0 0.43221528
5025.0 0.43203398
5026.0 0.43185169999999995
5027.0 0.43166844
5028.0 0.43148322
5029.0 0.43129702000000003
5030.0 0.43110886
5031.0 0.43091972
5032.0 0.43073058
5033.0 0.43053948
5034.0 0.4303474
5035.0 0.43015336
5036.0 0.42995932
5037.0 0.4297643
5038.0 0.42956829999999996
5039.0 0.42937033999999996
5040.0 0.42917238
5041.0 0.42897344
5042.0 0.42877352
5043.0 0.4285736
5044.0 0.42837172
5045.0 0.42816984
5046.0 0.42796698
5047.0 0.42776314
5048.0 0.4275593
5049.0 0.42735448000000004
5050.0 0.42714867999999995
5051.0 0.42694287999999997
5052.0 0.4267361
5053.0 0.42652932
5054.0 0.42632253999999997
5055.0 0.42611477999999997
5056.0 0.42590604
5057.0 0.42569828
5058.0 0.42548953999999994
5059.0 0.42527982
5060.0 0.42507108
5061.0 0.42486135999999997
5062.0 0.42465164
5063.0 0.42444192
5064.0 0.42423122
5065.0 0.4240215
5066.0 0.4238108
5067.0 0.42360108
5068.0 0.42339136
5069.0 0.42318066
5070.0 0.42296996
5071.0 0.42276024
5072.0 0.42254953999999995
5073.0 0.42233982
5074.0 0.4221301
5075.0 0.42192038
5076.0 0.42171066
5077.0 0.42150192
5078.0 0.42129318
5079.0 0.42108444
5080.0 0.42087569999999996
5081.0 0.42066793999999996
5082.0 0.42046018
5083.0 0.42025242
5084.0 0.42004564
5085.0 0.41983886
5086.0 0.41963208
5087.0 0.41942628
5088.0 0.41922048
5089.0 0.41901565999999996
5090.0 0.41881182
5091.0 0.41860699999999995
5092.0 0.41840414000000004
5093.0 0.41820029999999997
5094.0 0.41799842
5095.0 0.41779654
5096.0 0.41759466
5097.0 0.41739376
5098.0 0.41719384
5099.0 0.41699391999999996
5100.0 0.41679498
5101.0 0.41659603999999995
5102.0 0.41639808
5103.0 0.4162011
5104.0 0.41600412
5105.0 0.41580812
5106.0 0.4156131
5107.0 0.41541807999999997
5108.0 0.41522404
5109.0 0.41502999999999995
5110.0 0.41483694
5111.0 0.41464486
5112.0 0.41445277999999997
5113.0 0.41426167999999997
5114.0 0.41407156
5115.0 0.41388144
5116.0 0.41369229999999996
5117.0 0.41350414
5118.0 0.41331597999999997
5119.0 0.41312782000000003
5120.0 0.41294162
5121.0 0.41275444
5122.0 0.41256922
5123.0 0.412384
5124.0 0.41219878
5125.0 0.41201552
5126.0 0.41183127999999997
5127.0 0.41164802
5128.0 0.41146573999999997
5129.0 0.41128346
5130.0 0.41110216
5131.0 0.41092086
5132.0 0.41074054000000004
5133.0 0.41056022
5134.0 0.41037989999999996
5135.0 0.41020056
5136.0 0.4100222
5137.0 0.40984286
5138.0 0.4096645
5139.0 0.40948712
5140.0 0.40930974
5141.0 0.40913138
5142.0 0.40895497999999997
5143.0 0.40877759999999996
5144.0 0.4086012
5145.0 0.40842480000000003
5146.0 0.4082484
5147.0 0.40807298000000003
5148.0 0.40789658
5149.0 0.40772116
5150.0 0.40754574
5151.0 0.40737032
5152.0 0.4071949
5153.0 0.40701948
5154.0 0.40684406
5155.0 0.40666863999999997
5156.0 0.40649322
5157.0 0.40631779999999995
5158.0 0.40614237999999997
5159.0 0.40596696
5160.0 0.40579154
5161.0 0.40561611999999997
5162.0 0.40543972
5163.0 0.40526332
5164.0 0.40508789999999995
5165.0 0.4049115
5166.0 0.4047351
5167.0 0.40455772
5168.0 0.40438132
5169.0 0.40420394
5170.0 0.40402558
5171.0 0.4038482
5172.0 0.40366984
5173.0 0.40349147999999996
5174.0 0.40331312
5175.0 0.40313378
5176.0 0.40295346
5177.0 0.40277412
5178.0 0.40259281999999996
5179.0 0.4024125
5180.0 0.4022312
5181.0 0.40204989999999996
5182.0 0.40186762000000004
5183.0 0.40168436
5184.0 0.40150109999999994
5185.0 0.40131784
5186.0 0.40113360000000003
5187.0 0.40094936
5188.0 0.40076414
5189.0 0.40057892
5190.0 0.40039272
5191.0 0.40020553999999997
5192.0 0.40001835999999996
5193.0 0.39983118
5194.0 0.39964302
5195.0 0.39945388000000004
5196.0 0.39926474
5197.0 0.39907462
5198.0 0.39888450000000003
5199.0 0.39869438
5200.0 0.39850230000000003
5201.0 0.39831120000000003
5202.0 0.39811814
5203.0 0.39792605999999997
5204.0 0.397733
5205.0 0.39753896
5206.0 0.39734492
5207.0 0.39714989999999994
5208.0 0.39695586
5209.0 0.39675986
5210.0 0.39656386
5211.0 0.39636786
5212.0 0.39617186
5213.0 0.39597488000000003
5214.0 0.3957779
5215.0 0.39557993999999996
5216.0 0.39538295999999995
5217.0 0.395185
5218.0 0.39498704
5219.0 0.3947881
5220.0 0.39459014
5221.0 0.3943912
5222.0 0.39419226
5223.0 0.39399429999999996
5224.0 0.39379536000000004
5225.0 0.39359642
5226.0 0.39339748
5227.0 0.39319854
5228.0 0.39300058
5229.0 0.39280164
5230.0 0.39260368
5231.0 0.39240571999999996
5232.0 0.39220776
5233.0 0.39201078
5234.0 0.39181282
5235.0 0.39161682
5236.0 0.39141983999999996
5237.0 0.39122384
5238.0 0.39102882
5239.0 0.3908338
5240.0 0.39063976
5241.0 0.39044572
5242.0 0.39025266
5243.0 0.39006156
5244.0 0.38986948
5245.0 0.38967936
5246.0 0.38949022
5247.0 0.38930107999999997
5248.0 0.38911389999999996
5249.0 0.38892672
5250.0 0.3887415
5251.0 0.38855725999999996
5252.0 0.388374
5253.0 0.38819172
5254.0 0.3880114
5255.0 0.38783206000000003
5256.0 0.38765468
5257.0 0.38747828
5258.0 0.38730384
5259.0 0.38713038
5260.0 0.3869579
5261.0 0.38678836
5262.0 0.3866198
5263.0 0.38645418
5264.0 0.38628954
5265.0 0.38612686
5266.0 0.38596614
5267.0 0.38580738
5268.0 0.38565058
5269.0 0.38549574000000003
5270.0 0.38534285999999995
5271.0 0.38519193999999995
5272.0 0.38504395999999996
5273.0 0.38489794
5274.0 0.38475388
5275.0 0.38461178
5276.0 0.38447262
5277.0 0.38433639999999997
5278.0 0.38420116
5279.0 0.38406984
5280.0 0.3839395
5281.0 0.38381308
5282.0 0.38368862
5283.0 0.38356612
5284.0 0.38344656
5285.0 0.38332994
5286.0 0.38321626000000003
5287.0 0.38310454
5288.0 0.38299575999999996
5289.0 0.38288992
5290.0 0.38278702
5291.0 0.38268705999999997
5292.0 0.38258906
5293.0 0.382494
5294.0 0.38240187999999997
5295.0 0.3823127
5296.0 0.38222646
5297.0 0.38214316
5298.0 0.3820628
5299.0 0.38198538
5300.0 0.3819109
5301.0 0.38183935999999996
5302.0 0.38177076
5303.0 0.38170412
5304.0 0.38164139999999996
5305.0 0.38158162
5306.0 0.38152478
5307.0 0.38147087999999996
5308.0 0.38141894000000004
5309.0 0.38137092
5310.0 0.38132584
5311.0 0.3812837
5312.0 0.38124351999999995
5313.0 0.38120726
5314.0 0.38117296
5315.0 0.38114258
5316.0 0.38111416000000004
5317.0 0.38108867999999996
5318.0 0.38106614
5319.0 0.38104654
5320.0 0.38102988
5321.0 0.38101518
5322.0 0.38100342
5323.0 0.3809946
5324.0 0.38098872
5325.0 0.3809848
5326.0 0.38098382000000003
5327.0 0.38098578
5328.0 0.38098970000000004
5329.0 0.38099557999999994
5330.0 0.38100538
5331.0 0.38101616
5332.0 0.38102988
5333.0 0.38104556
5334.0 0.38106418
5335.0 0.38108475999999997
5336.0 0.3811073
5337.0 0.38113179999999997
5338.0 0.38115825999999997
5339.0 0.38118766
5340.0 0.38121804
5341.0 0.38125136
5342.0 0.38128565999999997
5343.0 0.38132192
5344.0 0.38136014
5345.0 0.38139934
5346.0 0.38144148
5347.0 0.3814846
5348.0 0.38152968
5349.0 0.38157574
5350.0 0.38162376
5351.0 0.38167275999999994
5352.0 0.38172274
5353.0 0.38177468000000003
5354.0 0.3818276
5355.0 0.38188248
5356.0 0.38193736
5357.0 0.38199321999999997
5358.0 0.38205103999999995
5359.0 0.38210886
5360.0 0.38216863999999995
5361.0 0.38222842
5362.0 0.38228918
5363.0 0.38235092
5364.0 0.38241265999999996
5365.0 0.38247636
5366.0 0.38253908000000003
5367.0 0.38260375999999996
5368.0 0.38266844
5369.0 0.38273312
5370.0 0.38279878
5371.0 0.38286444000000003
5372.0 0.3829301
5373.0 0.38299674
5374.0 0.38306337999999995
5375.0 0.38313001999999996
5376.0 0.38319666
5377.0 0.38326427999999996
5378.0 0.38333092
5379.0 0.38339853999999995
5380.0 0.38346518
5381.0 0.38353279999999995
5382.0 0.38359944
5383.0 0.38366706
5384.0 0.3837337
5385.0 0.38380132
5386.0 0.38386796
5387.0 0.3839346
5388.0 0.38400124
5389.0 0.3840669
5390.0 0.38413354
5391.0 0.3841992
5392.0 0.38426486
5393.0 0.38433052
5394.0 0.38439618
5395.0 0.38446184
5396.0 0.38452652
5397.0 0.3845912
5398.0 0.38465588
5399.0 0.38471958
5400.0 0.38478426
5401.0 0.38484894000000003
5402.0 0.38491264
5403.0 0.38497634
5404.0 0.38504004000000003
5405.0 0.38510373999999997
5406.0 0.38516743999999997
5407.0 0.38523114
5408.0 0.38529484
5409.0 0.38535756
5410.0 0.38542126
5411.0 0.38548496
5412.0 0.38554866
5413.0 0.38561334
5414.0 0.38567704
5415.0 0.38574172
5416.0 0.3858064
5417.0 0.38587108
5418.0 0.38593674
5419.0 0.3860024
5420.0 0.38606904000000003
5421.0 0.38613568
5422.0 0.3862033
5423.0 0.38627092
5424.0 0.38633952
5425.0 0.3864091
5426.0 0.38647966
5427.0 0.38655022
5428.0 0.38662176
5429.0 0.38669428
5430.0 0.38676876
5431.0 0.38684324
5432.0 0.38691968
5433.0 0.38699612
5434.0 0.38707452
5435.0 0.38715488000000003
5436.0 0.38723524
5437.0 0.38731756
5438.0 0.38740184
5439.0 0.3874871
5440.0 0.38757334
5441.0 0.38766154
5442.0 0.3877517
5443.0 0.38784382
5444.0 0.38793691999999996
5445.0 0.38803296000000004
5446.0 0.38812998
5447.0 0.38822896
5448.0 0.3883299
5449.0 0.38843279999999997
5450.0 0.38853766
5451.0 0.38864447999999996
5452.0 0.38875424
5453.0 0.38886595999999995
5454.0 0.38897963999999996
5455.0 0.38909528
5456.0 0.38921288
5457.0 0.38933342
5458.0 0.38945591999999996
5459.0 0.38958038
5460.0 0.38970778
5461.0 0.38983811999999995
5462.0 0.38996944
5463.0 0.3901037
5464.0 0.39024089999999995
5465.0 0.39038006
5466.0 0.39052216
5467.0 0.39066622
5468.0 0.39081224
5469.0 0.3909612
5470.0 0.3911131
5471.0 0.39126696
5472.0 0.39142278
5473.0 0.39158154
5474.0 0.39174324
5475.0 0.3919069
5476.0 0.3920735
5477.0 0.39224107999999996
5478.0 0.39241258
5479.0 0.39258506
5480.0 0.39276146
5481.0 0.39293883999999996
5482.0 0.39311915999999997
5483.0 0.39330144
5484.0 0.39348568
5485.0 0.39367285999999996
5486.0 0.393862
5487.0 0.39405408000000003
5488.0 0.39424714
5489.0 0.39444313999999997
5490.0 0.3946411
5491.0 0.39484102
5492.0 0.3950429
5493.0 0.39524772
5494.0 0.39545352
5495.0 0.39566128
5496.0 0.39587198
5497.0 0.39608366
5498.0 0.39629828
5499.0 0.39651388000000004
5500.0 0.39673242
5501.0 0.39695194
5502.0 0.3971744
5503.0 0.39739783999999995
5504.0 0.39762324
5505.0 0.39785158000000004
5506.0 0.39808089999999996
5507.0 0.39831218
5508.0 0.39854542
5509.0 0.39878062
5510.0 0.39901778
5511.0 0.3992569
5512.0 0.39949798
5513.0 0.39974102
5514.0 0.39998602
5515.0 0.40023298
5516.0 0.4004819
5517.0 0.40073278
5518.0 0.40098659999999997
5519.0 0.4012414
5520.0 0.40149914
5521.0 0.40175884
5522.0 0.4020205
5523.0 0.4022851
5524.0 0.40255068
5525.0 0.40282017999999997
5526.0 0.40309066
5527.0 0.40336408
5528.0 0.40364044
5529.0 0.40391876
5530.0 0.40419903999999995
5531.0 0.40448226000000004
5532.0 0.40476841999999996
5533.0 0.40505653999999996
5534.0 0.4053476
5535.0 0.4056416
5536.0 0.40593756
5537.0 0.40623548
5538.0 0.40653732
5539.0 0.40684112
5540.0 0.40714688
5541.0 0.40745558
5542.0 0.40776624
5543.0 0.40807983999999997
5544.0 0.40839539999999996
5545.0 0.4087139
5546.0 0.40903338
5547.0 0.40935482
5548.0 0.4096792
5549.0 0.41000456
5550.0 0.41033188000000004
5551.0 0.41066018
5552.0 0.41098946
5553.0 0.41131971999999994
5554.0 0.41165095999999995
5555.0 0.41198318
5556.0 0.4123154
5557.0 0.41264664
5558.0 0.41297885999999995
5559.0 0.41331009999999996
5560.0 0.41364036
5561.0 0.41396964
5562.0 0.41429696
5563.0 0.41462232
5564.0 0.41494572
5565.0 0.41526716
5566.0 0.41558566
5567.0 0.41590024
5568.0 0.41621188
5569.0 0.41652058
5570.0 0.41682438
5571.0 0.41712425999999997
5572.0 0.41741923999999997
5573.0 0.4177103
5574.0 0.41799645999999996
5575.0 0.4182787
5576.0 0.41855506
5577.0 0.41882847999999995
5578.0 0.41909699999999994
5579.0 0.41936258
5580.0 0.41962424
5581.0 0.41988393999999996
5582.0 0.42014167999999996
5583.0 0.42039941999999997
5584.0 0.42065813999999996
5585.0 0.42091881999999997
5586.0 0.42118342000000003
5587.0 0.42145488
5588.0 0.42173516
5589.0 0.4220272
5590.0 0.42233492
5591.0 0.42266028
5592.0 0.42300916
5593.0 0.42338548000000004
5594.0 0.42379511999999997
5595.0 0.42424396
5596.0 0.42473886
5597.0 0.42528766
5598.0 0.42589819999999995
5599.0 0.4265793
5600.0 0.42734272
