# %ECSV 1.0
# ---
# datatype:
# - {name: WAV, unit: Angstrom, datatype: float32}
# - {name: EFF, datatype: float64}
# meta: !!omap
# - {GRISM: 400/3400}
# - {DICHROIC: D500}
# schema: astropy-2.0
WAV EFF
3100.0 0.06399003845741419
3101.0 0.06452007789935445
3102.0 0.06509901396877996
3103.0 0.06571902320529309
3104.0 0.06637423801359561
3105.0 0.06706074666348871
3106.0 0.06777365949222386
3107.0 0.0685080868370525
3108.0 0.06926011696777584
3109.0 0.07002877195184419
3110.0 0.07080818419395928
3111.0 0.07159835369412114
3112.0 0.07239536872213093
3113.0 0.07319825134543895
3114.0 0.07400602363149549
3115.0 0.07481575178265146
3116.0 0.0756264578663571
3117.0 0.07643814188261247
3118.0 0.07724982589886785
3119.0 0.07806053198257351
3120.0 0.07886928220117977
3121.0 0.07967607655468661
3122.0 0.08047993711054433
3123.0 0.08128184180130264
3124.0 0.08208179062696155
3125.0 0.08287782772242164
3126.0 0.08367190895278231
3127.0 0.08446403431804357
3128.0 0.08525224795310601
3129.0 0.08603850572306905
3130.0 0.08682280762793267
3131.0 0.08760515366769688
3132.0 0.08838456590981197
3133.0 0.08916300021937737
3134.0 0.08993947866384334
3135.0 0.09071497917575962
3136.0 0.09148852382257648
3137.0 0.09226206846939335
3138.0 0.09303365725111079
3139.0 0.09380524603282824
3140.0 0.094575856881996
3141.0 0.09534646773116374
3142.0 0.09611610064778178
3143.0 0.09688573356439982
3144.0 0.09765536648101787
3145.0 0.09842499939763591
3146.0 0.09919463231425395
3147.0 0.0999632872983223
3148.0 0.10073292021494033
3149.0 0.10150157519900867
3150.0 0.10227023018307702
3151.0 0.10303888516714534
3152.0 0.10380754015121367
3153.0 0.10457521720273232
3154.0 0.10534289425425093
3155.0 0.10610959337321987
3156.0 0.10687531455963908
3157.0 0.1076400578135086
3158.0 0.10840382313482842
3159.0 0.10916661052359851
3160.0 0.10992744204726922
3161.0 0.11068729563839019
3162.0 0.11144421543186209
3163.0 0.11220015729278425
3164.0 0.11295316535605729
3165.0 0.11370323962168123
3166.0 0.11445038008965605
3167.0 0.11519556469253146
3168.0 0.11593683756520806
3169.0 0.11667419870768582
3170.0 0.11740764811996476
3171.0 0.1181381637345946
3172.0 0.11886378968647592
3173.0 0.11958452597560869
3174.0 0.12030135053454265
3175.0 0.12101328543072809
3176.0 0.12171935273161527
3177.0 0.12242053036975394
3178.0 0.1231158404125944
3179.0 0.12380528286013659
3180.0 0.12448885771238058
3181.0 0.12516656496932632
3182.0 0.12583840463097384
3183.0 0.12650339876477343
3184.0 0.12716154737072508
3185.0 0.12781285044882879
3186.0 0.12845730799908453
3187.0 0.12909492002149237
3188.0 0.12972568651605226
3189.0 0.13034960748276422
3190.0 0.13096570498907856
3191.0 0.1315739790349952
3192.0 0.13217540755306395
3193.0 0.13276901261073504
3194.0 0.1333557721405582
3195.0 0.1339347082099837
3196.0 0.13450582081901158
3197.0 0.1350700879001915
3198.0 0.13562653152097384
3199.0 0.1361751516813585
3200.0 0.1367169263138952
3201.0 0.13725185541858398
3202.0 0.1377779831303254
3203.0 0.1382982432467686
3204.0 0.13881067990281418
3205.0 0.1393162710310118
3206.0 0.13981501663136148
3207.0 0.1403069167038632
3208.0 0.14079294918106672
3209.0 0.14127115819787261
3210.0 0.14174447755192993
3211.0 0.14221095137813936
3212.0 0.14267057967650082
3213.0 0.1431253183121138
3214.0 0.1435741893524285
3215.0 0.1440181707299947
3216.0 0.14445628451226264
3217.0 0.1448895086317821
3218.0 0.1453188210211027
3219.0 0.14574226581512506
3220.0 0.14616179887894865
3221.0 0.14657742021257336
3222.0 0.14698912981599926
3223.0 0.14739790562177607
3224.0 0.14780276969735406
3225.0 0.14820372204273322
3226.0 0.14860271852301296
3227.0 0.14899878120564358
3228.0 0.14939288802317482
3229.0 0.14978406104305692
3230.0 0.15017425613038932
3231.0 0.15056151742007262
3232.0 0.15094877870975587
3233.0 0.15133408413433977
3234.0 0.15171938955892364
3235.0 0.15210371705095782
3236.0 0.15248804454299197
3237.0 0.1528713941024764
3238.0 0.1532557215945106
3239.0 0.15364004908654477
3240.0 0.15402535451112864
3241.0 0.15441163786826223
3242.0 0.1547988991579455
3243.0 0.1551881163127282
3244.0 0.15557831140006062
3245.0 0.1559704623524924
3246.0 0.15636456917002364
3247.0 0.15676160978520398
3248.0 0.1571606062654837
3249.0 0.1575625365434126
3250.0 0.15796740061899056
3251.0 0.15837519849221768
3252.0 0.15878690809564355
3253.0 0.1592015514967186
3254.0 0.15962010662799245
3255.0 0.16004257348946513
3256.0 0.16046895208113662
3257.0 0.16089924240300696
3258.0 0.1613344223876258
3259.0 0.16177351410244342
3260.0 0.16221749548000963
3261.0 0.16266636652032437
3262.0 0.1631201272233876
3263.0 0.16357877758919936
3264.0 0.16404231761775967
3265.0 0.16451074730906848
3266.0 0.16498504459567553
3267.0 0.1654652094775808
3268.0 0.16595026402223464
3269.0 0.16644020822963695
3270.0 0.16693699796488723
3271.0 0.16743867736288603
3272.0 0.16794622435618306
3273.0 0.16845963894477833
3274.0 0.16897892112867183
3275.0 0.16950407090786357
3276.0 0.1700350882823535
3277.0 0.17057197325214168
3278.0 0.1711147258172281
3279.0 0.17166334597761276
3280.0 0.17221881166584538
3281.0 0.17277916701682647
3282.0 0.17334538996310583
3283.0 0.1739174805046834
3284.0 0.17449641657410891
3285.0 0.17508024230628297
3286.0 0.17566993563375521
3287.0 0.17626549655652574
3288.0 0.17686692507459448
3289.0 0.17747324325541175
3290.0 0.17808542903152721
3291.0 0.17870348240294096
3292.0 0.17932642543710323
3293.0 0.17995523606656372
3294.0 0.1805889363587727
3295.0 0.18122850424627995
3296.0 0.18187296179653573
3297.0 0.18252230900954
3298.0 0.18317654588529284
3299.0 0.1838356724237942
3300.0 0.18449871069249435
3301.0 0.18516761655649275
3302.0 0.18584043415069
3303.0 0.186517163475086
3304.0 0.1871987824622306
3305.0 0.18788431317957396
3306.0 0.1885747335596659
3307.0 0.18926808773740691
3308.0 0.18996535364534678
3309.0 0.19066653128348546
3310.0 0.19137162065182295
3311.0 0.19207964381780956
3312.0 0.19279060078144528
3313.0 0.1935054694752798
3314.0 0.19422327196676348
3315.0 0.19494303032334656
3316.0 0.19566670041012846
3317.0 0.19639232636200976
3318.0 0.1971208861115402
3319.0 0.19785140172617
3320.0 0.19858485113844895
3321.0 0.1993192784832776
3322.0 0.20005663962575537
3323.0 0.20079497870078286
3324.0 0.20153625157345945
3325.0 0.20227850237868575
3326.0 0.20302173111646174
3327.0 0.20376691571933714
3328.0 0.20451307825476228
3329.0 0.2052602187227371
3330.0 0.2060083371232616
3331.0 0.20675645552378613
3332.0 0.20750652978941006
3333.0 0.2082556261224843
3334.0 0.20900570038810823
3335.0 0.20975577465373219
3336.0 0.21050584891935611
3337.0 0.21125494525243033
3338.0 0.21200501951805428
3339.0 0.21275411585112852
3340.0 0.21350223425165302
3341.0 0.21424937471962788
3342.0 0.21499651518760268
3343.0 0.2157416997904781
3344.0 0.2164868843933535
3345.0 0.2172301131311295
3346.0 0.2179713860038061
3347.0 0.21871168094393298
3348.0 0.21945099795151016
3349.0 0.2201873811614382
3350.0 0.22092278643881658
3351.0 0.22165525791854582
3352.0 0.22238675146572534
3353.0 0.22311531121525577
3354.0 0.2238419150996868
3355.0 0.2245665631190184
3356.0 0.22528827734070087
3357.0 0.22600705776473426
3358.0 0.22672290439111847
3359.0 0.22743679515240334
3360.0 0.22814775211603908
3361.0 0.2288557752820257
3362.0 0.22956086465036318
3363.0 0.23026204228850183
3364.0 0.2309612640615411
3365.0 0.23165657410438156
3366.0 0.23234895034957287
3367.0 0.2330374148645654
3368.0 0.23372392351445845
3369.0 0.23440554250160303
3370.0 0.2350842276910985
3371.0 0.23575997908294483
3372.0 0.23643181874459235
3373.0 0.23709974667604103
3374.0 0.23776376287729092
3375.0 0.23842484528089167
3376.0 0.2390820159542936
3377.0 0.23973527489749671
3378.0 0.24038462211050102
3379.0 0.24103005759330648
3380.0 0.24167255927846287
3381.0 0.24231017130087068
3382.0 0.24294484952562942
3383.0 0.2435756160201893
3384.0 0.24420149285200066
3385.0 0.2448244358861629
3386.0 0.24544346719012633
3387.0 0.24605858676389092
3388.0 0.24666979460745675
3389.0 0.2472770907208237
3390.0 0.24788047510399183
3391.0 0.2484799477569612
3392.0 0.24907550867973166
3393.0 0.24966813580485306
3394.0 0.2502558732672259
3395.0 0.25084067693194967
3396.0 0.25142156886647465
3397.0 0.25199952700335043
3398.0 0.2525735734100274
3399.0 0.25314370808650555
3400.0 0.25371090896533466
3401.0 0.2542741981139649
3402.0 0.254834553464946
3403.0 0.25539197501827804
3404.0 0.25594548484141116
3405.0 0.25649606086689525
3406.0 0.2570437030947302
3407.0 0.257588411524916
3408.0 0.2581301861574527
3409.0 0.25866902699234035
3410.0 0.25920493402957884
3411.0 0.2597379072691682
3412.0 0.2602679467111084
3413.0 0.2607960302879493
3414.0 0.261321180067141
3415.0 0.2618433960486836
3416.0 0.26236365616512686
3417.0 0.2628819604164706
3418.0 0.26339733087016526
3419.0 0.26391074545876053
3420.0 0.26442220418225637
3421.0 0.2649307291081031
3422.0 0.26543827610140014
3423.0 0.26594288929704807
3424.0 0.2664465245601463
3425.0 0.2669472260255954
3426.0 0.2674469495584948
3427.0 0.2679447172262947
3428.0 0.26844052902899534
3429.0 0.2689353628991462
3430.0 0.2694282409041976
3431.0 0.26992014097669936
3432.0 0.2704100851841017
3433.0 0.2708990514589543
3434.0 0.27138606186870756
3435.0 0.2718720943459111
3436.0 0.27235812682311455
3437.0 0.27284122550266904
3438.0 0.2733243241822234
3439.0 0.27380644492922807
3440.0 0.2742866098111334
3441.0 0.2747667746930387
3442.0 0.27524596164239423
3443.0 0.2757241706592001
3444.0 0.2762014017434563
3445.0 0.2766776548951627
3446.0 0.2771529301143195
3447.0 0.27762820533347626
3448.0 0.27810250262008335
3449.0 0.2785767999066903
3450.0 0.27905011926074774
3451.0 0.27952246068225534
3452.0 0.2799938241712133
3453.0 0.280466165592721
3454.0 0.28093655114912913
3455.0 0.2814069367055374
3456.0 0.2818773222619456
3457.0 0.2823467298858041
3458.0 0.28281613750966267
3459.0 0.2832855451335212
3460.0 0.28375397482483
3461.0 0.28422240451613884
3462.0 0.2846908342074477
3463.0 0.2851582859662068
3464.0 0.2856257377249659
3465.0 0.28609318948372503
3466.0 0.28655966330993443
3467.0 0.28702711506869355
3468.0 0.28749358889490295
3469.0 0.28796006272111235
3470.0 0.28842555861477204
3471.0 0.28889203244098144
3472.0 0.2893575283346412
3473.0 0.28982302422830086
3474.0 0.2902885201219606
3475.0 0.2907530380830706
3476.0 0.29121755604418065
3477.0 0.29168207400529056
3478.0 0.2921465919664006
3479.0 0.2926101319949609
3480.0 0.2930736720235212
3481.0 0.2935372120520815
3482.0 0.2939997741480921
3483.0 0.2944623362441027
3484.0 0.29492489834011326
3485.0 0.29538648250357413
3486.0 0.29584806666703506
3487.0 0.2963086728979462
3488.0 0.29676927912885737
3489.0 0.29722890742721886
3490.0 0.2976875577930306
3491.0 0.29814620815884235
3492.0 0.29860388059210446
3493.0 0.2990615530253665
3494.0 0.29951726959352915
3495.0 0.2999729861616918
3496.0 0.3004277247973048
3497.0 0.300881485500368
3498.0 0.3013352462034312
3499.0 0.3017870510413951
3500.0 0.30223787794680923
3501.0 0.30268772691967366
3502.0 0.3031365979599883
3503.0 0.30358449106775337
3504.0 0.30403140624296865
3505.0 0.30447636555308455
3506.0 0.30492034693065073
3507.0 0.3053633503756672
3508.0 0.3058043979555843
3509.0 0.3062444676029517
3510.0 0.30668258138521964
3511.0 0.3071187393023882
3512.0 0.30755391928700704
3513.0 0.30798714340652644
3514.0 0.30841841166094647
3515.0 0.3088487019828168
3516.0 0.309276058507038
3517.0 0.3097024370987095
3518.0 0.3101258818927319
3519.0 0.31054834875420456
3520.0 0.3109678818180281
3521.0 0.31138643694930196
3522.0 0.31180108035037696
3523.0 0.3122147458189023
3524.0 0.31262547748977854
3525.0 0.3130342532955553
3526.0 0.313440095303683
3527.0 0.3138439814467113
3528.0 0.31424493379209045
3529.0 0.31464393027237014
3530.0 0.31503999295500085
3531.0 0.3154331218399823
3532.0 0.31582331692731475
3533.0 0.31621057821699805
3534.0 0.31659490570903215
3535.0 0.3169772773359669
3536.0 0.3173557372327029
3537.0 0.3177312633317897
3538.0 0.3181038556332274
3539.0 0.3184744920695657
3540.0 0.3188402388431555
3541.0 0.3192040297516458
3542.0 0.31956390892993736
3543.0 0.31992085431057976
3544.0 0.32027388796102335
3545.0 0.32062398781381785
3546.0 0.32097115386896324
3547.0 0.3213144081939098
3548.0 0.3216537507886575
3549.0 0.3219901595857561
3550.0 0.3223226566526559
3551.0 0.32265221992190657
3552.0 0.3229778714609584
3553.0 0.3232996112698115
3554.0 0.32361841728101537
3555.0 0.3239333115620205
3556.0 0.32424429411282674
3557.0 0.32455136493343417
3558.0 0.32485452402384285
3559.0 0.3251547493166024
3560.0 0.32545106287916303
3561.0 0.32574346471152493
3562.0 0.32603195481368796
3563.0 0.3263165331856522
3564.0 0.32659719982741764
3565.0 0.32687493267153395
3566.0 0.32714777585290167
3567.0 0.3274176852366203
3568.0 0.32768368289014016
3569.0 0.32794576881346116
3570.0 0.3282039430065834
3571.0 0.3284582054695067
3572.0 0.3287085562022313
3573.0 0.3289559731373067
3574.0 0.3291985004096336
3575.0 0.3294380938843114
3576.0 0.32967377562879036
3577.0 0.3299055456430705
3578.0 0.33013438185970156
3579.0 0.33035832841358403
3580.0 0.3305793411698174
3581.0 0.33079742012840174
3582.0 0.33101060942423743
3583.0 0.3312208649224241
3584.0 0.33142818662296164
3585.0 0.3316315965933003
3586.0 0.33183109483344014
3587.0 0.33202668134338126
3588.0 0.3322203119882229
3589.0 0.332409052970316
3590.0 0.33259486015476
3591.0 0.3327777335415549
3592.0 0.3329576731307007
3593.0 0.33313370098964756
3594.0 0.3333058171183957
3595.0 0.33347597738204443
3596.0 0.3336422259154943
3597.0 0.3338065185838448
3598.0 0.3339668995219965
3599.0 0.334124346662499
3600.0 0.33427886000535245
3601.0 0.33443141748310645
3602.0 0.33458006323066164
3603.0 0.33472675311311745
3604.0 0.3348705091979241
3605.0 0.3350113314850817
3606.0 0.33515019790713985
3607.0 0.3352861305315489
3608.0 0.3354191293583088
3609.0 0.335551150252519
3610.0 0.3356802373490801
3611.0 0.3358073685805418
3612.0 0.3359315660143543
3613.0 0.3360547855156172
3614.0 0.33617507121923096
3615.0 0.33629437899029496
3616.0 0.33641075296370987
3617.0 0.3365261490045751
3618.0 0.3366405671128907
3619.0 0.33675302935610674
3620.0 0.33686353573422345
3621.0 0.33697306417979045
3622.0 0.33708063676025807
3623.0 0.33718820934072563
3624.0 0.3372938260560938
3625.0 0.3373984648389122
3626.0 0.3375031036217307
3627.0 0.3376057865394497
3628.0 0.3377084694571688
3629.0 0.33781017444233813
3630.0 0.3379118794275075
3631.0 0.33801260648012715
3632.0 0.3381133335327468
3633.0 0.3382140605853664
3634.0 0.33831380970543634
3635.0 0.338414536758056
3636.0 0.33851428587812593
3637.0 0.3386150129307456
3638.0 0.3387157399833652
3639.0 0.33881646703598484
3640.0 0.3389181720211542
3641.0 0.3390208549388733
3642.0 0.33912353785659227
3643.0 0.3392281766394108
3644.0 0.33933281542222926
3645.0 0.33943843213759745
3646.0 0.3395450267855153
3647.0 0.33965357729853257
3648.0 0.33976212781154985
3649.0 0.33987361212221623
3650.0 0.33998509643288266
3651.0 0.3400995145411982
3652.0 0.3402149105820634
3653.0 0.340332262488028
3654.0 0.34045157025909206
3655.0 0.34057283389525556
3656.0 0.34069605339651843
3657.0 0.3408222066954304
3658.0 0.34095031585944174
3659.0 0.3410803808885526
3660.0 0.34121240178276274
3661.0 0.34134833440717177
3662.0 0.34148622289668024
3663.0 0.3416270451838378
3664.0 0.34177080126864445
3665.0 0.34191749115110026
3666.0 0.34206711483120517
3667.0 0.34221967230895917
3668.0 0.3423751635843623
3669.0 0.3425345665899643
3670.0 0.34269788132576506
3671.0 0.34286412985921494
3672.0 0.3430333121903139
3673.0 0.34320738418416147
3674.0 0.3433843899756581
3675.0 0.3435662854299033
3676.0 0.3437511146817976
3677.0 0.34393985566389074
3678.0 0.3441334863087324
3679.0 0.34433102868377286
3680.0 0.3445324827890121
3681.0 0.34473882655699994
3682.0 0.3449490820551866
3683.0 0.3451642272161217
3684.0 0.3453832841072557
3685.0 0.3456072306611382
3686.0 0.34583606687776924
3687.0 0.34606979275714883
3688.0 0.3463084082992769
3689.0 0.34655191350415354
3690.0 0.3468003083717786
3691.0 0.3470535929021523
3692.0 0.3473117670952745
3693.0 0.3475758088836949
3694.0 0.34784474033486384
3695.0 0.34811856144878134
3696.0 0.3483982501579971
3697.0 0.34868380646251096
3698.0 0.3489742524297735
3699.0 0.3492695880597844
3700.0 0.34957079128509366
3701.0 0.3498778621057011
3702.0 0.3501908005216068
3703.0 0.350508628600261
3704.0 0.3508333022067632
3705.0 0.35116286547601383
3706.0 0.35149829634056273
3707.0 0.3518395948004099
3708.0 0.3521867608555552
3709.0 0.35254077243854853
3710.0 0.35289967368429037
3711.0 0.3532644425253304
3712.0 0.35363507896166874
3713.0 0.354012560925855
3714.0 0.3543949325527897
3715.0 0.3547841497075724
3716.0 0.35517923445765337
3717.0 0.3555801868030325
3718.0 0.3559879846762596
3719.0 0.3564006722122352
3720.0 0.35682020527605873
3721.0 0.35724560593518057
3722.0 0.35767785212215025
3723.0 0.3581149879718685
3724.0 0.3585589693494347
3725.0 0.35900881832229914
3726.0 0.3594645348904618
3727.0 0.3599270969864724
3728.0 0.36039552667778124
3729.0 0.3608698239643882
3730.0 0.36134998884629355
3731.0 0.36183602132349707
3732.0 0.3623279213959988
3733.0 0.3628266669963485
3734.0 0.36333128019199645
3735.0 0.3638417609829425
3736.0 0.36435810936918694
3737.0 0.36488032535072956
3738.0 0.36540840892757037
3739.0 0.36594236009970943
3740.0 0.36648217886714674
3741.0 0.3670278652298823
3742.0 0.3675784412553664
3743.0 0.36813586280869837
3744.0 0.3686981740247789
3745.0 0.36926635283615766
3746.0 0.3698403992428347
3747.0 0.37042031324480984
3748.0 0.37100511690953364
3749.0 0.37159481023700586
3750.0 0.3721903711597764
3751.0 0.3727917996778451
3752.0 0.3733971399261127
3753.0 0.37400932570222817
3754.0 0.3746254232085425
3755.0 0.37524738831015503
3756.0 0.3758732651419664
3757.0 0.376505009569076
3758.0 0.3771416436589341
3759.0 0.3777831674115408
3760.0 0.3784286028943462
3761.0 0.3790789280399003
3762.0 0.3797341428482028
3763.0 0.3803942473192538
3764.0 0.3810582635205037
3765.0 0.3817261914519524
3766.0 0.3823990090461496
3767.0 0.38307671630309537
3768.0 0.38375735735769023
3769.0 0.3844419101424839
3770.0 0.3851313525900261
3771.0 0.3858237288352174
3772.0 0.3865200168106076
3773.0 0.38722021651619654
3774.0 0.38792432795198434
3775.0 0.3886313731854213
3776.0 0.38934233014905695
3777.0 0.3900562209103418
3778.0 0.3907740234018255
3779.0 0.3914937817584086
3780.0 0.39221745184519047
3781.0 0.39294405572962143
3782.0 0.3936735934117016
3783.0 0.39440508695888116
3784.0 0.3951395143037098
3785.0 0.39587687544618755
3786.0 0.39661717038631444
3787.0 0.397358443258991
3788.0 0.3981036278618664
3789.0 0.39884979039729157
3790.0 0.3995979087978161
3791.0 0.4003489609959897
3792.0 0.4011009911267131
3793.0 0.4018549771225358
3794.0 0.402610918983458
3795.0 0.40336881670947955
3796.0 0.4041267144355012
3797.0 0.40488656802662215
3798.0 0.40564837748284255
3799.0 0.40641018693906295
3800.0 0.4071739522603828
3801.0 0.40793869551425227
3802.0 0.4087034387681218
3803.0 0.40946915995454103
3804.0 0.4102348811409602
3805.0 0.41100158025992917
3806.0 0.4117692573114478
3807.0 0.41253595643041674
3808.0 0.41330363348193533
3809.0 0.414071310533454
3810.0 0.4148389875849726
3811.0 0.4156056867039415
3812.0 0.4163723858229104
3813.0 0.4171390849418794
3814.0 0.4179048061282986
3815.0 0.4186705273147178
3816.0 0.41943527056858737
3817.0 0.42019903588990715
3818.0 0.42096084534612754
3819.0 0.42172265480234794
3820.0 0.4224834863260186
3821.0 0.4232423619845899
3822.0 0.4240002597106115
3823.0 0.42475620157153365
3824.0 0.4255111654999062
3825.0 0.4262641735631792
3826.0 0.42701522576135287
3827.0 0.42776432209442705
3828.0 0.42851146256240186
3829.0 0.42925664716527734
3830.0 0.42999889797050356
3831.0 0.4307401708431802
3832.0 0.43147753198565797
3833.0 0.43221293726303633
3834.0 0.43294638667531526
3835.0 0.43367592435739544
3836.0 0.4344035061743761
3837.0 0.4351281541937077
3838.0 0.4358498684153902
3839.0 0.4365676709068739
3840.0 0.4372825396007084
3841.0 0.4379944744968938
3842.0 0.4387034755954301
3843.0 0.4394085649637676
3844.0 0.44011072053445605
3845.0 0.4408079864423959
3846.0 0.4415032964852363
3847.0 0.44219371686532827
3848.0 0.4428802255152213
3849.0 0.4435638003674653
3850.0 0.4442424855569607
3851.0 0.4449172590162574
3852.0 0.4455881207453552
3853.0 0.4462540928117045
3854.0 0.44691615314785493
3855.0 0.44757430175380664
3856.0 0.4482285386295594
3857.0 0.448876907910014
3858.0 0.4495213654602698
3859.0 0.45016191128032673
3860.0 0.45079658950508544
3861.0 0.45142735599964534
3862.0 0.4520532328314567
3863.0 0.4526732420679698
3864.0 0.45328933957428413
3865.0 0.4539005474178499
3866.0 0.4545058876661175
3867.0 0.4551073161841862
3868.0 0.4557028771069567
3869.0 0.456292570434429
3870.0 0.45687835203170246
3871.0 0.4574582660336777
3872.0 0.4580323124403547
3873.0 0.45860146918428313
3874.0 0.4591657362654631
3875.0 0.4597241357513448
3876.0 0.46027666764192826
3877.0 0.4608233319372135
3878.0 0.46136510656975016
3879.0 0.4619010136069887
3880.0 0.46243105304892895
3881.0 0.46295620282812067
3882.0 0.46347450707946447
3883.0 0.4639879216680597
3884.0 0.4644954686613567
3885.0 0.4649971480593556
3886.0 0.46549295986205613
3887.0 0.4659829040694584
3888.0 0.4664660027490129
3889.0 0.46694421176581874
3890.0 0.4674165531873264
3891.0 0.4678820490809861
3892.0 0.4683426553118972
3893.0 0.4687964160149605
3894.0 0.4692452870552752
3895.0 0.469687312567742
3896.0 0.4701224925523609
3897.0 0.4705527828742312
3898.0 0.47097720560080325
3899.0 0.4713947827995274
3900.0 0.471807470335503
3901.0 0.4722133123436307
3902.0 0.47261328675646014
3903.0 0.47300641564144164
3904.0 0.47339465486367466
3905.0 0.47377604855805966
3906.0 0.47415255258969624
3907.0 0.4745222110934848
3908.0 0.47488600200197517
3909.0 0.4752439253151673
3910.0 0.4755950031005115
3911.0 0.47594119122310713
3912.0 0.47628151175040456
3913.0 0.4766149867498541
3914.0 0.476943572086555
3915.0 0.47726531189540805
3916.0 0.47758216204151255
3917.0 0.47789216665976914
3918.0 0.4781972816152772
3919.0 0.4784955510429373
3920.0 0.4787889308078489
3921.0 0.47907644297746227
3922.0 0.4793580875517774
3923.0 0.4796338645307942
3924.0 0.47990377391451283
3925.0 0.480168793635483
3926.0 0.48042794576115494
3927.0 0.4806812302915286
3928.0 0.4809296251591537
3929.0 0.4811711744989309
3930.0 0.4814088121085093
3931.0 0.4816396041902397
3932.0 0.48186648454177133
3933.0 0.482086519365455
3934.0 0.4823026424589399
3935.0 0.4825128979571265
3936.0 0.48271728586001494
3937.0 0.48291678410015476
3938.0 0.4831113926775461
3939.0 0.48330111159218897
3940.0 0.48348496291153353
3941.0 0.48366490250067934
3942.0 0.48383897449452684
3943.0 0.48400815682562587
3944.0 0.4841734274265261
3945.0 0.484332830432128
3946.0 0.4844873437749815
3947.0 0.48463794538763605
3948.0 0.4847836573375422
3949.0 0.4849244796246997
3950.0 0.48506041224910873
3951.0 0.48519243314331895
3952.0 0.48531956437478063
3953.0 0.4854418059434938
3954.0 0.48556013578200813
3955.0 0.48567455389032366
3956.0 0.48578408233589065
3957.0 0.48588969905125884
3958.0 0.48599140403642815
3959.0 0.486088219358849
3960.0 0.48618112295107097
3961.0 0.4862701148130941
3962.0 0.4863551949449185
3963.0 0.48643734127909377
3964.0 0.4865145979505205
3965.0 0.4865879428917484
3966.0 0.48665835403532715
3967.0 0.4867238755161574
3968.0 0.4867874411318882
3969.0 0.4868461170848705
3970.0 0.4869018592402038
3971.0 0.48695368966533814
3972.0 0.4870025862928234
3973.0 0.48704757119010983
3974.0 0.48708962228974717
3975.0 0.48712873959173536
3976.0 0.48716492309607445
3977.0 0.48719719487021473
3978.0 0.4872265328467059
3979.0 0.4872539149580976
3980.0 0.4872773853392906
3981.0 0.4872979219228344
3982.0 0.4873165026412788
3983.0 0.48733117162952433
3984.0 0.4873438847526705
3985.0 0.48735366407816755
3986.0 0.48736148753856523
3987.0 0.4873663772013137
3988.0 0.48736833306641314
3989.0 0.48736833306641314
3990.0 0.4873663772013137
3991.0 0.48736148753856523
3992.0 0.4873546420107173
3993.0 0.48734486268522026
3994.0 0.4873341054271735
3995.0 0.4873204143714776
3996.0 0.4873047674506823
3997.0 0.4872871646647876
3998.0 0.4872685839463432
3999.0 0.4872470694302497
4000.0 0.4872245769816065
4001.0 0.48719915073531417
4002.0 0.4871727465564721
4003.0 0.4871453644450804
4004.0 0.48711504853603954
4005.0 0.4870837546944489
4006.0 0.487050504987759
4007.0 0.48701627734851927
4008.0 0.4869810717767299
4009.0 0.4869439103398411
4010.0 0.48690577097040255
4011.0 0.48686567573586464
4012.0 0.48682558050132674
4013.0 0.4867835294016894
4014.0 0.4867405003695024
4015.0 0.48669551547221596
4016.0 0.4866505305749295
4017.0 0.48660456774509336
4018.0 0.4865576269827075
4019.0 0.4865097082877719
4020.0 0.486459833727737
4021.0 0.48640995916770197
4022.0 0.48636008460766705
4023.0 0.48630825418253265
4024.0 0.48625642375739825
4025.0 0.4862036153997142
4026.0 0.48615080704203006
4027.0 0.48609702075179634
4028.0 0.48604225652901284
4029.0 0.48598749230622934
4030.0 0.4859317501508961
4031.0 0.4858760079955629
4032.0 0.4858202658402297
4033.0 0.48576354575234687
4034.0 0.48570682566446394
4035.0 0.4856491276440313
4036.0 0.4855914296235987
4037.0 0.48553373160316604
4038.0 0.48547505565018373
4039.0 0.4854173576297512
4040.0 0.4853586816767688
4041.0 0.4853000057237865
4042.0 0.4852413297708042
4043.0 0.4851826538178219
4044.0 0.48512299993228986
4045.0 0.48506432397930754
4046.0 0.48500564802632523
4047.0 0.48494599414079326
4048.0 0.48488731818781095
4049.0 0.4848286422348286
4050.0 0.48476898834929655
4051.0 0.48471031239631424
4052.0 0.4846516364433319
4053.0 0.48459296049034967
4054.0 0.4845342845373673
4055.0 0.4844765865169347
4056.0 0.48441791056395234
4057.0 0.4843602125435198
4058.0 0.48430251452308715
4059.0 0.48424481650265455
4060.0 0.48418711848222196
4061.0 0.4841303983943391
4062.0 0.48407367830645615
4063.0 0.4840169582185732
4064.0 0.48396121606324
4065.0 0.48390547390790684
4066.0 0.4838497317525736
4067.0 0.4837939895972404
4068.0 0.48373922537445696
4069.0 0.48368446115167346
4070.0 0.4836306748614396
4071.0 0.48357688857120584
4072.0 0.48352310228097206
4073.0 0.48347029392328794
4074.0 0.4834174855656039
4075.0 0.4833646772079198
4076.0 0.48331284678278547
4077.0 0.48326101635765106
4078.0 0.4832101638650664
4079.0 0.4831593113724817
4080.0 0.4831094368124467
4081.0 0.48305956225241176
4082.0 0.4830096876923768
4083.0 0.48296079106489154
4084.0 0.482912872369956
4085.0 0.4828639757424707
4086.0 0.4828170349800848
4087.0 0.48276911628514935
4088.0 0.4827221755227635
4089.0 0.4826752347603776
4090.0 0.48262927193054145
4091.0 0.482584287033255
4092.0 0.48253832420341886
4093.0 0.4824933393061324
4094.0 0.482448354408846
4095.0 0.48240434744410926
4096.0 0.4823603404793725
4097.0 0.4823173114471855
4098.0 0.4822742824149985
4099.0 0.4822312533828114
4100.0 0.4821892022831741
4101.0 0.4821461732509871
4102.0 0.4821051000838994
4103.0 0.4820630489842621
4104.0 0.48202197581717443
4105.0 0.48198090265008686
4106.0 0.48193982948299924
4107.0 0.48189973424846133
4108.0 0.4818586610813737
4109.0 0.4818185658468358
4110.0 0.48177944854484755
4111.0 0.48173935331030965
4112.0 0.48170023600832146
4113.0 0.48166111870633327
4114.0 0.481622001404345
4115.0 0.48158288410235683
4116.0 0.48154376680036864
4117.0 0.4815046494983804
4118.0 0.4814665101289419
4119.0 0.4814283707595034
4120.0 0.4813892534575152
4121.0 0.4813511140880767
4122.0 0.48131297471863815
4123.0 0.4812748353491996
4124.0 0.48123669597976115
4125.0 0.4811985566103227
4126.0 0.48116041724088415
4127.0 0.4811222778714456
4128.0 0.4810841385020071
4129.0 0.4810459991325686
4130.0 0.48100785976313015
4131.0 0.4809687424611419
4132.0 0.48093060309170343
4133.0 0.4808924637222649
4134.0 0.48085334642027666
4135.0 0.48081422911828847
4136.0 0.4807751118163003
4137.0 0.4807359945143121
4138.0 0.48069687721232385
4139.0 0.48065775991033566
4140.0 0.4806176646757977
4141.0 0.4805785473738095
4142.0 0.4805374742067219
4143.0 0.480497378972184
4144.0 0.48045630580509635
4145.0 0.48041621057055844
4146.0 0.4803751374034708
4147.0 0.4803330863038335
4148.0 0.48029103520419614
4149.0 0.48024898410455885
4150.0 0.4802069330049215
4151.0 0.4801639039727345
4152.0 0.48011989700799773
4153.0 0.48007686797581073
4154.0 0.48003286101107395
4155.0 0.4799878761137875
4156.0 0.47994289121650113
4157.0 0.4798969283866649
4158.0 0.4798519434893785
4159.0 0.47980500272699267
4160.0 0.4797580619646068
4161.0 0.47971014326967126
4162.0 0.4796622245747357
4163.0 0.4796133279472504
4164.0 0.47956345338721545
4165.0 0.4795135788271805
4166.0 0.4794627263345958
4167.0 0.4794118738420111
4168.0 0.4793600434168767
4169.0 0.47930821299174237
4170.0 0.4792544267015086
4171.0 0.4792006404112748
4172.0 0.4791458761884913
4173.0 0.4790901340331581
4174.0 0.4790343918778249
4175.0 0.478977671789942
4176.0 0.4789199737695094
4177.0 0.4788612978165271
4178.0 0.4788026218635448
4179.0 0.47874199004546303
4180.0 0.4786813582273813
4181.0 0.4786197484767499
4182.0 0.4785581387261184
4183.0 0.4784945731103876
4184.0 0.47843002956210706
4185.0 0.4783654860138265
4186.0 0.4782999645329962
4187.0 0.4782324871870666
4188.0 0.4781650098411369
4189.0 0.4780965545626576
4190.0 0.4780271213516285
4191.0 0.4779567102080497
4192.0 0.4778853211319212
4193.0 0.47781295412324304
4194.0 0.47773960918201513
4195.0 0.4776652863082375
4196.0 0.47759096343445995
4197.0 0.47751468469558295
4198.0 0.47743742802415623
4199.0 0.4773591934201798
4200.0 0.47727998088365364
4201.0 0.47720076834712755
4202.0 0.47711959994550196
4203.0 0.47703745361132677
4204.0 0.4769543293446018
4205.0 0.4768702271453271
4206.0 0.4767851470135028
4207.0 0.4766990889491287
4208.0 0.47661205295220493
4209.0 0.4765240390227315
4210.0 0.47643504716070834
4211.0 0.47634507736613546
4212.0 0.4762531517064631
4213.0 0.47616122604679084
4214.0 0.4760683224545688
4215.0 0.4759734629972474
4216.0 0.47587860353992606
4217.0 0.4757817882175052
4218.0 0.47568399496253466
4219.0 0.4755862017075641
4220.0 0.47548645258749417
4221.0 0.47538572553487457
4222.0 0.47528402054970526
4223.0 0.47518133763198617
4224.0 0.4750766988491677
4225.0 0.47497206006634923
4226.0 0.4748664433509811
4227.0 0.4747588707705135
4228.0 0.4746512981900459
4229.0 0.4745417697444789
4230.0 0.4744312633663622
4231.0 0.47431977905569583
4232.0 0.4742082947450294
4233.0 0.4740948545692636
4234.0 0.4739794585283984
4235.0 0.4738640624875332
4236.0 0.47374768851411825
4237.0 0.4736303366081536
4238.0 0.4735120067696393
4239.0 0.47339172106602556
4240.0 0.4732714353624118
4241.0 0.47314919379369863
4242.0 0.4730269522249855
4243.0 0.4729027547911729
4244.0 0.47277757942481063
4245.0 0.4726524040584484
4246.0 0.4725252728269867
4247.0 0.4723971636629753
4248.0 0.4722690544989639
4249.0 0.4721389894698531
4250.0 0.4720079465081926
4251.0 0.4718759256139824
4252.0 0.47174292678722246
4253.0 0.4716089500279128
4254.0 0.4714749732686032
4255.0 0.4713390406441942
4256.0 0.47120213008723544
4257.0 0.4710652195302767
4258.0 0.47092635310821856
4259.0 0.4707865087536107
4260.0 0.4706466643990029
4261.0 0.4705058421118453
4262.0 0.4703630639595883
4263.0 0.4702202858073314
4264.0 0.47007652972252467
4265.0 0.46993179570516835
4266.0 0.46978608375526226
4267.0 0.46963939387280645
4268.0 0.469491726057801
4269.0 0.46934405824279546
4270.0 0.46919443456269055
4271.0 0.46904481088258565
4272.0 0.46889420926993103
4273.0 0.46874262972472674
4274.0 0.4685910501795224
4275.0 0.4684375147692187
4276.0 0.46828397935891497
4277.0 0.4681294660160615
4278.0 0.4679739747406584
4279.0 0.46781848346525523
4280.0 0.4676620142573024
4281.0 0.46750456711679983
4282.0 0.4673461420437476
4283.0 0.46718673903814567
4284.0 0.4670283139650934
4285.0 0.46686793302694174
4286.0 0.46670657415624034
4287.0 0.466545215285539
4288.0 0.46638287848228793
4289.0 0.46622054167903687
4290.0 0.46605722694323604
4291.0 0.4658939122074353
4292.0 0.4657286416065351
4293.0 0.4655643489381846
4294.0 0.4653981004047347
4295.0 0.4652318518712848
4296.0 0.4650656033378349
4297.0 0.46489837687183533
4298.0 0.464730172473286
4299.0 0.4645619680747367
4300.0 0.4643937636761874
4301.0 0.4642245813450884
4302.0 0.4640544210814397
4303.0 0.4638852387503407
4304.0 0.46371410055414225
4305.0 0.46354296235794384
4306.0 0.46337182416174544
4307.0 0.4631997080329973
4308.0 0.46302856983679885
4309.0 0.462855475775501
4310.0 0.46268238171420323
4311.0 0.46250928765290533
4312.0 0.46233521565905783
4313.0 0.46216212159776
4314.0 0.4619880496039125
4315.0 0.4618129996775152
4316.0 0.461637949751118
4317.0 0.4614628998247208
4318.0 0.4612878498983235
4319.0 0.46111182203937656
4320.0 0.4609357941804296
4321.0 0.46075976632148263
4322.0 0.4605837384625357
4323.0 0.46040673267103904
4324.0 0.4602297268795424
4325.0 0.4600527210880458
4326.0 0.4598757152965491
4327.0 0.4596987095050524
4328.0 0.45952072578100606
4329.0 0.4593437199895094
4330.0 0.4591657362654631
4331.0 0.4589877525414167
4332.0 0.45880976881737034
4333.0 0.458631785093324
4334.0 0.45845380136927766
4335.0 0.45827483971268157
4336.0 0.45809685598863525
4337.0 0.4579178943320391
4338.0 0.4577399106079928
4339.0 0.45756094895139676
4340.0 0.4573829652273504
4341.0 0.45720400357075436
4342.0 0.4570250419141582
4343.0 0.4568460802575622
4344.0 0.45666809653351587
4345.0 0.4564891348769198
4346.0 0.4563111511528734
4347.0 0.4561321894962773
4348.0 0.455954205772231
4349.0 0.4557752441156349
4350.0 0.4555972603915886
4351.0 0.4554182987349925
4352.0 0.45524031501094614
4353.0 0.45506233128689977
4354.0 0.4548843475628534
4355.0 0.45470734177135674
4356.0 0.4545293580473104
4357.0 0.45435137432326406
4358.0 0.4541743685317674
4359.0 0.45399736274027075
4360.0 0.4538203569487741
4361.0 0.45364335115727744
4362.0 0.4534663453657808
4363.0 0.45329031750683385
4364.0 0.45311331171533725
4365.0 0.45293728385639026
4366.0 0.4527612559974433
4367.0 0.4525862060710461
4368.0 0.4524111561446488
4369.0 0.4522351282857019
4370.0 0.45206105629185434
4371.0 0.4518860063654571
4372.0 0.45171095643905984
4373.0 0.451537862377762
4374.0 0.45136379038391444
4375.0 0.45118971839006694
4376.0 0.4510166243287691
4377.0 0.4508435302674713
4378.0 0.4506704362061735
4379.0 0.45049832007742535
4380.0 0.45032620394867723
4381.0 0.4501550657524788
4382.0 0.44998294962373064
4383.0 0.44981181142753224
4384.0 0.4496416511638835
4385.0 0.4494705129676851
4386.0 0.4493013306365861
4387.0 0.44913117037293737
4388.0 0.44896198804183834
4389.0 0.4487928057107393
4390.0 0.44862362337964035
4391.0 0.44845541898109104
4392.0 0.4482881925150914
4393.0 0.4481199881165421
4394.0 0.44795276165054254
4395.0 0.4477865131170926
4396.0 0.44762026458364274
4397.0 0.4474540160501928
4398.0 0.44728874544929265
4399.0 0.44712347484839243
4400.0 0.4469582042474923
4401.0 0.4467939115791418
4402.0 0.4466296189107913
4403.0 0.4464663041749905
4404.0 0.4463029894391897
4405.0 0.44614065263593866
4406.0 0.4459783158326876
4407.0 0.44581597902943654
4408.0 0.44565462015873514
4409.0 0.44549423922058345
4410.0 0.4453338582824318
4411.0 0.44517347734428014
4412.0 0.44501407433867823
4413.0 0.44485467133307627
4414.0 0.444696246260024
4415.0 0.44453782118697177
4416.0 0.4443803740464692
4417.0 0.44422292690596665
4418.0 0.44406645769801384
4419.0 0.44390998849006097
4420.0 0.4437535192821081
4421.0 0.44359900593925466
4422.0 0.44344351466385157
4423.0 0.4432890013209981
4424.0 0.4431354659106944
4425.0 0.44298193050039064
4426.0 0.4428283950900869
4427.0 0.44267681554488264
4428.0 0.44252425806712864
4429.0 0.4423726785219243
4430.0 0.4422220769092697
4431.0 0.44207147529661506
4432.0 0.4419218516165102
4433.0 0.44177222793640525
4434.0 0.44162358218885006
4435.0 0.4414749364412948
4436.0 0.44132629069373963
4437.0 0.4411796008112839
4438.0 0.4410329109288281
4439.0 0.44088622104637226
4440.0 0.44074050909646617
4441.0 0.44059479714656014
4442.0 0.44044908519665404
4443.0 0.4403053291118474
4444.0 0.4401615730270407
4445.0 0.440017816942234
4446.0 0.4398750387899771
4447.0 0.4397332385702698
4448.0 0.43959046041801286
4449.0 0.43944963813085525
4450.0 0.43930881584369774
4451.0 0.4391679935565401
4452.0 0.4390281492019323
4453.0 0.43888928277987416
4454.0 0.43875041635781603
4455.0 0.43861252786830757
4456.0 0.43847463937879916
4457.0 0.4383367508892907
4458.0 0.43819984033233195
4459.0 0.4380639077079229
4460.0 0.43792797508351383
4461.0 0.4377930203916546
4462.0 0.4376580656997952
4463.0 0.4375231110079359
4464.0 0.43739011218117596
4465.0 0.4372571133544161
4466.0 0.43712411452765615
4467.0 0.43699111570089627
4468.0 0.436859094806686
4469.0 0.4367280518450255
4470.0 0.436597008883365
4471.0 0.4364669438542542
4472.0 0.4363368788251434
4473.0 0.4362077917285823
4474.0 0.43607870463202125
4475.0 0.43595059546800985
4476.0 0.43582248630399845
4477.0 0.43569535507253676
4478.0 0.4355682238410751
4479.0 0.4354420705421631
4480.0 0.43531591724325114
4481.0 0.43518976394433917
4482.0 0.4350655665105265
4483.0 0.43494039114416433
4484.0 0.43481619371035174
4485.0 0.43469297420908887
4486.0 0.434569754707826
4487.0 0.43444751313911284
4488.0 0.4343252715703997
4489.0 0.43420303000168653
4490.0 0.4340817663655231
4491.0 0.4339614806619093
4492.0 0.4338411949582956
4493.0 0.4337209092546818
4494.0 0.4336016014836178
4495.0 0.4334832716451035
4496.0 0.4333649418065891
4497.0 0.4332466119680748
4498.0 0.43312926006211017
4499.0 0.4330119081561455
4500.0 0.43289455625018086
4501.0 0.4330159194501677
4502.0 0.43313617738886007
4503.0 0.43322883898880316
4504.0 0.4333000229355186
4505.0 0.433368219415637
4506.0 0.4334228390113543
4507.0 0.43347737024140065
4508.0 0.4337378199214832
4509.0 0.43409951243618455
4510.0 0.4344370676574308
4511.0 0.43468686820392155
4512.0 0.43493746527165456
4513.0 0.4350722767112535
4514.0 0.43517535093096976
4515.0 0.4353176543176464
4516.0 0.4355361721641203
4517.0 0.4357555095600386
4518.0 0.43605981347506606
4519.0 0.4363722651379648
4520.0 0.4366789965741352
4521.0 0.43697888597332435
4522.0 0.4372785554417085
4523.0 0.4375764798954609
4524.0 0.437874200762542
4525.0 0.4380935914476862
4526.0 0.43825414192586304
4527.0 0.438422952501764
4528.0 0.4386554428122713
4529.0 0.4388887647907489
4530.0 0.4391242629754392
4531.0 0.4393596957199709
4532.0 0.43952442217636833
4533.0 0.4394583627870292
4534.0 0.4393942858506362
4535.0 0.4393672942275904
4536.0 0.43934978863340673
4537.0 0.43929090367437323
4538.0 0.43915438867921236
4539.0 0.4390168874509039
4540.0 0.4388642499562021
4541.0 0.43871003827379884
4542.0 0.4385445159358613
4543.0 0.43836411475455567
4544.0 0.4381829663274993
4545.0 0.4379451752876424
4546.0 0.43770644726054747
4547.0 0.4374898888023785
4548.0 0.4372886636809315
4549.0 0.43706510414281496
4550.0 0.4367051508498949
4551.0 0.4363443189445579
4552.0 0.43589928872256717
4553.0 0.43541786168993113
4554.0 0.4349120607237538
4555.0 0.43432883159219937
4556.0 0.4337468192090813
4557.0 0.43322063476543055
4558.0 0.43270768649945157
4559.0 0.43227460882774293
4560.0 0.4319746487479787
4561.0 0.4316757706433714
4562.0 0.43131173241669585
4563.0 0.43094214226993716
4564.0 0.43049879693606286
4565.0 0.42997657848024573
4566.0 0.42945216828954735
4567.0 0.4288954113113812
4568.0 0.4283388614217231
4569.0 0.4278241068906097
4570.0 0.42733725999409466
4571.0 0.4268751694410862
4572.0 0.42655250161924996
4573.0 0.4262299358599337
4574.0 0.42593528141976755
4575.0 0.4256506930737682
4576.0 0.42533178765385327
4577.0 0.42491636642427605
4578.0 0.4245020664722111
4579.0 0.4241957806598431
4580.0 0.42391326313650135
4581.0 0.42365235936435364
4582.0 0.42342921721939203
4583.0 0.4232061325024811
4584.0 0.4228390453743217
4585.0 0.4224628868398003
4586.0 0.42212498980508745
4587.0 0.4218268848839363
4588.0 0.4215310028815832
4589.0 0.42127570577931583
4590.0 0.42102048073589127
4591.0 0.4207838876358993
4592.0 0.4205592217808993
4593.0 0.4203375088622019
4594.0 0.42013569138300355
4595.0 0.419933922148052
4596.0 0.4197223806512831
4597.0 0.41950842063161375
4598.0 0.4192980873195747
4599.0 0.41910045348407465
4600.0 0.41890189709279685
4601.0 0.41877030502273765
4602.0 0.41865147283731097
4603.0 0.41851590806439204
4604.0 0.4183541792369126
4605.0 0.4181915122269577
4606.0 0.4180193750458088
4607.0 0.4178457539129118
4608.0 0.41771481913796615
4609.0 0.41762583723683316
4610.0 0.4175326433743108
4611.0 0.4174048117087366
4612.0 0.41727699473344704
4613.0 0.4171029200458905
4614.0 0.4169011203558589
4615.0 0.4167030127311605
4616.0 0.4165215456508717
4617.0 0.41633915104778113
4618.0 0.4161783027383444
4619.0 0.41602276609043537
4620.0 0.41588015067673834
4621.0 0.4157667520525739
4622.0 0.4156523944263032
4623.0 0.41551585000017605
4624.0 0.41537540787867944
4625.0 0.4152491460548594
4626.0 0.41514562546742095
4627.0 0.41504017495607237
4628.0 0.4149038265138438
4629.0 0.41476520232122194
4630.0 0.41462255647709434
4631.0 0.4144762026221334
4632.0 0.41432806098597785
4633.0 0.4141711998299501
4634.0 0.41401243525746634
4635.0 0.4139062189180198
4636.0 0.41382931048361304
4637.0 0.4137533078962123
4638.0 0.41368024111271107
4639.0 0.41360715922357943
4640.0 0.41350118271315583
4641.0 0.4133855374102299
4642.0 0.4132537716897684
4643.0 0.41309139667777883
4644.0 0.41292808571802747
4645.0 0.4127608304323371
4646.0 0.4125919950346734
4647.0 0.412451274742138
4648.0 0.4123493433530168
4649.0 0.41224644487584217
4650.0 0.4121320080806155
4651.0 0.412016374838429
4652.0 0.4119082410114932
4653.0 0.41180578747954494
4654.0 0.41169262663990885
4655.0 0.4114712690953434
4656.0 0.4112490066969011
4657.0 0.4111480597363768
4658.0 0.4111114173164968
4659.0 0.41106395303473886
4660.0 0.41097237422962957
4661.0 0.41088078435371644
4662.0 0.4107060297125382
4663.0 0.4105053618389686
4664.0 0.4103310409414516
4665.0 0.4102156356216041
4666.0 0.4100983031221806
4667.0 0.4099949167634015
4668.0 0.4098934250598054
4669.0 0.4097583555673028
4670.0 0.4095823291637179
4671.0 0.4094053728023289
4672.0 0.4092743844160042
4673.0 0.40914290408373866
4674.0 0.40901719944378423
4675.0 0.4088970050573474
4676.0 0.4087786106326021
4677.0 0.40867543858395383
4678.0 0.40857129294599087
4679.0 0.4084520012948245
4680.0 0.40832491370693386
4681.0 0.40819991925864657
4682.0 0.408085748833774
4683.0 0.4079706100328435
4684.0 0.40781247740989524
4685.0 0.4076418165643655
4686.0 0.40746787683823404
4687.0 0.40728532737354367
4688.0 0.407103776584346
4689.0 0.4069380279168074
4690.0 0.4067734080902965
4691.0 0.4066414559376842
4692.0 0.40654939300452625
4693.0 0.4064553820654821
4694.0 0.40626489894533635
4695.0 0.4060734923450408
4696.0 0.4059145537555276
4697.0 0.40578186164265323
4698.0 0.40564901276244986
4699.0 0.4055220593509936
4700.0 0.40539510398075845
4701.0 0.4052139007960513
4702.0 0.4050079313870666
4703.0 0.4048228980095102
4704.0 0.4047100630799026
4705.0 0.4045972150160288
4706.0 0.40447696652862397
4707.0 0.4043537839274347
4708.0 0.40420615456041226
4709.0 0.404012976088203
4710.0 0.4038198365729808
4711.0 0.4036315158617814
4712.0 0.40344386832918794
4713.0 0.4032861812709508
4714.0 0.40316475556704806
4715.0 0.4030421396126151
4716.0 0.40286075420854567
4717.0 0.40267843669236075
4718.0 0.4024673876795039
4719.0 0.40223469868907025
4720.0 0.40201014263180185
4721.0 0.4018460527293649
4722.0 0.4016819799524915
4723.0 0.40151128637782
4724.0 0.4013371033645507
4725.0 0.4011695463601513
4726.0 0.4010189067529194
4727.0 0.4008673127026289
4728.0 0.4007237744436566
4729.0 0.40058104815966344
4730.0 0.40041530863723795
4731.0 0.4002103947102791
4732.0 0.4000055249462929
4733.0 0.3997919552279673
4734.0 0.3995786263969637
4735.0 0.3993618479245789
4736.0 0.3991412989772934
4737.0 0.3989233474265831
4738.0 0.398787626908887
4739.0 0.3986518996957025
4740.0 0.39847206299830146
4741.0 0.398263241084137
4742.0 0.39805791329644363
4743.0 0.39788654197815304
4744.0 0.3977151893743281
4745.0 0.3975149275045677
4746.0 0.3973027229708825
4747.0 0.3970963589914691
4748.0 0.39691020508008623
4749.0 0.3967231215832908
4750.0 0.3965730551511503
4751.0 0.3964316634234215
4752.0 0.39625432865483995
4753.0 0.39601584642530374
4754.0 0.3957764736795245
4755.0 0.3955484394453931
4756.0 0.39532131289633926
4757.0 0.39511346910996975
4758.0 0.3949235359722969
4759.0 0.39473353152934487
4760.0 0.3945181404219112
4761.0 0.3943027996983575
4762.0 0.39408650533319894
4763.0 0.3938711872449311
4764.0 0.39365334701277344
4765.0 0.3934280350602145
4766.0 0.39320182484306593
4767.0 0.39296855004099984
4768.0 0.39273108480393154
4769.0 0.39249539403700334
4770.0 0.3922653390876589
4771.0 0.39203439071482377
4772.0 0.3918204999516947
4773.0 0.3916089880708821
4774.0 0.3913935309697065
4775.0 0.3911691008945249
4776.0 0.39094568272973496
4777.0 0.3907746544836934
4778.0 0.39060698284741896
4779.0 0.3904043196805655
4780.0 0.3901667047687697
4781.0 0.38992528381114183
4782.0 0.3896113081644464
4783.0 0.3892965055164244
4784.0 0.3890400837845863
4785.0 0.38882036642702283
4786.0 0.3886067736565796
4787.0 0.38842285366248014
4788.0 0.3882399139442551
4789.0 0.3879911989814521
4790.0 0.3877195357600431
4791.0 0.38746013136009394
4792.0 0.38723303112365026
4793.0 0.38700504159334126
4794.0 0.3867884833529355
4795.0 0.3865739626811719
4796.0 0.3863381517974832
4797.0 0.38606803249383603
4798.0 0.38579895690083876
4799.0 0.3856056594553305
4800.0 0.38541538209738924
4801.0 0.3851967717331991
4802.0 0.38495100958487843
4803.0 0.3847042539321456
4804.0 0.3844569119177164
4805.0 0.3842105960524202
4806.0 0.3839898738845831
4807.0 0.38378637211853284
4808.0 0.38358457731586654
4809.0 0.38338607499013166
4810.0 0.38318761567233517
4811.0 0.38298042605258753
4812.0 0.38276987205631735
4813.0 0.38255530259963894
4814.0 0.3823331938729947
4815.0 0.38211019982606315
4816.0 0.3818405208429073
4817.0 0.3815625236783022
4818.0 0.3812964735504214
4819.0 0.3810461965670585
4820.0 0.38079694611657927
4821.0 0.3805806096690092
4822.0 0.3803662907260313
4823.0 0.38014338495100014
4824.0 0.37991351011320246
4825.0 0.37968388243515894
4826.0 0.3794573262226761
4827.0 0.3792317792451067
4828.0 0.37898816993001855
4829.0 0.37873686081764824
4830.0 0.3784859679342389
4831.0 0.3782424775558276
4832.0 0.37799906530778526
4833.0 0.3776956516951772
4834.0 0.37737421908626984
4835.0 0.3770544698690707
4836.0 0.3767413382370942
4837.0 0.3764292712318
4838.0 0.37608818888298706
4839.0 0.3757418181738273
4840.0 0.375402274804534
4841.0 0.375069505795216
4842.0 0.37473781105361115
4843.0 0.3743874100856024
4844.0 0.37403770902495925
4845.0 0.3736527627667722
4846.0 0.37323878157663765
4847.0 0.3728205738668748
4848.0 0.37234849300832124
4849.0 0.3718775688272081
4850.0 0.37145257824602035
4851.0 0.3710533177698616
4852.0 0.3706430164719885
4853.0 0.3701916399088747
4854.0 0.3697414003199356
4855.0 0.3692506087513066
4856.0 0.36874810829881466
4857.0 0.36826676161912947
4858.0 0.36782810573928204
4859.0 0.36738964852339423
4860.0 0.366885341932477
4861.0 0.3663730645391111
4862.0 0.3658405049437537
4863.0 0.36528091338253743
4864.0 0.36472158964604534
4865.0 0.36426604638476684
4866.0 0.36381266052573147
4867.0 0.36337908089709103
4868.0 0.3629626417539274
4869.0 0.3625413312667904
4870.0 0.36208025608148847
4871.0 0.3616193860721865
4872.0 0.36112369366055785
4873.0 0.3606106265373271
4874.0 0.36010195386898497
4875.0 0.35960826358053727
4876.0 0.359115701982622
4877.0 0.3587361445870637
4878.0 0.35838828940002787
4879.0 0.3580011394742511
4880.0 0.3575350154107741
4881.0 0.3570699970322418
4882.0 0.35658691856326646
4883.0 0.3561026956074492
4884.0 0.3556568069943848
4885.0 0.35526059165599944
4886.0 0.3548638998354959
4887.0 0.35440423081972244
4888.0 0.353945654423055
4889.0 0.35346838630296484
4890.0 0.35297738230263304
4891.0 0.35249570174836875
4892.0 0.3520810419835176
4893.0 0.3516674442660913
4894.0 0.35128966262518546
4895.0 0.3509296924845893
4896.0 0.3505506655893694
4897.0 0.3501122987300108
4898.0 0.34967322225474934
4899.0 0.34924429405361085
4900.0 0.3488188397693518
4901.0 0.3483836898577294
4902.0 0.3479329276663611
4903.0 0.3474823496998349
4904.0 0.34710360565164033
4905.0 0.3467338509241538
4906.0 0.34633321710241277
4907.0 0.3458963339815507
4908.0 0.3454604177918138
4909.0 0.34502030321421456
4910.0 0.34458036535104386
4911.0 0.344177065770076
4912.0 0.3438003212955708
4913.0 0.34341999045877464
4914.0 0.34301571457038066
4915.0 0.342611596707959
4916.0 0.34222991399261415
4917.0 0.34185838435715027
4918.0 0.3414632312068421
4919.0 0.3409969528630231
4920.0 0.3405317336147873
4921.0 0.3400823177099399
4922.0 0.3396380711394335
4923.0 0.3392099283972706
4924.0 0.3388126711636491
4925.0 0.3384155681027144
4926.0 0.33799423891560876
4927.0 0.3375718967544837
4928.0 0.3371346681304502
4929.0 0.33667978089423545
4930.0 0.3362256112613595
4931.0 0.3357610263299045
4932.0 0.3352957701149238
4933.0 0.33482301663231406
4934.0 0.3343436613466934
4935.0 0.3338790967767917
4936.0 0.33349169240594534
4937.0 0.33310443947762536
4938.0 0.3327628272001388
4939.0 0.3324408342418474
4940.0 0.33207116614241133
4941.0 0.3315647936071626
4942.0 0.3310586338929079
4943.0 0.3305578264631142
4944.0 0.3300573208166611
4945.0 0.32957556597494075
4946.0 0.3291278631012114
4947.0 0.3286794986740999
4948.0 0.32822010171344773
4949.0 0.32776005196247937
4950.0 0.32731382717773305
4951.0 0.32688285124228045
4952.0 0.3264496244080118
4953.0 0.32595828596967175
4954.0 0.32546631876555554
4955.0 0.32498372696728206
4956.0 0.32450744971707424
4957.0 0.32402116511568274
4958.0 0.32348588154316094
4959.0 0.3229500015869395
4960.0 0.3224902203159927
4961.0 0.32206013094374725
4962.0 0.32159747394439325
4963.0 0.3210487391332493
4964.0 0.32049942473368037
4965.0 0.31994767238490324
4966.0 0.3193956217192041
4967.0 0.31886321868975653
4968.0 0.3183618528237676
4969.0 0.317860715617905
4970.0 0.31731132841812093
4971.0 0.31675828330764794
4972.0 0.31619479407306544
4973.0 0.3156200522895965
4974.0 0.31504329386563135
4975.0 0.31444371736152626
4976.0 0.31384443148900015
4977.0 0.31323543281288646
4978.0 0.31262004722006476
4979.0 0.3120165409827705
4980.0 0.3114690196991601
4981.0 0.3109217658827473
4982.0 0.3103435576351256
4983.0 0.30975439081139566
4984.0 0.30916107865325937
4985.0 0.3085583631356947
4986.0 0.30795515425004544
4987.0 0.3072698957171727
4988.0 0.30656756464501883
4989.0 0.30588307629686556
4990.0 0.30522435215236327
4991.0 0.30456597740500335
4992.0 0.3038885108187267
4993.0 0.30320984143035734
4994.0 0.3024819307580795
4995.0 0.301705984018451
4996.0 0.30092898418574404
4997.0 0.3001311221729276
4998.0 0.2993344944941527
4999.0 0.2985562602042188
5000.0 0.29778992011337674
5001.0 0.29701745097117405
5002.0 0.29621905836213774
5003.0 0.29541958275876096
5004.0 0.29466439775235737
5005.0 0.2939232328290276
5006.0 0.2931435507150749
5007.0 0.2922727097148044
5008.0 0.29140239347282537
5009.0 0.2905375599968554
5010.0 0.289673423113534
5011.0 0.28882034366308157
5012.0 0.2879814216090128
5013.0 0.2871437708620871
5014.0 0.2861966096708126
5015.0 0.28524669224709953
5016.0 0.2842693609461244
5017.0 0.2832663279719749
5018.0 0.28226255512731896
5019.0 0.28124347383820253
5020.0 0.2802235796875703
5021.0 0.2792516861675959
5022.0 0.2783070419563755
5023.0 0.2773526566545517
5024.0 0.276364055114678
5025.0 0.27537465632904423
5026.0 0.2742462538183498
5027.0 0.2730713607301215
5028.0 0.2719355228389637
5029.0 0.27088484834663107
5030.0 0.26983489368805846
5031.0 0.2687493403663223
5032.0 0.26765851337382673
5033.0 0.2665393239726057
5034.0 0.2653816258895083
5035.0 0.2642240483365874
5036.0 0.26297598155130714
5037.0 0.2617269482313115
5038.0 0.26048065839513235
5039.0 0.25923674266622276
5040.0 0.25799280946326064
5041.0 0.2567407933306063
5042.0 0.255489696778415
5043.0 0.25417170368841707
5044.0 0.2528185517674781
5045.0 0.2514689014880271
5046.0 0.2501321480704983
5047.0 0.24879639803489006
5048.0 0.24734348604511927
5049.0 0.24585745181591798
5050.0 0.24436678072010037
5051.0 0.2428657315052696
5052.0 0.24136648711642533
5053.0 0.2399725063599059
5054.0 0.238594607792121
5055.0 0.2371541067436681
5056.0 0.23563390956593894
5057.0 0.23411490935885684
5058.0 0.23242011897569465
5059.0 0.23072667484566922
5060.0 0.22910460831140755
5061.0 0.22754161096593475
5062.0 0.2259749345222368
5063.0 0.22437457305101155
5064.0 0.2227754986791478
5065.0 0.2210839797984204
5066.0 0.21934709429473984
5067.0 0.21760894399664568
5068.0 0.21586271213191996
5069.0 0.21411733230247587
5070.0 0.21229740793250582
5071.0 0.210456829514576
5072.0 0.2086373737669601
5073.0 0.2068569005397402
5074.0 0.2050784578290125
5075.0 0.20329124239129195
5076.0 0.20150431689254847
5077.0 0.19966286225786078
5078.0 0.19775450921655288
5079.0 0.19584711937401378
5080.0 0.19387850027829945
5081.0 0.19191101766079674
5082.0 0.18996981536598698
5083.0 0.18804791406413085
5084.0 0.18611164263722482
5085.0 0.18406025174202476
5086.0 0.18201010306442528
5087.0 0.17992816476302817
5088.0 0.17783222699009155
5089.0 0.17577144919855783
5090.0 0.17381806009565748
5091.0 0.1718663359483782
5092.0 0.16982648951568133
5093.0 0.16776394364012015
5094.0 0.16571657273140364
5095.0 0.16369584679372826
5096.0 0.16167685324847392
5097.0 0.15945988686210372
5098.0 0.15722503427158613
5099.0 0.15497171832976395
5100.0 0.15269734428487497
5101.0 0.15042829783303735
5102.0 0.14834684423708355
5103.0 0.14626717790983035
5104.0 0.1442091513528053
5105.0 0.14216765137572107
5106.0 0.14011970133988488
5107.0 0.13802591149866694
5108.0 0.13593391705399638
5109.0 0.13367510286926915
5110.0 0.13134251207246758
5111.0 0.1290549309300425
5112.0 0.12689684531112577
5113.0 0.12474096130216838
5114.0 0.12277740858402622
5115.0 0.12086052922643521
5116.0 0.11884696916469635
5117.0 0.11666133511003611
5118.0 0.1144778849379875
5119.0 0.1122251202669004
5120.0 0.10996812845436005
5121.0 0.1078766748301481
5122.0 0.10596413166450586
5123.0 0.10404722446640087
5124.0 0.1019481156050497
5125.0 0.09985106452921468
5126.0 0.0978380142773091
5127.0 0.09588424338871927
5128.0 0.09394249919049723
5129.0 0.09206116582883353
5130.0 0.09018167240635938
5131.0 0.08811521147068149
5132.0 0.0859737512520687
5133.0 0.08388772116901888
5134.0 0.08195602305951652
5135.0 0.08002616760923051
5136.0 0.0781592058688329
5137.0 0.07630724979620188
5138.0 0.07451496729520776
5139.0 0.07281863464201478
5140.0 0.07112371072263234
5141.0 0.0693607574219744
5142.0 0.0675940234481865
5143.0 0.06586837804210653
5144.0 0.06418518901976994
5145.0 0.06251093154640812
5146.0 0.060981536213271174
5147.0 0.05945339174750264
5148.0 0.057894790246850555
5149.0 0.05631622062838386
5150.0 0.0547325918806524
5151.0 0.053117101901714564
5152.0 0.05150292236355671
5153.0 0.04997088530605159
5154.0 0.048471648758075435
5155.0 0.04707058093601709
5156.0 0.045919992399537
5157.0 0.04477032393968851
5158.0 0.0435729292695698
5159.0 0.04236638510115761
5160.0 0.041160281828311746
5161.0 0.0399538393429814
5162.0 0.038748467863411774
5163.0 0.03747511897573064
5164.0 0.036199142633187395
5165.0 0.0351039095544669
5166.0 0.03418920422917976
5167.0 0.03326754314743475
5168.0 0.032224936119497845
5169.0 0.03118323446454573
5170.0 0.030058220001361328
5171.0 0.028882544091934303
5172.0 0.027771715500212544
5173.0 0.026973366576943148
5174.0 0.026175709279291887
5175.0 0.025351988469047744
5176.0 0.02451913885327847
5177.0 0.02374053373009487
5178.0 0.023093544214853712
5179.0 0.02244704921826657
5180.0 0.021849609018530475
5181.0 0.02126125159078538
5182.0 0.020629879040166835
5183.0 0.019933875086835078
5184.0 0.01923834378043278
5185.0 0.018740848179274048
5186.0 0.018252003590404083
5187.0 0.01764350682241493
5188.0 0.016924821196391993
5189.0 0.016230595167418253
5190.0 0.015853877940473188
5191.0 0.0154774867616399
5192.0 0.015025187649826735
5193.0 0.014528497954965865
5194.0 0.014088842120454387
5195.0 0.013890812226096892
5196.0 0.013692927293339397
5197.0 0.013369060770628483
5198.0 0.013001136088634627
5199.0 0.012637049775515712
5200.0 0.012281464070656088
5201.0 0.011926140769040638
5202.0 0.011701248262821864
5203.0 0.011497696506661192
5204.0 0.011289759785094697
5205.0 0.011075716942863115
5206.0 0.010861830142315742
5207.0 0.010578927974629504
5208.0 0.010294124045587794
5209.0 0.010096133511798795
5210.0 0.00997505955165383
5211.0 0.009858678297771775
5212.0 0.009788962349962087
5213.0 0.009719267261305238
5214.0 0.009653304580678632
5215.0 0.009589443499855995
5216.0 0.009501055631862192
5217.0 0.00931448182465489
5218.0 0.009128068704151265
5219.0 0.009084146006130936
5220.0 0.009085225384276611
5221.0 0.009062386689607972
5222.0 0.00898643548936081
5223.0 0.008910537398180082
5224.0 0.008852374540138458
5225.0 0.008796863832835997
5226.0 0.008725024416066098
5227.0 0.008631572132512578
5228.0 0.00853816102329209
5229.0 0.008551770570145239
5230.0 0.008566447673646279
5231.0 0.00859537328984716
5232.0 0.008636419810385274
5233.0 0.00867487755736807
5234.0 0.008690303879807975
5235.0 0.008705741642381463
5236.0 0.008697992590477866
5237.0 0.008678351238726298
5238.0 0.008654547505866663
5239.0 0.008615179470241057
5240.0 0.0085758376754472
5241.0 0.008546834620183914
5242.0 0.00852092957286914
5243.0 0.008533672552931346
5244.0 0.008624809246403351
5245.0 0.008715877576254305
5246.0 0.00869228541780154
5247.0 0.008653112503724757
5248.0 0.008622999569923928
5249.0 0.008604456299865258
5250.0 0.008585924159444206
5251.0 0.008703455327338957
5252.0 0.008820899455760024
5253.0 0.008875031523173035
5254.0 0.008879463336951984
5255.0 0.008889423116828495
5256.0 0.008944128105665644
5257.0 0.008998817257715898
5258.0 0.009131343643941291
5259.0 0.009302155957145635
5260.0 0.009421295623275778
5261.0 0.009367836639966305
5262.0 0.009314413629709466
5263.0 0.009276372529236224
5264.0 0.009242683155239467
5265.0 0.009231497972962686
5266.0 0.009263971863333574
5267.0 0.009296420220857181
5268.0 0.00927317205374738
5269.0 0.009243784642768427
5270.0 0.009270029560032107
5271.0 0.009364141802280287
5272.0 0.009457871366931506
5273.0 0.00952058270111196
5274.0 0.009583247139713466
5275.0 0.009536745307691816
5276.0 0.00940798520150619
5277.0 0.009302883872367999
5278.0 0.00935556169632
5279.0 0.00940817262880505
5280.0 0.009433305308769931
5281.0 0.009445497268565037
5282.0 0.0094519308735989
5283.0 0.009440049006875055
5284.0 0.009428200711005847
5285.0 0.00952511358586317
5286.0 0.009649135457947391
5287.0 0.009676862981739304
5288.0 0.009525911530729124
5289.0 0.009375062803927749
5290.0 0.009269644638951765
5291.0 0.009168779038176167
5292.0 0.009114449346528839
5293.0 0.009112506920030303
5294.0 0.009112326522490938
5295.0 0.009197186980743234
5296.0 0.009281959861271854
5297.0 0.009346457056174496
5298.0 0.00939620751709419
5299.0 0.009426035033862658
5300.0 0.009333578380157494
5301.0 0.00924115487738415
5302.0 0.009260134023825242
5303.0 0.009326788514488416
5304.0 0.009391571953125566
5305.0 0.00945075724568341
5306.0 0.009509900732405189
5307.0 0.009479111669998047
5308.0 0.009427255911755231
5309.0 0.009402332244037888
5310.0 0.009423237758951571
5311.0 0.009444127428812624
5312.0 0.009425713515448299
5313.0 0.009403922243296748
5314.0 0.009369604225170653
5315.0 0.009321669511053154
5316.0 0.009276382034723385
5317.0 0.00929258856437811
5318.0 0.009308810107067361
5319.0 0.00930166748361704
5320.0 0.009278332667751932
5321.0 0.009267996573958402
5322.0 0.009331255027051179
5323.0 0.009394471581381226
5324.0 0.009412881213748774
5325.0 0.009413026656483114
5326.0 0.009390461934557007
5327.0 0.009306560074011783
5328.0 0.009222708595782347
5329.0 0.009258041072586088
5330.0 0.009319487275123932
5331.0 0.009348500733816933
5332.0 0.009324613611718123
5333.0 0.009300739344445886
5334.0 0.009329576523788605
5335.0 0.009361755495695144
5336.0 0.009492244881460677
5337.0 0.00972502541044778
5338.0 0.009949823726203844
5339.0 0.010026120482842297
5340.0 0.01010237010816065
5341.0 0.010128585654863997
5342.0 0.01012281519564
5343.0 0.010106431242196075
5344.0 0.010034183844947094
5345.0 0.009962006567259563
5346.0 0.009862674432080058
5347.0 0.009752895495131668
5348.0 0.009680529769197284
5349.0 0.00970432734954165
5350.0 0.009728138736416887
5351.0 0.009899165967157906
5352.0 0.010098195389473706
5353.0 0.01031087907042405
5354.0 0.01054504771004708
5355.0 0.010779083256538093
5356.0 0.010871825691107184
5357.0 0.010957085776870724
5358.0 0.010975299688097642
5359.0 0.010929149914433646
5360.0 0.010884151885865353
5361.0 0.010856330665092525
5362.0 0.010828555521414313
5363.0 0.010925231542702946
5364.0 0.011098152942496477
5365.0 0.011303010668160092
5366.0 0.011653674637338922
5367.0 0.01200411186787354
5368.0 0.012155881121385407
5369.0 0.012234164246065394
5370.0 0.012261594322800174
5371.0 0.012164683377635214
5372.0 0.012067786222998544
5373.0 0.012081698148483287
5374.0 0.012115134976102926
5375.0 0.012196294913069046
5376.0 0.012346094282719993
5377.0 0.012495811802349889
5378.0 0.012680143084983282
5379.0 0.012865819217663036
5380.0 0.01309021267840904
5381.0 0.01335023217061882
5382.0 0.013598931723789443
5383.0 0.013718463062736825
5384.0 0.013837928410526308
5385.0 0.013851795191431798
5386.0 0.013803731295073948
5387.0 0.013784223176111597
5388.0 0.013886505016596825
5389.0 0.013988730002284814
5390.0 0.014170214324431586
5391.0 0.014378030852463168
5392.0 0.014580613070629675
5393.0 0.014771094772564056
5394.0 0.014961470847578682
5395.0 0.015042590079152585
5396.0 0.015105899036914465
5397.0 0.015214573247838108
5398.0 0.015385820435893637
5399.0 0.015556971134113097
5400.0 0.015773789953835684
5401.0 0.015991372445911492
5402.0 0.016190165241422326
5403.0 0.016372204674536494
5404.0 0.016557211192325408
5405.0 0.016773659553927667
5406.0 0.016989983386363403
5407.0 0.017129706243429417
5408.0 0.017228127434684153
5409.0 0.017314614281079506
5410.0 0.017353770206353196
5411.0 0.017392900699823605
5412.0 0.01749458351290109
5413.0 0.017615976478249126
5414.0 0.01779003830845926
5415.0 0.01807615392011107
5416.0 0.018362042111977207
5417.0 0.018592110713029936
5418.0 0.01881373359542215
5419.0 0.018988975137650008
5420.0 0.01910270905479998
5421.0 0.01921642797885258
5422.0 0.019292449861976056
5423.0 0.019368042110936585
5424.0 0.019474764043200008
5425.0 0.01960685949006318
5426.0 0.019747515990559763
5427.0 0.01996636496977516
5428.0 0.020185069826842157
5429.0 0.02041966129610513
5430.0 0.020662321460790205
5431.0 0.020888748188907392
5432.0 0.02105799917330488
5433.0 0.02122706918304679
5434.0 0.021259933375884048
5435.0 0.021252069727173434
5436.0 0.021278493691150355
5437.0 0.021374550915863745
5438.0 0.02147053735058576
5439.0 0.021679382428703983
5440.0 0.021901971788927922
5441.0 0.022088713118020017
5442.0 0.022229999363123063
5443.0 0.022371112024844198
5444.0 0.022451837372136803
5445.0 0.022532499057902233
5446.0 0.022653012071558537
5447.0 0.022804890392062765
5448.0 0.022958373827406273
5449.0 0.02312422101999872
5450.0 0.023289938612675375
5451.0 0.02346248581168548
5452.0 0.023638286264847708
5453.0 0.023801630093186497
5454.0 0.02392355055224549
5455.0 0.02404529703335293
5456.0 0.024113969919907358
5457.0 0.02416852613382568
5458.0 0.024222473386526236
5459.0 0.024275430494831635
5460.0 0.024328263678089355
5461.0 0.024472872832670932
5462.0 0.024627490252593486
5463.0 0.024777897375238733
5464.0 0.02492331312994442
5465.0 0.025067694906122207
5466.0 0.02512200107853384
5467.0 0.025176254580553753
5468.0 0.025274965506332875
5469.0 0.025407130858689193
5470.0 0.025532293381132793
5471.0 0.025611289244225788
5472.0 0.02569013110107259
5473.0 0.02567088440476635
5474.0 0.025607664156884234
5475.0 0.025565473891042346
5476.0 0.025589657581196072
5477.0 0.025613811453813987
5478.0 0.025729845706450948
5479.0 0.02586875863804042
5480.0 0.025969099902175986
5481.0 0.0260010316990122
5482.0 0.026032845477257677
5483.0 0.026103800115061773
5484.0 0.02617847510870579
5485.0 0.02625064483662086
5486.0 0.02631982866924483
5487.0 0.026392770296056786
5488.0 0.026589362382625215
5489.0 0.02678577261656207
5490.0 0.026858713090599676
5491.0 0.02684225724701708
5492.0 0.02681268142903052
5493.0 0.026702022400334074
5494.0 0.026591366798309514
5495.0 0.026559805185065663
5496.0 0.02656198752503384
5497.0 0.026587381854832007
5498.0 0.026678577769872022
5499.0 0.026769683412912044
5500.0 0.026704440722902838
5501.0 0.02660260799222415
5502.0 0.026544435985266523
5503.0 0.026560562066785098
5504.0 0.02657666394839168
5505.0 0.02682028169505302
5506.0 0.02708079554808495
5507.0 0.027228778840484802
5508.0 0.027254932839308417
5509.0 0.027273530745928004
5510.0 0.027111711857927257
5511.0 0.02695002251518794
5512.0 0.026845827222997873
5513.0 0.026780022878846295
5514.0 0.02672080787734833
5515.0 0.026698777841070817
5516.0 0.02667675687972859
5517.0 0.02669564252558604
5518.0 0.02673116577037475
5519.0 0.02675789940739612
5520.0 0.02676072502341705
5521.0 0.026763623511029684
5522.0 0.026619919411460625
5523.0 0.026446397825828194
5524.0 0.026315775456152456
5525.0 0.026255080130098286
5526.0 0.026194508998925788
5527.0 0.02616373262596199
5528.0 0.026134954061158896
5529.0 0.02607693618952208
5530.0 0.025989797269667346
5531.0 0.02590709885675772
5532.0 0.025906056000428633
5533.0 0.02590500566498307
5534.0 0.025847152383219996
5535.0 0.02575293379850111
5536.0 0.025661386947999958
5537.0 0.02558222056154945
5538.0 0.025503189637136825
5539.0 0.025402367338802672
5540.0 0.025293204437787285
5541.0 0.025203521773153412
5542.0 0.025163569493631084
5543.0 0.02512372066437495
5544.0 0.025062798936951864
5545.0 0.024997804096971984
5546.0 0.02495865536763789
5547.0 0.024957981277629476
5548.0 0.02495730070458948
5549.0 0.02477053737912684
5550.0 0.024574111807658297
5551.0 0.02441559929668074
5552.0 0.024293401178324407
5553.0 0.024177116345123345
5554.0 0.024137306467768405
5555.0 0.02409751923681347
5556.0 0.024048788877020704
5557.0 0.023994671608420608
5558.0 0.023925165096762898
5559.0 0.023785471617622095
5560.0 0.023645949246610665
5561.0 0.023524809810146544
5562.0 0.02341027738855832
5563.0 0.023284071804616883
5564.0 0.02312919527550328
5565.0 0.022974424348957412
5566.0 0.022896973099667848
5567.0 0.022833192847165146
5568.0 0.022753061686529262
5569.0 0.02264958300240247
5570.0 0.022546100401421576
5571.0 0.022335489163735484
5572.0 0.022121636409661374
5573.0 0.02194774234878752
5574.0 0.021810631873280802
5575.0 0.021677300940487452
5576.0 0.02158641866754704
5577.0 0.021495527980866104
5578.0 0.021362310902020183
5579.0 0.02120546098685811
5580.0 0.021068923630590198
5581.0 0.021019154935910164
5582.0 0.020969349974233567
5583.0 0.020848400673224757
5584.0 0.020703754272402085
5585.0 0.02054436912086392
5586.0 0.020352156726218085
5587.0 0.020160088930393304
5588.0 0.019999654049275995
5589.0 0.019844345554245465
5590.0 0.01972681732657987
5591.0 0.019661301417358133
5592.0 0.019595704773392512
5593.0 0.019436351251977825
5594.0 0.019275083669979133
5595.0 0.019058261885040815
5596.0 0.018794256377285014
5597.0 0.018542659417065788
5598.0 0.018415591825266406
5599.0 0.01828862820174312
5600.0 0.01816692089750465
5601.0 0.018048092421086116
5602.0 0.01792276869899451
5603.0 0.017773195985643753
5604.0 0.01762363652562184
5605.0 0.017483377170646942
5606.0 0.017346115001422194
5607.0 0.017224292709644734
5608.0 0.017135121548581805
5609.0 0.017045972416775683
5610.0 0.016931259896077865
5611.0 0.016813053692684595
5612.0 0.016630587774681738
5613.0 0.016362977544592577
5614.0 0.016095576606233265
5615.0 0.015944045150208877
5616.0 0.015793777773507527
5617.0 0.015665829181601955
5618.0 0.015556076092167515
5619.0 0.015446804808734336
5620.0 0.015341028593929284
5621.0 0.015235256637504016
5622.0 0.015056018114999905
5623.0 0.014838938364197729
5624.0 0.01462539297746061
5625.0 0.01442373128803157
5626.0 0.014222191695838597
5627.0 0.014013793967403815
5628.0 0.013803536660424012
5629.0 0.013648562280155062
5630.0 0.013605555077629962
5631.0 0.013562498447394477
5632.0 0.013466508349919512
5633.0 0.01336403317521612
5634.0 0.013220338379149479
5635.0 0.013026372499199993
5636.0 0.012832584234046292
5637.0 0.012685275898413484
5638.0 0.012538134861210354
5639.0 0.01247801765937744
5640.0 0.012486125414473475
5641.0 0.012483921175878513
5642.0 0.012406314594397234
5643.0 0.012328709905741562
5644.0 0.01214061151758438
5645.0 0.011900646404586985
5646.0 0.011702066370395184
5647.0 0.011641281005864373
5648.0 0.011580560417727004
5649.0 0.011469054275958367
5650.0 0.01134415430236419
5651.0 0.011232124010063146
5652.0 0.011143773100168413
5653.0 0.011055594106315786
5654.0 0.010927887595695995
5655.0 0.010795997079190229
5656.0 0.01065918130244967
5657.0 0.010516638422390248
5658.0 0.010376950156971751
5659.0 0.01036779578980546
5660.0 0.010358715005734745
5661.0 0.010247726343894821
5662.0 0.01005999934396411
5663.0 0.009874916184726436
5664.0 0.009705976664434998
5665.0 0.009537279786925626
5666.0 0.009455290591199315
5667.0 0.00941232085403067
5668.0 0.0093607772646105
5669.0 0.009283326726145248
5670.0 0.009206044274928415
5671.0 0.00912137283227844
5672.0 0.009035001043278677
5673.0 0.008978459149972457
5674.0 0.008974729407566499
5675.0 0.008971060193674225
5676.0 0.008873301080519974
5677.0 0.008767530975692595
5678.0 0.008653515356339006
5679.0 0.008530220816109265
5680.0 0.008406838728727368
5681.0 0.008275643429499564
5682.0 0.008144636847282113
5683.0 0.008093754556966723
5684.0 0.00809854110256799
5685.0 0.008114889517457827
5686.0 0.008202000897017697
5687.0 0.008289130769563138
5688.0 0.00824647454497793
5689.0 0.008148330019752723
5690.0 0.008029579910293226
5691.0 0.007852125196069891
5692.0 0.007674810423376683
5693.0 0.007539936758728445
5694.0 0.007414442900715791
5695.0 0.00729255223136219
5696.0 0.007176634054455702
5697.0 0.007060831346569231
5698.0 0.007131360236828631
5699.0 0.0072158856018934075
5700.0 0.0072777782800210146
5701.0 0.00731616005914354
5702.0 0.007347705183228265
5703.0 0.007215108555989463
5704.0 0.007082629664472631
5705.0 0.006956974486193957
5706.0 0.006835886238469218
5707.0 0.006729651365142307
5708.0 0.006701130773127986
5709.0 0.006672600875896403
5710.0 0.006697579350429173
5711.0 0.006744388297397695
5712.0 0.0067743588950375305
5713.0 0.006758992875297404
5714.0 0.0067436108291340415
5715.0 0.0066988892568132005
5716.0 0.006648145850131543
5717.0 0.006616349082165865
5718.0 0.006614142216010082
5719.0 0.006611889907301036
5720.0 0.006585085863213024
5721.0 0.006556712272240998
5722.0 0.00649971337416584
5723.0 0.0064141416741414605
5724.0 0.006334966456650951
5725.0 0.006355734534122929
5726.0 0.006376397890035329
5727.0 0.0063953419674899654
5728.0 0.006413121524743429
5729.0 0.006430617442297301
5730.0 0.0064471359654141025
5731.0 0.006463571080199468
5732.0 0.006486983128919982
5733.0 0.006512900066959984
5734.0 0.0065178720223435065
5735.0 0.006469215249481966
5736.0 0.006420513807851762
5737.0 0.006349563490551513
5738.0 0.006274390215315639
5739.0 0.006219772704214744
5740.0 0.00619595695903578
5741.0 0.006172120903629448
5742.0 0.006120596213922932
5743.0 0.00606761038738931
5744.0 0.00606547946765671
5745.0 0.006112161263642018
5746.0 0.006154937535157876
5747.0 0.006147421432533664
5748.0 0.00613988845552156
5749.0 0.006146397973136826
5750.0 0.006161112266399984
5751.0 0.006183977457716787
5752.0 0.006244024000518161
5753.0 0.006304034078192597
5754.0 0.006274377780725552
5755.0 0.0062133542527356145
5756.0 0.006155249807524181
5757.0 0.006103840180821018
5758.0 0.006052572148206275
5759.0 0.006064420566214209
5760.0 0.006087462737985863
5761.0 0.006117608396125105
5762.0 0.006157890916850734
5763.0 0.006198283387868857
5764.0 0.00613418901153218
5765.0 0.006067106505888381
5766.0 0.006046253521055802
5767.0 0.006068061440767518
5768.0 0.006093391264923202
5769.0 0.006156878700261398
5770.0 0.006220595029249705
5771.0 0.006272756289611312
5772.0 0.00631856862976108
5773.0 0.00635591933063576
5774.0 0.006358751581861022
5775.0 0.006361853454239968
5776.0 0.006364517999118599
5777.0 0.006367172051716042
5778.0 0.0063718380734023175
5779.0 0.006380684562563866
5780.0 0.006389713806982291
5781.0 0.005642714420927195
5782.0 0.004782524694445028
5783.0 0.004104482319142783
5784.0 0.003678152104592905
5785.0 0.0032516329526146933
5786.0 0.0032985267715165425
5787.0 0.0033549610980517677
5788.0 0.0034343009399814793
5789.0 0.0035330325329717923
5790.0 0.0036198934887603108
5791.0 0.00358996257440083
5792.0 0.003559516809584387
5793.0 0.0034943513930173406
5794.0 0.0034101832873440186
5795.0 0.0033491593444500757
5796.0 0.0033768899039038768
5797.0 0.003403412736489732
5798.0 0.003454122900948636
5799.0 0.0035106907396812554
5800.0 0.0035397639726037645
