# %ECSV 1.0
# ---
# datatype:
# - {name: WAV, unit: Angstrom, datatype: float32}
# - {name: EFF, datatype: float64}
# meta: !!omap
# - {GRISM: 600/4000}
# - {DICHROIC: D460}
# schema: astropy-2.0
WAV EFF
3200.0 0.06101805795465579
3201.0 0.061544380929971575
3202.0 0.06202285636207684
3203.0 0.06246113985788526
3204.0 0.06286305922085368
3205.0 0.06323531310703158
3206.0 0.06357981541814736
3207.0 0.06390326481025053
3208.0 0.06420757518506948
3209.0 0.06449561739519684
3210.0 0.06477217619495368
3211.0 0.06503725158434
3212.0 0.06529371441594842
3213.0 0.06554443554237158
3214.0 0.06579037191447369
3215.0 0.06603343743398316
3216.0 0.0662736321009
3217.0 0.06651382676781684
3218.0 0.06675306448386947
3219.0 0.06699421610165053
3220.0 0.06723632467029579
3221.0 0.06748034714066947
3222.0 0.06772628351277159
3223.0 0.06797604768833053
3224.0 0.06822772576561789
3225.0 0.06848418859722633
3226.0 0.06874352228142737
3227.0 0.06900668376908525
3228.0 0.06927463001106421
3229.0 0.06954544710563579
3230.0 0.06982104895452843
3231.0 0.07010047860687789
3232.0 0.07038469301354842
3233.0 0.07067273522367579
3234.0 0.07096460523726
3235.0 0.07126126000516526
3236.0 0.07156174257652737
3237.0 0.07186605295134632
3238.0 0.07217514808048632
3239.0 0.07248902796394736
3240.0 0.07280673565086526
3241.0 0.07312827114124
3242.0 0.07345459138593578
3243.0 0.07378569638495264
3244.0 0.0741196722365621
3245.0 0.07445938979335684
3246.0 0.07480293515360842
3247.0 0.07515126526818106
3248.0 0.07550438013707474
3249.0 0.07586132280942526
3250.0 0.07622305023609684
3251.0 0.07658956241708947
3252.0 0.07696181630326737
3253.0 0.07733789799290211
3254.0 0.07771876443685789
3255.0 0.07810537258599895
3256.0 0.07849676548946105
3257.0 0.07889294314724421
3258.0 0.07929486251021264
3259.0 0.07970252357836632
3260.0 0.08011496940084105
3261.0 0.08053219997763683
3262.0 0.08095612921048212
3263.0 0.08138484319764842
3264.0 0.0818202558408642
3265.0 0.08226045323840105
3266.0 0.08270734929198738
3267.0 0.08315903009989474
3268.0 0.08361740956385158
3269.0 0.08408153073299368
3270.0 0.08455139360732106
3271.0 0.0850279551376979
3272.0 0.0855093014223958
3273.0 0.08599830331400737
3274.0 0.08649208995994001
3275.0 0.08699257526192211
3276.0 0.08749880226908947
3277.0 0.0880107709814421
3278.0 0.08852943834984421
3279.0 0.08905384742343159
3280.0 0.08958495515306843
3281.0 0.09012084763702631
3282.0 0.09066343877703369
3283.0 0.0912108146713621
3284.0 0.09176488922174
3285.0 0.09232470547730315
3286.0 0.09288930648718736
3287.0 0.09346060615312106
3288.0 0.09403669057337578
3289.0 0.0946185166988158
3290.0 0.09520512757857684
3291.0 0.09579748016352316
3292.0 0.09639366055192632
3293.0 0.09699653959637895
3294.0 0.09760324644428843
3295.0 0.09821473804651895
3296.0 0.09883101440307052
3297.0 0.09945111856307895
3298.0 0.10007600747740843
3299.0 0.10070472419519473
3300.0 0.1013382256673021
3301.0 0.1019745979920021
3302.0 0.10261575507102315
3303.0 0.10325978300263684
3304.0 0.10390763873770736
3305.0 0.10455836532537052
3306.0 0.10521196276562632
3307.0 0.10586843105847474
3308.0 0.1065277702039158
3309.0 0.10718998020194948
3310.0 0.10785410410171158
3311.0 0.10852014190320211
3312.0 0.10918809360642105
3313.0 0.10985795921136843
3314.0 0.11052973871804421
3315.0 0.11120247517558421
3316.0 0.11187712553485263
3317.0 0.11255273284498526
3318.0 0.1132292971059821
3319.0 0.11390586136697894
3320.0 0.11458338257884
3321.0 0.11526186074156526
3322.0 0.11594033890429052
3323.0 0.1166188170670158
3324.0 0.11729729522974106
3325.0 0.11797577339246632
3326.0 0.11865425155519159
3327.0 0.11933272971791685
3328.0 0.12000929397891368
3329.0 0.12068585823991053
3330.0 0.12136242250090735
3331.0 0.12203707286017579
3332.0 0.12271076626858002
3333.0 0.1233844596769842
3334.0 0.1240552822327958
3335.0 0.12472610478860738
3336.0 0.12539501344269055
3337.0 0.12606296514590948
3338.0 0.1267290029474
3339.0 0.1273931268471621
3340.0 0.12805629379605998
3341.0 0.12871754684322947
3342.0 0.12937592903780631
3343.0 0.13003335428151896
3344.0 0.13068886562350315
3345.0 0.13134246306375896
3346.0 0.1319941466022863
3347.0 0.13264391623908528
3348.0 0.1332917719741558
3349.0 0.1339377138074979
3350.0 0.1345807847882474
3351.0 0.1352219418672684
3352.0 0.13586214199542526
3353.0 0.13649947127098946
3354.0 0.13713488664482526
3355.0 0.13776838811693265
3356.0 0.13839997568731158
3357.0 0.1390296493559621
3358.0 0.1396574091228842
3359.0 0.1402832549880779
3360.0 0.14090718695154314
3361.0 0.14152920501328
3362.0 0.14215026612415263
3363.0 0.14276941333329685
3364.0 0.14338760359157685
3365.0 0.14400387994812844
3366.0 0.1446182424029516
3367.0 0.14523260485777476
3368.0 0.1458440964600053
3369.0 0.1464555880622358
3370.0 0.1470651657627379
3371.0 0.14767474346324
3372.0 0.1482824072620137
3373.0 0.1488900710607874
3374.0 0.14949677790869684
3375.0 0.1501025278057421
3376.0 0.15070827770278736
3377.0 0.1513121136981042
3378.0 0.15191690664428528
3379.0 0.1525207426396021
3380.0 0.15312553558578315
3381.0 0.1537293715811
3382.0 0.15433225062555264
3383.0 0.15493608662086947
3384.0 0.1555408795670505
3385.0 0.1561447155623674
3386.0 0.15674950850854844
3387.0 0.15735430145472948
3388.0 0.15796005135177474
3389.0 0.15856580124882003
3390.0 0.15917250809672948
3391.0 0.15978017189550317
3392.0 0.16038879264514105
3393.0 0.16099837034564315
3394.0 0.16160890499700947
3395.0 0.16222039659924
3396.0 0.16283284515233473
3397.0 0.1634462506562937
3398.0 0.16406157006198108
3399.0 0.16467784641853261
3400.0 0.16529603667681264
3401.0 0.16591518388595686
3402.0 0.16653624499682945
3403.0 0.16715826305856632
3404.0 0.1677821950220316
3405.0 0.16840708393636106
3406.0 0.16903292980155474
3407.0 0.16965973261761264
3408.0 0.17028749238453472
3409.0 0.17091620910232108
3410.0 0.17154588277097158
3411.0 0.1721755564396221
3412.0 0.17280618705913683
3413.0 0.1734368176786516
3414.0 0.17406840524903053
3415.0 0.17469999281940948
3416.0 0.1753315803897884
3417.0 0.17596221100930318
3418.0 0.17659284162881791
3419.0 0.17722347224833263
3420.0 0.17785314591698315
3421.0 0.17848186263476948
3422.0 0.1791096224016916
3423.0 0.17973642521774946
3424.0 0.18036227108294317
3425.0 0.1809852460955442
3426.0 0.18160726415728107
3427.0 0.18222736831728947
3428.0 0.18284555857556947
3429.0 0.18346087798125685
3430.0 0.1840742834852158
3431.0 0.1846838611857179
3432.0 0.18529056803362737
3433.0 0.18589440402894422
3434.0 0.1864944122208042
3435.0 0.18709059260920735
3436.0 0.18768198824328947
3437.0 0.18826955607391474
3438.0 0.18885329610108315
3439.0 0.1894312944230663
3440.0 0.19000450799072843
3441.0 0.19057197985320526
3442.0 0.19113371001049684
3443.0 0.19168969846260314
3444.0 0.19223898825866
3445.0 0.19278253634953157
3446.0 0.1933184288334895
3447.0 0.1938476226613979
3448.0 0.19437011783325683
3449.0 0.1948840004473379
3450.0 0.19539022745450527
3451.0 0.19588784190389474
3452.0 0.19637684379550632
3453.0 0.19685819008020422
3454.0 0.19733188075798844
3455.0 0.19779695887799473
3456.0 0.19825533834195158
3457.0 0.19870510524813054
3458.0 0.1991472165473958
3459.0 0.19958262919061157
3460.0 0.2000103862269137
3461.0 0.2004314446071663
3462.0 0.2008448473805053
3463.0 0.20125155149779472
3464.0 0.20165251390989894
3465.0 0.20204582071508947
3466.0 0.20243242886423055
3467.0 0.2028142522590505
3468.0 0.20318842004695684
3469.0 0.2035578030805421
3470.0 0.2039204874580779
3471.0 0.20427838708129262
3472.0 0.2046305449993221
3473.0 0.20497696121216633
3474.0 0.20531859267068947
3475.0 0.20565543937489156
3476.0 0.20598750132477264
3477.0 0.20631477852033264
3478.0 0.20663822791243577
3479.0 0.2069578495010821
3480.0 0.20727268633540738
3481.0 0.20758465231714002
3482.0 0.20789279049541579
3483.0 0.20819710087023474
3484.0 0.20849854039246105
3485.0 0.20879710906209473
3486.0 0.20909376383
3487.0 0.20938754774531262
3488.0 0.20967846080803262
3489.0 0.20996841691988843
3490.0 0.21025645913001578
3491.0 0.21054258743841472
3492.0 0.21082775879594948
3493.0 0.21111197320262
3494.0 0.21139618760929052
3495.0 0.21167944506509687
3496.0 0.21196270252090316
3497.0 0.21224595997670948
3498.0 0.2125292174325158
3499.0 0.21281343183918633
3500.0 0.21309956014758527
3501.0 0.2133856884559842
3502.0 0.2136737306661116
3503.0 0.21396272982710318
3504.0 0.21425268593895896
3505.0 0.21454359900167896
3506.0 0.21483546901526315
3507.0 0.21512733902884737
3508.0 0.2154201659932958
3509.0 0.2157129929577442
3510.0 0.21600677687305686
3511.0 0.21630056078836948
3512.0 0.2165943447036821
3513.0 0.21688812861899476
3514.0 0.21718191253430735
3515.0 0.21747569644962
3516.0 0.21776948036493263
3517.0 0.21806230732938106
3518.0 0.21835513429382947
3519.0 0.2186479612582779
3520.0 0.2189398312718621
3521.0 0.2192317012854463
3522.0 0.2195226143481663
3523.0 0.2198125704600221
3524.0 0.22010252657187787
3525.0 0.2203915257328695
3526.0 0.22067956794299684
3527.0 0.22096665320226
3528.0 0.22125278151065894
3529.0 0.22153795286819367
3530.0 0.22182216727486423
3531.0 0.22210542473067052
3532.0 0.22238772523561262
3533.0 0.22266811183882632
3534.0 0.22294849844203998
3535.0 0.22322697114352527
3536.0 0.22350448689414631
3537.0 0.22378104569390317
3538.0 0.2240556905919316
3539.0 0.2243293785390958
3540.0 0.22460210953539578
3541.0 0.22487292662996738
3542.0 0.22514278677367475
3543.0 0.2254107330156537
3544.0 0.22567772230676844
3545.0 0.22594375464701896
3546.0 0.22620787308554108
3547.0 0.22647007762233476
3548.0 0.22673132520826422
3549.0 0.22699161584332947
3550.0 0.2272499925766663
3551.0 0.22750741235913896
3552.0 0.22776291823988315
3553.0 0.22801651021889896
3554.0 0.22826914524705053
3555.0 0.2285208233243379
3556.0 0.22877058749989684
3557.0 0.2290193947245916
3558.0 0.2292662880475579
3559.0 0.2295112674687958
3560.0 0.22975528993916947
3561.0 0.22999739850781475
3562.0 0.2302385501255958
3563.0 0.23047874479251265
3564.0 0.23071702555770107
3565.0 0.23095339242116106
3566.0 0.23118880233375685
3567.0 0.23142229834462422
3568.0 0.2316548374046274
3569.0 0.2318854625629021
3570.0 0.23211513077031262
3571.0 0.23234288507599474
3572.0 0.23256968243081264
3573.0 0.23279456588390213
3574.0 0.23301849238612737
3575.0 0.23324241888835265
3576.0 0.23346538843971368
3577.0 0.23368740104021052
3578.0 0.2339103705915716
3579.0 0.23413238319206842
3580.0 0.23435535274342947
3581.0 0.23457832229479053
3582.0 0.2348022487970158
3583.0 0.23502713225010527
3584.0 0.23525392960492317
3585.0 0.23548168391060526
3586.0 0.2357103951671516
3587.0 0.23594197727629052
3588.0 0.2361745163362937
3589.0 0.23641088319975367
3590.0 0.2366482070140779
3591.0 0.23688935863185895
3592.0 0.23713242415136843
3593.0 0.23737931747433474
3594.0 0.2376300386007579
3595.0 0.23788363057977369
3596.0 0.2381410503622463
3597.0 0.23840229794817577
3598.0 0.2386683302884263
3599.0 0.23893819043213368
3600.0 0.2392128353301621
3601.0 0.2394913080316474
3602.0 0.2397755224383179
3603.0 0.24006547855017368
3604.0 0.24035926246548633
3605.0 0.24065974503684842
3606.0 0.2409650123625316
3607.0 0.2412769783442642
3608.0 0.24159468603118212
3609.0 0.24191813542328527
3610.0 0.24224828347143787
3611.0 0.24258513017564
3612.0 0.2429277185850274
3613.0 0.24327796260132842
3614.0 0.24363490527367895
3615.0 0.24399950355294314
3616.0 0.24437080048825682
3617.0 0.2447497530304842
3618.0 0.24513636117962526
3619.0 0.24553062493568004
3620.0 0.24593254429864841
3621.0 0.24634307621939475
3622.0 0.24676126374705473
3623.0 0.24718806383249262
3624.0 0.2476225195248442
3625.0 0.24806558777497367
3626.0 0.24851726858288106
3627.0 0.24897756194856635
3628.0 0.24944742482289367
3629.0 0.24992494330413476
3630.0 0.2504129882448821
3631.0 0.25090868879254313
3632.0 0.25141491579971054
3633.0 0.25192879841379157
3634.0 0.25245320748737893
3635.0 0.2529871860696084
3636.0 0.25353073416048
3637.0 0.2540828948091295
3638.0 0.25464558191728526
3639.0 0.2552168815832189
3640.0 0.2557987077086589
3641.0 0.2563891463918769
3642.0 0.25698915458373683
3643.0 0.25759777533337475
3644.0 0.2582159655916548
3645.0 0.2588427684077126
3646.0 0.2594791407324126
3647.0 0.2601231686640263
3648.0 0.2607767661042821
3649.0 0.2614389761023158
3650.0 0.2621088417072631
3651.0 0.26278827682085265
3652.0 0.2634744105904916
3653.0 0.26416915691790843
3654.0 0.2648725158031031
3655.0 0.2655825733443474
3656.0 0.2663012434433695
3657.0 0.26702661219844104
3658.0 0.26775963656042634
3659.0 0.26850031652932527
3660.0 0.2692476951542737
3661.0 0.27000177243527157
3662.0 0.2707615914214548
3663.0 0.27152906601455157
3664.0 0.2723032392636979
3665.0 0.27308219726716526
3666.0 0.2738678539266821
3667.0 0.2746592522913842
3668.0 0.2754554354104074
3669.0 0.27625736023461583
3670.0 0.27706502676400946
3671.0 0.2778774780477242
3672.0 0.2786937571348958
3673.0 0.27951577792725263
3674.0 0.2803416265230663
3675.0 0.2811703459714726
3676.0 0.2820038501742
3677.0 0.28284118218038423
3678.0 0.28368138503916107
3679.0 0.2845244587505305
3680.0 0.28537136026535687
3681.0 0.28622017568191155
3682.0 0.28707186195105894
3683.0 0.28792450517107054
3684.0 0.28878001924367475
3685.0 0.2896374472180074
3686.0 0.29049583214320424
3687.0 0.29135517401926525
3688.0 0.2922145158953263
3689.0 0.29307577167311577
3690.0 0.2939370274509053
3691.0 0.29479732627783056
3692.0 0.29565858205562
3693.0 0.2965188808825453
3694.0 0.2973782227586063
3695.0 0.29823660768380317
3696.0 0.2990930787072716
3697.0 0.2999485927798758
3698.0 0.3008021929507516
3699.0 0.30165387921989895
3700.0 0.3025026946364537
3701.0 0.3033476822495516
3702.0 0.3041907559609211
3703.0 0.3050309588196979
3704.0 0.3058663769241537
3705.0 0.30669796722515263
3706.0 0.307526686673559
3707.0 0.30835062136764424
3708.0 0.3091697713074084
3709.0 0.3099850934437158
3710.0 0.3107956308257021
3711.0 0.3116023404042316
3712.0 0.3124033082775758
3713.0 0.3132004483474632
3714.0 0.31399184671216523
3715.0 0.3147794172734105
3716.0 0.3155602891786063
3717.0 0.31633733328034525
3718.0 0.31710863567689895
3719.0 0.3178751533191316
3720.0 0.31863592925617895
3721.0 0.319390963488041
3722.0 0.32014121296558207
3723.0 0.3208847637870737
3724.0 0.32162257290338
3725.0 0.3223555972653653
3726.0 0.32308192297130106
3727.0 0.32380250697205154
3728.0 0.3245163923167526
3729.0 0.32522549290713265
3730.0 0.3259278948414632
3731.0 0.3266235981197442
3732.0 0.32731355969284004
3733.0 0.32799682260988633
3734.0 0.32867338687088316
3735.0 0.3293442094266948
3736.0 0.33000833332645685
3737.0 0.33066575857016944
3738.0 0.33131648515783263
3739.0 0.3319605130894463
3740.0 0.3325978423650105
3741.0 0.3332284729845253
3742.0 0.3338533618988548
3743.0 0.3344696382554063
3744.0 0.33508017290677267
3745.0 0.3356840089020895
3746.0 0.33628114624135685
3747.0 0.33687062797371053
3748.0 0.33745341105001475
3749.0 0.33802949547026945
3750.0 0.33859888123447474
3751.0 0.33916061139176634
3752.0 0.33971564289300843
3753.0 0.34026301878733684
3754.0 0.34080465297648
3755.0 0.34133863155870947
3756.0 0.3418659114848895
3757.0 0.3423855358041558
3758.0 0.34289846146737263
3759.0 0.34340468847454
3760.0 0.3439042168256579
3761.0 0.3443960895698621
3762.0 0.34488126365801686
3763.0 0.34535973909012213
3764.0 0.34583055891531367
3765.0 0.34629563703531996
3766.0 0.3467530595484126
3767.0 0.3472037834054558
3768.0 0.3476478086064495
3769.0 0.3480851351513937
3770.0 0.3485148060894242
3771.0 0.3489387353222695
3772.0 0.34935596589906526
3773.0 0.34976554086894734
3774.0 0.35016937413364424
3775.0 0.3505665087422916
3776.0 0.35095694469488947
3777.0 0.35134068199143786
3778.0 0.35171867758280106
3779.0 0.35208997451811475
3780.0 0.35245457279737896
3781.0 0.3528134293714579
3782.0 0.3531655872894874
3783.0 0.3535120035023316
3784.0 0.3538517210591263
3785.0 0.35418569691073576
3786.0 0.35451393105716
3787.0 0.35483642349839895
3788.0 0.3551522172835884
3789.0 0.35546322631445687
3790.0 0.3557675366892758
3791.0 0.3560670623097737
3792.0 0.35635988927422213
3793.0 0.3566479314843495
3794.0 0.3569302319892916
3795.0 0.35720774773991265
3796.0 0.3574795217853484
3797.0 0.35774651107646316
3798.0 0.3580077586623926
3799.0 0.35826422149400106
3800.0 0.35851589957128843
3801.0 0.3587627928942548
3802.0 0.35900490146290004
3803.0 0.3592422252772242
3804.0 0.35947476433722736
3805.0 0.3597025186429095
3806.0 0.3599264451451348
3807.0 0.36014558689303894
3808.0 0.36036090083748634
3809.0 0.3605723869784768
3810.0 0.3607790883651463
3811.0 0.3609819619483589
3812.0 0.36118100772811473
3813.0 0.3613771826552779
3814.0 0.36156857282812
3815.0 0.3617570921483695
3816.0 0.3619417836651621
3817.0 0.3621226473784979
3818.0 0.3623006402392411
3819.0 0.3624757622473916
3820.0 0.3626480134029495
3821.0 0.36281739370591476
3822.0 0.36298294620542315
3823.0 0.36314658480320317
3824.0 0.3633073525483905
3825.0 0.3634662063918495
3826.0 0.3636221893827158
3827.0 0.3637762584718537
3828.0 0.36392745670839893
3829.0 0.3640767410432158
3830.0 0.36422506842716845
3831.0 0.3643705249585284
3832.0 0.36451502453902423
3833.0 0.36465665326692737
3834.0 0.36479828199483055
3835.0 0.36493799682100525
3836.0 0.36507579774545157
3837.0 0.3652135986698979
3838.0 0.36534948569261577
3839.0 0.3654853727153337
3840.0 0.3656203027871874
3841.0 0.36575427590817683
3842.0 0.3658872920783021
3843.0 0.36602030824842735
3844.0 0.36615332441855264
3845.0 0.3662863405886779
3846.0 0.366418399807939
3847.0 0.36655141597806423
3848.0 0.3666844321481895
3849.0 0.36681744831831475
3850.0 0.3669514214393042
3851.0 0.3670853945602937
3852.0 0.3672203246321474
3853.0 0.36735621165486526
3854.0 0.36749305562844736
3855.0 0.3676308565528937
3856.0 0.36777057137906843
3857.0 0.3679112431561074
3858.0 0.36805287188401054
3859.0 0.3681964145136421
3860.0 0.3683418710450021
3861.0 0.36848924147809053
3862.0 0.3686385258129074
3863.0 0.36878972404945265
3864.0 0.36894379313859055
3865.0 0.3690997761294568
3866.0 0.3692576730220516
3867.0 0.36941748381637474
3868.0 0.3695792085124263
3869.0 0.36974380406107055
3870.0 0.36991031351144316
3871.0 0.3700787368635442
3872.0 0.37025003106823795
3873.0 0.3704222822237958
3874.0 0.3705974042319463
3875.0 0.3707744401418253
3876.0 0.37095434690429685
3877.0 0.3711352106176326
3878.0 0.37131894518356107
3879.0 0.3715055506020821
3880.0 0.37169311297146734
3881.0 0.37188354619344527
3882.0 0.3720758933171516
3883.0 0.3722701543425863
3884.0 0.3724663292697495
3885.0 0.37266537504950525
3886.0 0.37286633473098946
3887.0 0.3730701652650663
3888.0 0.3732759097008716
3889.0 0.37348356803840527
3890.0 0.37369314027766737
3891.0 0.3739055833695221
3892.0 0.3741199403631053
3893.0 0.3743362112584169
3894.0 0.37455535300632103
3895.0 0.3747773656068179
3896.0 0.37500033515817893
3897.0 0.37522617556213267
3898.0 0.3754539298678148
3899.0 0.3756845550260895
3900.0 0.37591709408609264
3901.0 0.3761525039986884
3902.0 0.37638982781301267
3903.0 0.3766290655290652
3904.0 0.37687117409771054
3905.0 0.37711615351894845
3906.0 0.3773620898910506
3907.0 0.37761185406660946
3908.0 0.37786353214389684
3909.0 0.37811712412291265
3910.0 0.37837358695452106
3911.0 0.3786319636878579
3912.0 0.3788932112737874
3913.0 0.37915637276144526
3914.0 0.3794224051016958
3915.0 0.37969035134367474
3916.0 0.37996116843824634
3917.0 0.38023389943454633
3918.0 0.38050950128343897
3919.0 0.3807879739849242
3920.0 0.38106836058813787
3921.0 0.38135161804394424
3922.0 0.381636789401479
3923.0 0.38192483161160634
3924.0 0.3822147877234621
3925.0 0.3825076146879105
3926.0 0.3828033125049516
3927.0 0.38310092422372105
3928.0 0.38340140679508317
3929.0 0.3837038032681737
3930.0 0.3840090705938568
3931.0 0.38431720877213266
3932.0 0.38462726085213683
3933.0 0.38494018378473366
3934.0 0.385255020619059
3935.0 0.38557272830597683
3936.0 0.38589330684548734
3937.0 0.38621579928672634
3938.0 0.38654116258055793
3939.0 0.3868684397761179
3940.0 0.3871985878242705
3941.0 0.3875316067250158
3942.0 0.3878674964783537
3943.0 0.38820434318255576
3944.0 0.38854501769021477
3945.0 0.38888760609960216
3946.0 0.38923210841071787
3947.0 0.38958043852529056
3948.0 0.3899297255907274
3949.0 0.390282840459621
3950.0 0.39063691227937897
3951.0 0.3909948119025937
3952.0 0.39135462542753685
3953.0 0.3917163528542084
3954.0 0.39208095113347263
3955.0 0.3924474633144653
3956.0 0.39281684634805053
3957.0 0.39318910023422843
3958.0 0.39356231107127054
3959.0 0.39393934971176947
3960.0 0.3943173453031326
3961.0 0.39469916869795263
3962.0 0.39508194904363686
3963.0 0.3954676002419137
3964.0 0.39585516534191895
3965.0 0.39624560129451686
3966.0 0.396636994197979
3967.0 0.39703221490489793
3968.0 0.39742839256268103
3969.0 0.39782744107305684
3970.0 0.39822840348516103
3971.0 0.39863127979899365
3972.0 0.39903607001455477
3973.0 0.3994437310827084
3974.0 0.3998523491017263
3975.0 0.4002638379733368
3976.0 0.40067628379581155
3977.0 0.40109160047087894
3978.0 0.40150883104767476
3979.0 0.40192797552619897
3980.0 0.4023490339064516
3981.0 0.4027710492375684
3982.0 0.4031959354212779
3983.0 0.4036217785558516
3984.0 0.4040495355921537
3985.0 0.40447920653018427
3986.0 0.4049107913699432
3987.0 0.4053433331605663
3988.0 0.40577778885291793
3989.0 0.4062141584469979
3990.0 0.40665148499194215
3991.0 0.40709072543861474
3992.0 0.4075309228361516
3993.0 0.40797303413541686
3994.0 0.4084161023855463
3995.0 0.40886012758654
3996.0 0.4093060666892621
3997.0 0.40975296274284845
3998.0 0.41020081574729894
3999.0 0.41064962570261365
4000.0 0.41110034955965685
4001.0 0.4115510734167
4002.0 0.4120037111754716
4003.0 0.41245634893424316
4004.0 0.41291090059474317
4005.0 0.4133654522552431
4006.0 0.4138209608666074
4007.0 0.4142764694779716
4008.0 0.4147329350402
4009.0 0.4151903575532926
4010.0 0.41564873701724947
4011.0 0.4161071164812063
4012.0 0.4165654959451632
4013.0 0.41702387540912
4014.0 0.41748321182394105
4015.0 0.41794254823876215
4016.0 0.4184018846535832
4017.0 0.41886217801926845
4018.0 0.4193215144340895
4019.0 0.41978085084891054
4020.0 0.4202401872637316
4021.0 0.42069856672768846
4022.0 0.42115790314250945
4023.0 0.42161628260646633
4024.0 0.42207466207042316
4025.0 0.42253208458351577
4026.0 0.4229885501457442
4027.0 0.42344501570797266
4028.0 0.42390052431933684
4029.0 0.42435507597983685
4030.0 0.42480867068947264
4031.0 0.4252613084482442
4032.0 0.4257129892561516
4033.0 0.42616371311319473
4034.0 0.4266134800193737
4035.0 0.4270613330238242
4036.0 0.42750822907741054
4037.0 0.42795321122926844
4038.0 0.4283972364302621
4039.0 0.42883934772952736
4040.0 0.42927954512706423
4041.0 0.42971878557373683
4042.0 0.43015611211868104
4043.0 0.43059248171276104
4044.0 0.43102693740511266
4045.0 0.4314594791957358
4046.0 0.43189106403549476
4047.0 0.43232073497352524
4048.0 0.4327484920098274
4049.0 0.4331752920952653
4050.0 0.43360017827897473
4051.0 0.4340231505609558
4052.0 0.4344451658920726
4053.0 0.43486431037059686
4054.0 0.43528345484912107
4055.0 0.4356997284750526
4056.0 0.4361140881992558
4057.0 0.43652749097259474
4058.0 0.43693802289334105
4059.0 0.43734759786322314
4060.0 0.43775525893137684
4061.0 0.4381610060978021
4062.0 0.43856483936249896
4063.0 0.43896675872546737
4064.0 0.4393677211375716
4065.0 0.43976581269708315
4066.0 0.4401619903548663
4067.0 0.4405572110617853
4068.0 0.44094956091611154
4069.0 0.44133999686870945
4070.0 0.441728518919579
4071.0 0.44211608401958424
4072.0 0.44250077826699685
4073.0 0.4428835586126811
4074.0 0.44326346810577266
4075.0 0.443642420648
4076.0 0.44401945928849895
4077.0 0.4443936270764053
4078.0 0.4447658809625832
4079.0 0.44513622094703265
4080.0 0.44550464702975373
4081.0 0.4458702022598821
4082.0 0.44623480053914627
4083.0 0.4465955710149537
4084.0 0.4469553845398968
4085.0 0.44731232721224734
4086.0 0.4476673559828695
4087.0 0.44802047085176316
4088.0 0.4483707148680642
4089.0 0.44871904498263687
4090.0 0.44906450424461686
4091.0 0.44940804960486846
4092.0 0.4497496810633916
4093.0 0.4500884416693221
4094.0 0.45042433142266003
4095.0 0.45075830727426947
4096.0 0.4510903692241505
4097.0 0.4514186033705747
4098.0 0.45174588056613474
4099.0 0.4520702869091021
4100.0 0.4523918223994769
4101.0 0.45271048703725897
4102.0 0.45302723777331266
4103.0 0.45334207460763787
4104.0 0.4536530836385063
4105.0 0.45396313571851055
4106.0 0.4542693599950579
4107.0 0.4545727134190126
4108.0 0.45487415294123895
4109.0 0.45517367856173685
4110.0 0.45546937637877793
4111.0 0.45576316029409053
4112.0 0.45605407335681053
4113.0 0.4563421155669379
4114.0 0.45662728692447263
4115.0 0.45691054438027895
4116.0 0.45719093098349267
4117.0 0.45746748978324947
4118.0 0.4577421346812779
4119.0 0.45801486567757793
4120.0 0.45828376887042105
4121.0 0.45854980121067157
4122.0 0.45881391964919366
4123.0 0.4590751672351232
4124.0 0.4593325870175958
4125.0 0.45958809289834
4126.0 0.45984072792649155
4127.0 0.46009049210205055
4128.0 0.46033738542501684
4129.0 0.46058140789539054
4130.0 0.4608235164640358
4131.0 0.4610617972292242
4132.0 0.46129720714182
4133.0 0.4615297462018232
4134.0 0.4617603713600979
4135.0 0.4619871687149158
4136.0 0.46221109521714104
4137.0 0.4624321508667737
4138.0 0.4626512926146779
4139.0 0.46286660655912526
4140.0 0.46308000660184423
4141.0 0.4632895788411063
4142.0 0.46349628022777584
4143.0 0.46370106771271685
4144.0 0.46390202739420106
4145.0 0.46410011622309266
4146.0 0.46429533419939156
4147.0 0.4644886382739621
4148.0 0.4646781145450758
4149.0 0.46486567691446107
4150.0 0.4650494114803895
4151.0 0.4652302751937253
4152.0 0.46540922500533266
4153.0 0.46558434701348317
4154.0 0.46575755511990524
4155.0 0.46592693542287056
4156.0 0.4660944018241074
4157.0 0.4662580404218874
4158.0 0.466419765117939
4159.0 0.4665776620105337
4160.0 0.4667336450014
4161.0 0.4668867571396737
4162.0 0.46703699842535473
4163.0 0.46718436885844317
4164.0 0.46732886843893895
4165.0 0.4674704971668421
4166.0 0.4676102119930169
4167.0 0.4677460990157347
4168.0 0.46788007213672417
4169.0 0.46801021745425686
4170.0 0.46813844887006106
4171.0 0.46826380943327267
4172.0 0.4683872560947558
4173.0 0.4685068749527821
4174.0 0.46862457990907996
4175.0 0.46873941401278524
4176.0 0.4688504203130337
4177.0 0.46896046966241794
4178.0 0.46906669120834527
4179.0 0.46917004190168
4180.0 0.4692714786932863
4181.0 0.46937004463230003
4182.0 0.4694657397187211
4183.0 0.46955856395254947
4184.0 0.4696494742846495
4185.0 0.4697365568132927
4186.0 0.46982172544020734
4187.0 0.46990498016539367
4188.0 0.46998440708712313
4189.0 0.4700619201071242
4190.0 0.47013656227453265
4191.0 0.47020833358934844
4192.0 0.4702781910024358
4193.0 0.47034517756293054
4194.0 0.47040929327083264
4195.0 0.47047149507700636
4196.0 0.4705308260305874
4197.0 0.4705872861315758
4198.0 0.4706418323308358
4199.0 0.4706935076775032
4200.0 0.47074326912244213
4201.0 0.47079015971478844
4202.0 0.4708341794545421
4203.0 0.4708762852925674
4204.0 0.470915520278
4205.0 0.47095284136170423
4206.0 0.47098824854368
4207.0 0.47102078487306315
4208.0 0.47105140730071793
4209.0 0.47107915887578
4210.0 0.4711040395982495
4211.0 0.47112796336985474
4212.0 0.4711490162888674
4213.0 0.4711681553061516
4214.0 0.47118442347084316
4215.0 0.4711987777338063
4216.0 0.4712112180950411
4217.0 0.4712217445545474
4218.0 0.47122940016146103
4219.0 0.47123514186664633
4220.0 0.47123896967010315
4221.0 0.4712408835718316
4222.0 0.4712408835718316
4223.0 0.47123896967010315
4224.0 0.4712341849157821
4225.0 0.47122844321059687
4226.0 0.47121983065281897
4227.0 0.47121026114417686
4228.0 0.4711987777338063
4229.0 0.47118442347084316
4230.0 0.4711691122570158
4231.0 0.47115188714146
4232.0 0.4711327481241758
4233.0 0.47111169520516316
4234.0 0.4710887283844221
4235.0 0.47106480461281686
4236.0 0.4710389669394832
4237.0 0.4710112153644211
4238.0 0.4709815498876306
4239.0 0.4709509274599758
4240.0 0.47091839113059264
4241.0 0.47088489785034526
4242.0 0.47084949066836945
4243.0 0.47081216958466526
4244.0 0.47077389155009686
4245.0 0.4707346565646642
4246.0 0.4706935076775032
4247.0 0.4706514018394779
4248.0 0.4706073820997242
4249.0 0.4705624054091063
4250.0 0.47051551481676
4251.0 0.4704676672735495
4252.0 0.47041886277947476
4253.0 0.4703691013345358
4254.0 0.4703183829387327
4255.0 0.4702657506412011
4256.0 0.47021216139280525
4257.0 0.4701576151935453
4258.0 0.47010211204342106
4259.0 0.47004565194243264
4260.0 0.46998823489058
4261.0 0.46992986088786315
4262.0 0.46987052993428213
4263.0 0.46981024202983684
4264.0 0.4697489971745274
4265.0 0.46968679536835367
4266.0 0.46962459356218
4267.0 0.4695604778542779
4268.0 0.4694963621463758
4269.0 0.4694312894876095
4270.0 0.469365259877979
4271.0 0.4692992302683484
4272.0 0.4692312867569895
4273.0 0.4691633432456305
4274.0 0.4690953997342716
4275.0 0.4690264992720484
4276.0 0.4689566418589611
4277.0 0.4688867844458737
4278.0 0.4688159700819221
4279.0 0.46874515571797054
4280.0 0.46867338440315476
4281.0 0.468601613088339
4282.0 0.4685288848226589
4283.0 0.468456156556979
4284.0 0.468383428291299
4285.0 0.46830974307475476
4286.0 0.46823605785821054
4287.0 0.4681623726416663
4288.0 0.4680877304742579
4289.0 0.46801308830684946
4290.0 0.4679384461394411
4291.0 0.46786380397203264
4292.0 0.4677891618046242
4293.0 0.4677135626863516
4294.0 0.46763796356807896
4295.0 0.46756332140067053
4296.0 0.46748772228239793
4297.0 0.4674121231641253
4298.0 0.46733652404585263
4299.0 0.46726092492758003
4300.0 0.4671853258093074
4301.0 0.46710972669103473
4302.0 0.4670341275727621
4303.0 0.4669585284544895
4304.0 0.46688292933621683
4305.0 0.46680828716880846
4306.0 0.4667326880505358
4307.0 0.46665804588312737
4308.0 0.46658340371571894
4309.0 0.4665078045974463
4310.0 0.4664341193809021
4311.0 0.4663594772134937
4312.0 0.46628483504608526
4313.0 0.46621114982954104
4314.0 0.4661374646129969
4315.0 0.4660647363473168
4316.0 0.46599105113077266
4317.0 0.4659183228650926
4318.0 0.46584559459941266
4319.0 0.4657738232845969
4320.0 0.46570205196978104
4321.0 0.46563028065496526
4322.0 0.4655594662910137
4323.0 0.4654886519270621
4324.0 0.4654178375631105
4325.0 0.46534798015002315
4326.0 0.4652781227369358
4327.0 0.4652092222747126
4328.0 0.4651403218124895
4329.0 0.46507142135026636
4330.0 0.4650034778389074
4331.0 0.46493649127841263
4332.0 0.4648695047179179
4333.0 0.46480251815742313
4334.0 0.46473648854779265
4335.0 0.4646704589381621
4336.0 0.4646053862793958
4337.0 0.4645403136206295
4338.0 0.4644761979127274
4339.0 0.4644130391556895
4340.0 0.4643489234477874
4341.0 0.4642867216416137
4342.0 0.46422451983544
4343.0 0.46416231802926633
4344.0 0.4641010731739568
4345.0 0.4640407852695116
4346.0 0.4639804973650663
4347.0 0.46392020946062107
4348.0 0.4638618354579042
4349.0 0.4638025045043232
4350.0 0.46374508745247056
4351.0 0.46368671344975365
4352.0 0.46362929639790107
4353.0 0.46357283629691265
4354.0 0.46351637619592423
4355.0 0.4634618299966642
4356.0 0.46340632684654
4357.0 0.46335178064728
4358.0 0.46329723444802
4359.0 0.4632436451996242
4360.0 0.46319101290209264
4361.0 0.46313838060456103
4362.0 0.4630857483070295
4363.0 0.4630350299112263
4364.0 0.46298335456455897
4365.0 0.4629326361687558
4366.0 0.4628828747238169
4367.0 0.4628331132788779
4368.0 0.4627833518339389
4369.0 0.46273454733986424
4370.0 0.4626866997966537
4371.0 0.4626388522534432
4372.0 0.4625910047102327
4373.0 0.4625441141178863
4374.0 0.46249722352554
4375.0 0.46245128988405787
4376.0 0.4624053562425758
4377.0 0.46236037955195786
4378.0 0.46231540286134004
4379.0 0.4622704261707221
4380.0 0.4622264064309684
4381.0 0.46218238669121475
4382.0 0.4621383669514611
4383.0 0.4620953041625716
4384.0 0.4620522413736821
4385.0 0.46201013553565684
4386.0 0.4619680296976316
4387.0 0.46192592385960635
4388.0 0.461883818021581
4389.0 0.46184266913442
4390.0 0.46180152024725896
4391.0 0.4617613283109621
4392.0 0.46172017942380106
4393.0 0.4616799874875042
4394.0 0.4616397955512074
4395.0 0.46159960361491054
4396.0 0.46156036862947786
4397.0 0.4615211336440453
4398.0 0.46148189865861267
4399.0 0.46144266367318
4400.0 0.46140342868774736
4401.0 0.46136419370231474
4402.0 0.4613259156677463
4403.0 0.46128763763317787
4404.0 0.46124840264774525
4405.0 0.46121012461317684
4406.0 0.46117184657860844
4407.0 0.46113356854404
4408.0 0.46109624746033584
4409.0 0.4610579694257674
4410.0 0.46101969139119897
4411.0 0.46098141335663056
4412.0 0.46094313532206216
4413.0 0.4609058142383579
4414.0 0.46086753620378945
4415.0 0.46082925816922105
4416.0 0.46079098013465264
4417.0 0.4607536590509484
4418.0 0.46071538101638
4419.0 0.4606771029818116
4420.0 0.46063786799637896
4421.0 0.46059958996181055
4422.0 0.4605613119272421
4423.0 0.4605230338926737
4424.0 0.46048379890724106
4425.0 0.46044552087267265
4426.0 0.46040628588724
4427.0 0.46036705090180735
4428.0 0.4603278159163748
4429.0 0.4602885809309421
4430.0 0.46024838899464526
4431.0 0.46020915400921264
4432.0 0.4601689620729158
4433.0 0.46012781318575474
4434.0 0.4600876212494579
4435.0 0.46004742931316106
4436.0 0.460006280426
4437.0 0.45996513153883894
4438.0 0.4599230257008137
4439.0 0.4598818768136526
4440.0 0.4598397709756274
4441.0 0.4597976651376021
4442.0 0.4597546023487126
4443.0 0.45971153955982313
4444.0 0.4596684767709337
4445.0 0.4596254139820442
4446.0 0.45958139424229055
4447.0 0.4595373745025369
4448.0 0.45949335476278313
4449.0 0.45944837807216526
4450.0 0.4594034013815474
4451.0 0.45935746774006525
4452.0 0.45931153409858316
4453.0 0.4592656004571011
4454.0 0.459219666815619
4455.0 0.4591727762232726
4456.0 0.4591258856309263
4457.0 0.4590780380877158
4458.0 0.4590301905445053
4459.0 0.45898138605043054
4460.0 0.45893353850721996
4461.0 0.4588847340131453
4462.0 0.4588349725682063
4463.0 0.45878521112326737
4464.0 0.45873544967832847
4465.0 0.4586847312825253
4466.0 0.4586340128867221
4467.0 0.4585823375400548
4468.0 0.45853066219338734
4469.0 0.45847898684672
4470.0 0.45842635454918845
4471.0 0.45837372225165685
4472.0 0.458320133003261
4473.0 0.45826654375486525
4474.0 0.45821199755560527
4475.0 0.4581574513563453
4476.0 0.4581019482062211
4477.0 0.4580464450560969
4478.0 0.45799094190597267
4479.0 0.45793352485412003
4480.0 0.45787706475313156
4481.0 0.4578196477012789
4482.0 0.4577612736985621
4483.0 0.45770289969584527
4484.0 0.45764356874226425
4485.0 0.4575842377886832
4486.0 0.4575239498842379
4487.0 0.45746270502892844
4488.0 0.457401460173619
4489.0 0.45733925836744527
4490.0 0.4572780135121358
4491.0 0.45721485475509793
4492.0 0.4571507390471958
4493.0 0.45708758029015795
4494.0 0.4570225076313916
4495.0 0.45695743497262525
4496.0 0.45689236231385894
4497.0 0.4568263327042284
4498.0 0.45675934614373365
4499.0 0.45669235958323895
4500.0 0.45662441607188
4501.0 0.45667825219129116
4502.0 0.45673109460349637
4503.0 0.45688223954528845
4504.0 0.457111323956409
4505.0 0.45733715010661996
4506.0 0.4575353485186683
4507.0 0.45773442223940475
4508.0 0.45800353795773735
4509.0 0.4583080250421612
4510.0 0.45860557246142375
4511.0 0.45887921232382517
4512.0 0.4591517757047625
4513.0 0.45944728660894923
4514.0 0.4597491795055376
4515.0 0.46007975122117584
4516.0 0.4604669973653145
4517.0 0.46085408733922356
4518.0 0.4610896437622859
4519.0 0.46130838412222414
4520.0 0.4615941181713088
4521.0 0.4619596151909988
4522.0 0.46232504790730417
4523.0 0.46279539928028135
4524.0 0.46326458355305367
4525.0 0.46350826591752875
4526.0 0.4635809189822523
4527.0 0.46367494971687895
4528.0 0.4639123298843329
4529.0 0.46414764057241065
4530.0 0.4643643523451255
4531.0 0.4645708206812313
4532.0 0.4646393966489153
4533.0 0.4642706971083837
4534.0 0.46390210236410334
4535.0 0.46384389285863786
4536.0 0.4638634723503023
4537.0 0.46394070865770043
4538.0 0.4641240354388917
4539.0 0.46430627961266335
4540.0 0.4642984800557326
4541.0 0.46427079152756684
4542.0 0.46413731121539437
4543.0 0.4638836209180916
4544.0 0.46362683232582746
4545.0 0.4632669172484707
4546.0 0.46290808573826914
4547.0 0.4626151772774855
4548.0 0.4623707081533698
4549.0 0.4621142855642722
4550.0 0.4617901433487481
4551.0 0.4614660934761719
4552.0 0.4609544338304035
4553.0 0.4603629328809901
4554.0 0.45979155089646573
4555.0 0.4592801047353706
4556.0 0.4587678559380274
4557.0 0.4581805445508376
4558.0 0.4575757903879705
4559.0 0.45698966237649996
4560.0 0.4564341221382907
4561.0 0.45587877163698237
4562.0 0.4553531280625802
4563.0 0.4548302282730653
4564.0 0.4542535289726455
4565.0 0.45361961147806473
4566.0 0.45298500030347744
4567.0 0.4523036105533898
4568.0 0.45162342545418305
4569.0 0.45103785511310135
4570.0 0.4505169861224413
4571.0 0.4500131217085832
4572.0 0.44961017507522427
4573.0 0.4492073581079652
4574.0 0.448785585924361
4575.0 0.44835615784186134
4576.0 0.4478800168522263
4577.0 0.4472773842013768
4578.0 0.4466749655605989
4579.0 0.4462426554251077
4580.0 0.44584777381085
4581.0 0.4454555791836055
4582.0 0.4450686338183464
4583.0 0.4446808644985424
4584.0 0.44427217788710976
4585.0 0.4438612746997137
4586.0 0.4434662938601236
4587.0 0.44308688587613276
4588.0 0.4427055707631128
4589.0 0.44228681578256596
4590.0 0.4418672541118784
4591.0 0.44152290910203595
4592.0 0.4412270000778313
4593.0 0.4409243561256903
4594.0 0.4405940447338242
4595.0 0.44026383166616856
4596.0 0.4399201627112286
4597.0 0.4395722660920992
4598.0 0.43923430777507644
4599.0 0.4389226685258735
4600.0 0.4386111190082272
4601.0 0.43826385751711916
4602.0 0.4379098821360608
4603.0 0.43752892695420686
4604.0 0.4371052026610121
4605.0 0.43668161120562515
4606.0 0.43641052889710846
4607.0 0.4361484706926025
4608.0 0.4359130156722432
4609.0 0.4357040403958751
4610.0 0.4354900802619591
4611.0 0.4351973347579451
4612.0 0.4349056009773375
4613.0 0.4345209069838382
4614.0 0.43407874307808997
4615.0 0.4336506635531738
4616.0 0.43328201349130296
4617.0 0.43291347074521574
4618.0 0.43260966917185517
4619.0 0.43232707625098077
4620.0 0.43202533675264004
4621.0 0.43167528583980996
4622.0 0.43132533301917947
4623.0 0.4310007106231402
4624.0 0.4306813895395641
4625.0 0.43037783371760086
4626.0 0.4300969173795183
4627.0 0.4298169961310265
4628.0 0.4294500956692258
4629.0 0.4290815135561463
4630.0 0.4286849838353729
4631.0 0.42826444921037204
4632.0 0.4278522483137602
4633.0 0.42752405444969416
4634.0 0.4271968648998618
4635.0 0.4268148977287695
4636.0 0.42640173501976303
4637.0 0.4259880731287801
4638.0 0.4255680111358629
4639.0 0.42514806250797593
4640.0 0.42473316560740293
4641.0 0.424319720551514
4642.0 0.4239160277272382
4643.0 0.4235327800629724
4644.0 0.4231496308383192
4645.0 0.4228221676049514
4646.0 0.4225036842967853
4647.0 0.4221245904091382
4648.0 0.42166270643115034
4649.0 0.42120185013546185
4650.0 0.42081108177691
4651.0 0.4204218387446825
4652.0 0.4199819773236374
4653.0 0.419496456383566
4654.0 0.419006152612824
4655.0 0.4184572293103473
4656.0 0.41790934854034306
4657.0 0.4174191164445814
4658.0 0.4169608689292687
4659.0 0.4165030181855446
4660.0 0.4160518096587731
4661.0 0.415599812840425
4662.0 0.4150419818753179
4663.0 0.4144514494595509
4664.0 0.41386303193931806
4665.0 0.41328173734686297
4666.0 0.41270147700800297
4667.0 0.41222346930544834
4668.0 0.41175949734524714
4669.0 0.4112761342339995
4670.0 0.41076792730198763
4671.0 0.4102598400661443
4672.0 0.40963842628599006
4673.0 0.40901601634938795
4674.0 0.4082948757478236
4675.0 0.40749229430736456
4676.0 0.40671377948216647
4677.0 0.40615027394064707
4678.0 0.40558777837922216
4679.0 0.40504739834296005
4680.0 0.40451846729795193
4681.0 0.40394662620577837
4682.0 0.40322236978998544
4683.0 0.4024991564629555
4684.0 0.40179481788206944
4685.0 0.40109736111011146
4686.0 0.400398713882329
4687.0 0.3996974829224231
4688.0 0.3989964154988968
4689.0 0.39815431771523047
4690.0 0.39729497021072513
4691.0 0.3964527807704001
4692.0 0.39563151023074533
4693.0 0.3948112893418106
4694.0 0.3939527420940007
4695.0 0.3930952504603493
4696.0 0.39220996277475373
4697.0 0.3913035594024038
4698.0 0.39040289912166404
4699.0 0.38953592637671747
4700.0 0.3886691594133288
4701.0 0.38772623394253614
4702.0 0.3867467651263773
4703.0 0.38579793868698337
4704.0 0.38495394228160673
4705.0 0.3841101461403716
4706.0 0.383174440011792
4707.0 0.38221447542290266
4708.0 0.3812322539020335
4709.0 0.38020905933471477
4710.0 0.3791861104397826
4711.0 0.3782304771328312
4712.0 0.37728261885389225
4713.0 0.3762949298410242
4714.0 0.37526045921140816
4715.0 0.3742236772239911
4716.0 0.37306151620764616
4717.0 0.37189883246752015
4718.0 0.3707702461098649
4719.0 0.36966824543944327
4720.0 0.3685540207263373
4721.0 0.3673618310322779
4722.0 0.366169143394554
4723.0 0.36498375251503534
4724.0 0.3638006517442967
4725.0 0.3626033178978087
4726.0 0.3613602699719325
4727.0 0.36011753934426677
4728.0 0.35885102649814016
4729.0 0.3575790136855456
4730.0 0.35632446262944034
4731.0 0.35510068900423186
4732.0 0.3538772328973391
4733.0 0.352610215895279
4734.0 0.351339270314373
4735.0 0.3500261696073997
4736.0 0.3486655076662624
4737.0 0.3473082748824291
4738.0 0.3460498546244649
4739.0 0.3447925238100233
4740.0 0.3434689320671004
4741.0 0.34210196488713734
4742.0 0.34072966798458243
4743.0 0.3393326542263743
4744.0 0.33793527994173533
4745.0 0.33640310890220076
4746.0 0.3348134330907174
4747.0 0.3332457859531676
4748.0 0.3317392890047566
4749.0 0.3302339334360028
4750.0 0.3289527243274071
4751.0 0.3277245120995219
4752.0 0.3263758246217278
4753.0 0.3248191894148915
4754.0 0.3232637023017506
4755.0 0.321753329834752
4756.0 0.3202467421091238
4757.0 0.3188133052465082
4758.0 0.31746050219092414
4759.0 0.31610191343981847
4760.0 0.31461240964407605
4761.0 0.3131240136846154
4762.0 0.31156783188128556
4763.0 0.3099670855887511
4764.0 0.30839535193067213
4765.0 0.306973966562419
4766.0 0.30555365361378817
4767.0 0.3042266801977279
4768.0 0.30293831146860783
4769.0 0.3015898029440698
4770.0 0.30007566544031866
4771.0 0.2985626133292507
4772.0 0.2970294894435158
4773.0 0.29549195145423524
4774.0 0.29407552430407563
4775.0 0.29285530137193233
4776.0 0.2916354191621979
4777.0 0.29024527110921106
4778.0 0.28884457855843865
4779.0 0.2874719330427494
4780.0 0.2861292137725262
4781.0 0.28478909654652934
4782.0 0.2835037035589585
4783.0 0.2822192848713334
4784.0 0.28090553708369925
4785.0 0.2795721617633195
4786.0 0.2782435423145361
4787.0 0.2769343480265506
4788.0 0.2756248946294805
4789.0 0.27431268040209644
4790.0 0.27299943945972416
4791.0 0.2717132055321518
4792.0 0.2704943159264666
4793.0 0.2692763349361762
4794.0 0.26822415627872326
4795.0 0.26720505457127924
4796.0 0.2661984087076634
4797.0 0.26521177811245916
4798.0 0.26422539450740223
4799.0 0.2631339396815683
4800.0 0.262037181852847
4801.0 0.2609288294798892
4802.0 0.259808796383953
4803.0 0.2587066214101897
4804.0 0.25783888793529786
4805.0 0.256971360450806
4806.0 0.2560921296634516
4807.0 0.2552054604183186
4808.0 0.2543047492974669
4809.0 0.2533399020719701
4810.0 0.2523752770830772
4811.0 0.25147120844212095
4812.0 0.25058834545697534
4813.0 0.24969610020841243
4814.0 0.248780415180505
4815.0 0.2478649333926818
4816.0 0.24691948234343625
4817.0 0.24596935960202015
4818.0 0.2450804479835638
4819.0 0.24427950825220301
4820.0 0.24347927584962734
4821.0 0.24283749609536698
4822.0 0.2422012782539505
4823.0 0.24157061248354866
4824.0 0.24094458575628908
4825.0 0.24031260955289777
4826.0 0.23961144323709455
4827.0 0.2389104142655433
4828.0 0.23830985734919657
4829.0 0.23776555204821564
4830.0 0.23722282966063377
4831.0 0.23668480588891638
4832.0 0.2361468799590799
4833.0 0.2355734123034486
4834.0 0.23498868927371994
4835.0 0.23439824206486176
4836.0 0.23379377407266488
4837.0 0.23318941167863885
4838.0 0.23261369876744967
4839.0 0.2320416804201991
4840.0 0.23141173214326755
4841.0 0.23069983853692186
4842.0 0.22998908028010687
4843.0 0.22935489478988663
4844.0 0.22872237018009983
4845.0 0.2280298057054787
4846.0 0.2272856927458172
4847.0 0.2265539735435335
4848.0 0.22594193959965353
4849.0 0.22532999507929394
4850.0 0.2248746966140546
4851.0 0.22450348829902977
4852.0 0.2240348710753498
4853.0 0.22320069577266177
4854.0 0.22236614104102048
4855.0 0.22145938105127905
4856.0 0.22052910563411093
4857.0 0.21973556031875163
4858.0 0.2192318368820057
4859.0 0.218728176253705
4860.0 0.21821471699803183
4861.0 0.21770039076116904
4862.0 0.21716794434997916
4863.0 0.21661351609793697
4864.0 0.21605963056033695
4865.0 0.2154372512458931
4866.0 0.2148147249914793
4867.0 0.21412601298424097
4868.0 0.2133831716095459
4869.0 0.2126738660540363
4870.0 0.21223149377288095
4871.0 0.2117896360459807
4872.0 0.21120512481125572
4873.0 0.21054763101255952
4874.0 0.20984765561991647
4875.0 0.20899949061216844
4876.0 0.20815094273922355
4877.0 0.20758945350509442
4878.0 0.207108824597083
4879.0 0.20665276659077833
4880.0 0.20624515788466086
4881.0 0.2058384977969673
4882.0 0.20509919710485333
4883.0 0.20431935459096565
4884.0 0.2035830793714174
4885.0 0.2028995833745329
4886.0 0.2022199295981052
4887.0 0.20182565541320283
4888.0 0.2014318598728887
4889.0 0.2009556586584756
4890.0 0.20041472587648163
4891.0 0.19984796146821138
4892.0 0.1990915056040276
4893.0 0.19833510943427354
4894.0 0.19759073632611993
4895.0 0.19685248770667216
4896.0 0.19612779793075055
4897.0 0.1954498265600994
4898.0 0.1947719086467149
4899.0 0.19404966499437126
4900.0 0.1933151359195294
4901.0 0.1926039064703598
4902.0 0.19193589447950105
4903.0 0.19126793517293705
4904.0 0.19064202208935047
4905.0 0.1900204029182151
4906.0 0.18939011307711298
4907.0 0.18874872283721475
4908.0 0.1881039481039623
4909.0 0.18729036432052915
4910.0 0.18647726535999193
4911.0 0.18569474209442316
4912.0 0.18493467647644415
4913.0 0.1841936392112076
4914.0 0.1835822943970334
4915.0 0.18297059998218543
4916.0 0.18225330663917946
4917.0 0.18148861531251959
4918.0 0.18070261138208843
4919.0 0.17985373328456625
4920.0 0.1790045438112525
4921.0 0.17818155629832683
4922.0 0.17736528553105693
4923.0 0.17654356700950527
4924.0 0.17571279501170495
4925.0 0.17488172967252716
4926.0 0.17395871165973542
4927.0 0.17302783662970084
4928.0 0.17203870679482888
4929.0 0.17098393772847378
4930.0 0.16993722766839905
4931.0 0.16915854305081335
4932.0 0.16837959357535362
4933.0 0.16753703400546274
4934.0 0.16664994767942934
4935.0 0.16574436605545506
4936.0 0.1647347304147413
4937.0 0.16372525843086963
4938.0 0.1628068791221279
4939.0 0.1619279323518867
4940.0 0.16098600679034564
4941.0 0.15986489604982557
4942.0 0.15874399170237882
4943.0 0.15767446774286464
4944.0 0.15661618780815087
4945.0 0.15560759586996256
4946.0 0.15468462839252123
4947.0 0.15376116679884394
4948.0 0.15272258205008124
4949.0 0.15167452918163438
4950.0 0.15052073175143513
4951.0 0.14925590546059506
4952.0 0.14800196952739894
4953.0 0.14700202901176557
4954.0 0.14600135862457791
4955.0 0.14495853315037924
4956.0 0.14388706464724632
4957.0 0.14279795429880468
4958.0 0.14161805975065084
4959.0 0.14043787029316185
4960.0 0.13946546620122285
4961.0 0.13857381885115122
4962.0 0.1376174081566105
4963.0 0.13648768989117058
4964.0 0.13535802535754782
4965.0 0.13417667474024203
4966.0 0.1329849455715787
4967.0 0.1317834631626642
4968.0 0.13056638804530873
4969.0 0.12934887340068082
4970.0 0.1282674027584752
4971.0 0.12719471659746218
4972.0 0.12598654058051023
4973.0 0.12464269120360615
4974.0 0.12329723933628961
4975.0 0.1219181047355746
4976.0 0.12053899386501286
4977.0 0.11930676886456652
4978.0 0.11816796287630169
4979.0 0.11700250653993284
4980.0 0.11570582931976066
4981.0 0.11440921961862308
4982.0 0.11329847899779291
4983.0 0.11225644846026384
4984.0 0.11117311349378108
4985.0 0.10998897038666391
4986.0 0.10880467121275982
4987.0 0.1076294129883813
4988.0 0.10645621316574261
4989.0 0.10523720769786074
4990.0 0.10395008047265387
4991.0 0.1026629454226941
4992.0 0.10135947401336823
4993.0 0.1000558075543155
4994.0 0.09880229112640303
4995.0 0.09759737993882889
4996.0 0.0963971113884135
4997.0 0.09525843476965017
4998.0 0.09411979656419371
4999.0 0.09287587018680947
5000.0 0.09156998739558495
5001.0 0.09022795906911728
5002.0 0.08871878069144355
5003.0 0.08721018148368234
5004.0 0.08606085656861738
5005.0 0.08503781092823282
5006.0 0.08399054050197638
5007.0 0.08288703234839878
5008.0 0.08178390572078921
5009.0 0.08059591738785715
5010.0 0.07939470640272021
5011.0 0.07819464790151691
5012.0 0.07699647905950581
5013.0 0.0757988334347816
5014.0 0.07470443464123885
5015.0 0.07361385348363264
5016.0 0.07243449159528786
5017.0 0.0711765694762006
5018.0 0.06992134082772687
5019.0 0.06869062461878792
5020.0 0.06746040305071634
5021.0 0.06628560405680567
5022.0 0.06514214217300726
5023.0 0.06400781867536436
5024.0 0.06290772417261481
5025.0 0.06180824016358315
5026.0 0.060619758469232725
5027.0 0.05940221563814761
5028.0 0.05823032634716861
5029.0 0.057159200329456254
5030.0 0.05608872246746777
5031.0 0.055156975348683246
5032.0 0.05424662771166494
5033.0 0.05325142365978423
5034.0 0.05214381938018541
5035.0 0.05103695007200721
5036.0 0.04989731551497074
5037.0 0.04875788931045984
5038.0 0.04781050554303429
5039.0 0.04702649789532046
5040.0 0.04624598011175971
5041.0 0.045491132135343094
5042.0 0.044736862159713855
5043.0 0.04378252523228498
5044.0 0.04272081770298205
5045.0 0.04166571989980278
5046.0 0.0406326687492978
5047.0 0.03960048751031272
5048.0 0.038634846000932414
5049.0 0.03768959864956804
5050.0 0.036782853421452225
5051.0 0.03595703431368369
5052.0 0.03513191358230725
5053.0 0.034376086751621716
5054.0 0.033630314157854745
5055.0 0.03282646717069723
5056.0 0.0319486341970479
5057.0 0.031071717457199954
5058.0 0.030124426349652515
5059.0 0.029177982515273492
5060.0 0.028310262974620175
5061.0 0.027506892690598684
5062.0 0.026729181046248295
5063.0 0.026153420980289402
5064.0 0.02557815775712724
5065.0 0.024895633264389355
5066.0 0.024160608089372454
5067.0 0.023447703882650356
5068.0 0.022811145437743128
5069.0 0.022175154757030677
5070.0 0.021554075829384244
5071.0 0.020937681643546372
5072.0 0.020329471270472695
5073.0 0.019736706623435196
5074.0 0.01914452065041875
5075.0 0.018598449661364588
5076.0 0.018058537363472467
5077.0 0.01748229764336227
5078.0 0.01686154707511445
5079.0 0.01624286377568721
5080.0 0.015769324790778513
5081.0 0.015296283171965417
5082.0 0.014862418494091001
5083.0 0.01445816853109647
5084.0 0.01405070641868808
5085.0 0.013616977514350741
5086.0 0.013183669038891748
5087.0 0.012544359688461303
5088.0 0.011808565586344126
5089.0 0.011182184594893108
5090.0 0.010900391936828235
5091.0 0.010618843426505258
5092.0 0.010436195259292657
5093.0 0.010279887657896336
5094.0 0.010104158954642612
5095.0 0.009892183096787554
5096.0 0.009680407377086074
5097.0 0.00938626425782904
5098.0 0.009084256861135133
5099.0 0.008704403043615737
5100.0 0.008233252957789925
5101.0 0.007766480278740317
5102.0 0.007492723816745668
5103.0 0.007219241137751815
5104.0 0.007111081104526557
5105.0 0.007122511824188354
5106.0 0.0070931956547936
5107.0 0.006813701269797045
5108.0 0.00653448160220386
5109.0 0.006214267287010425
5110.0 0.005875838289142549
5111.0 0.0055685021260012315
5112.0 0.005353707731860804
5113.0 0.005139122198949081
5114.0 0.0049548130212959335
5115.0 0.004777720911693457
5116.0 0.004606659006132537
5117.0 0.004446172760946234
5118.0 0.004285830663528696
5119.0 0.004071720068047886
5120.0 0.0038531350972853557
5121.0 0.0037442456419460673
5122.0 0.0037540517964677698
5123.0 0.0037619890514581666
5124.0 0.0037098503696890023
5125.0 0.003657774426475575
5126.0 0.003571667182458832
5127.0 0.003461980270772178
5128.0 0.0033392734666421496
5129.0 0.0031423369328298693
5130.0 0.002945580673298348
5131.0 0.0030799871715170664
5132.0 0.0033494155426598295
5133.0 0.003542284530758752
5134.0 0.003517855108786018
5135.0 0.003493454134183947
5136.0 0.003273515004579316
5137.0 0.0030108481574741925
5138.0 0.002834767453368392
5139.0 0.002799672675991561
5140.0 0.0027646072396673616
5141.0 0.0028330614816444635
5142.0 0.0029092556227957845
5143.0 0.0028836094210664565
5144.0 0.002752116812922342
5145.0 0.0026222574295578713
5146.0 0.0025213912309894394
5147.0 0.0024206170333978495
5148.0 0.002425069402347412
5149.0 0.002499590329623193
5150.0 0.0025710306074613236
5151.0 0.0026265832296343623
5152.0 0.002682087055079187
5153.0 0.002721776839191692
5154.0 0.002755303129690573
5155.0 0.002815094863073643
5156.0 0.00294242147579997
5157.0 0.003069637146210507
5158.0 0.003081899314683822
5159.0 0.003070637935370497
5160.0 0.003028900879961427
5161.0 0.002939538868395193
5162.0 0.002850246129059917
5163.0 0.002896398230185225
5164.0 0.002949637753863139
5165.0 0.00306863210895298
5166.0 0.0032533022898629266
5167.0 0.003425005553801277
5168.0 0.0033961754072452974
5169.0 0.0033673609462268675
5170.0 0.0033574011878143026
5171.0 0.003358998337519961
5172.0 0.003361605173911002
5173.0 0.003369188845828882
5174.0 0.0033767645000107836
5175.0 0.0034374683503125337
5176.0 0.0035177557180919813
5177.0 0.0036236272218294215
5178.0 0.0037921515113714375
5179.0 0.003960532193577483
5180.0 0.0040100575577263035
5181.0 0.004038600314294706
5182.0 0.004108458766050256
5183.0 0.004240243181427891
5184.0 0.004371905639568252
5185.0 0.004387251640960412
5186.0 0.004397731833860909
5187.0 0.0043501451719730085
5188.0 0.004249025042205875
5189.0 0.004161577072422346
5190.0 0.004254541605500373
5191.0 0.004347407228638675
5192.0 0.004284497943648555
5193.0 0.004130253674543877
5194.0 0.0040397463522226324
5195.0 0.004220338965737193
5196.0 0.004400758748767543
5197.0 0.004570106825423458
5198.0 0.004735467990038834
5199.0 0.004881577524868163
5200.0 0.004982994476037077
5201.0 0.0050843239025435225
5202.0 0.005153239830154316
5203.0 0.005216845666839962
5204.0 0.0052809719779157984
5205.0 0.005345844829202537
5206.0 0.005410651836110327
5207.0 0.005319858033765516
5208.0 0.0052243561096272225
5209.0 0.005189654913394715
5210.0 0.0052088183986492426
5211.0 0.005229843755379768
5212.0 0.005269879103000819
5213.0 0.005309859136596187
5214.0 0.005213129812750414
5215.0 0.005039644747737768
5216.0 0.004924773479378346
5217.0 0.005043608061880932
5218.0 0.005162321118464622
5219.0 0.00515385628046524
5220.0 0.005105311325131339
5221.0 0.00501793230575627
5222.0 0.004844170693683253
5223.0 0.004670593531334041
5224.0 0.00473222457071005
5225.0 0.0048288952409729245
5226.0 0.004892866901508469
5227.0 0.004913580789369311
5228.0 0.004934283517254391
5229.0 0.0048842331356210335
5230.0 0.004833529031242095
5231.0 0.004813098235256245
5232.0 0.004818419536410686
5233.0 0.0048340205591746515
5234.0 0.004942024008730451
5235.0 0.005049941130399105
5236.0 0.005093527626765451
5237.0 0.005104020684281246
5238.0 0.005098710817068077
5239.0 0.0050339852054294846
5240.0 0.004969334116792515
5241.0 0.0049309440511032835
5242.0 0.004900423864663636
5243.0 0.004880374321260626
5244.0 0.004881471922485043
5245.0 0.0048825906324479855
5246.0 0.004834314300126543
5247.0 0.004779348926871021
5248.0 0.0047251675462151805
5249.0 0.004671938096421318
5250.0 0.004618780982052614
5251.0 0.004564409959149723
5252.0 0.004510099802453806
5253.0 0.004487127355129247
5254.0 0.004488760601616823
5255.0 0.0044759559174621846
5256.0 0.004346357347050645
5257.0 0.004216886169855628
5258.0 0.004244915918027656
5259.0 0.004350402529817096
5260.0 0.004451110969951538
5261.0 0.004536057292898493
5262.0 0.004620939150682081
5263.0 0.004497317339580633
5264.0 0.004315038474237953
5265.0 0.004122700138238125
5266.0 0.0039106841922122125
5267.0 0.00369886217916252
5268.0 0.0037204419790399512
5269.0 0.003767923972951538
5270.0 0.0038418535188960105
5271.0 0.003948079626536516
5272.0 0.004052658608150456
5273.0 0.0039994643656468066
5274.0 0.003946329421241051
5275.0 0.0038542779412167627
5276.0 0.003732930585102511
5277.0 0.003617724764437893
5278.0 0.0035429294435477742
5279.0 0.003468221281146918
5280.0 0.003406939327944764
5281.0 0.0033520207715181396
5282.0 0.0033241802124534875
5283.0 0.0033819279628624624
5284.0 0.003439664522364793
5285.0 0.0033028448762399396
5286.0 0.0031175099646862416
5287.0 0.0029045640894517963
5288.0 0.002640268676545744
5289.0 0.0023761411727243682
5290.0 0.002363404345485744
5291.0 0.0023755324013545924
5292.0 0.0023893335266963957
5293.0 0.0024050256419368165
5294.0 0.0024177297823872435
5295.0 0.002283554416828509
5296.0 0.0021494579180820783
5297.0 0.002095775631737454
5298.0 0.0021002961283067955
5299.0 0.0020987008448936917
5300.0 0.002059474464064844
5301.0 0.002020278778716513
5302.0 0.00202655401235365
5303.0 0.002052308665002088
5304.0 0.002066141011870397
5305.0 0.0020441867326330557
5306.0 0.0020222548142062235
5307.0 0.001927695783369887
5308.0 0.0018161340164985834
5309.0 0.001714191254554105
5310.0 0.001628581470287159
5311.0 0.0015430037773200025
5312.0 0.0013309957981034934
5313.0 0.0011080487946695681
5314.0 0.0009514037615892406
5315.0 0.0008665656383461148
5316.0 0.0007838272998079681
5317.0 0.0007510774051629181
5318.0 0.0007183374250109207
5319.0 0.000645238862528608
5320.0 0.0005441012990527698
5321.0 0.00047364674240003444
5322.0 0.0005770027233514312
5323.0 0.0006803575731346574
5324.0 0.0005892509935453225
5325.0 0.00041872218267224035
5326.0 0.00024660562959192954
5327.0 7.018306425217501e-05
5328.0 -0.0001062418628905269
5329.0 -0.00010340298935887831
5330.0 -6.121234407498432e-05
5331.0 -1.627126388196416e-05
5332.0 3.315683222379147e-05
5333.0 8.258891276940905e-05
5334.0 -6.226122091998018e-05
5335.0 -0.00021952856280841609
5336.0 -0.0003790319257774493
5337.0 -0.0005408646635326471
5338.0 -0.0006970315753704885
5339.0 -0.0007451038025045565
5340.0 -0.0007931854757613855
5341.0 -0.0008194791181979082
5342.0 -0.0008318391705031746
5343.0 -0.0008681209705718753
5344.0 -0.0010299816778547388
5345.0 -0.0011918778736433834
5346.0 -0.001250561980762749
5347.0 -0.0012691028233131952
5348.0 -0.001286815667526605
5349.0 -0.0013023789078778875
5350.0 -0.001317952636938333
5351.0 -0.0014185255537600366
5352.0 -0.0015353192012926833
5353.0 -0.0016040222005191626
5354.0 -0.001597457961309441
5355.0 -0.0015909000061505908
5356.0 -0.0015921823385401106
5357.0 -0.0015938818715268944
5358.0 -0.0016719850267958279
5359.0 -0.0018235219827411238
5360.0 -0.0019765161934032494
5361.0 -0.0021515159564036235
5362.0 -0.0023265763263295193
5363.0 -0.0023948591111357226
5364.0 -0.0023976709566599997
5365.0 -0.0023830423368176442
5366.0 -0.0022888789896951403
5367.0 -0.0021946958799040047
5368.0 -0.0021822547697292007
5369.0 -0.0022000596091317536
5370.0 -0.0022168367821058612
5371.0 -0.002231074804332805
5372.0 -0.0022453175796865823
5373.0 -0.002312405604100845
5374.0 -0.00238884223406772
5375.0 -0.002492099873722133
5376.0 -0.002633958013882134
5377.0 -0.002775872440951609
5378.0 -0.002780728136188164
5379.0 -0.002779878915037044
5380.0 -0.0027897836276971335
5381.0 -0.002809634220672985
5382.0 -0.0028331487770930524
5383.0 -0.002898826266812234
5384.0 -0.002964519160402152
5385.0 -0.00309703474828937
5386.0 -0.003268822645287317
5387.0 -0.003410723102004749
5388.0 -0.0034249821038057782
5389.0 -0.0034392370734881283
5390.0 -0.0033670645741263115
5391.0 -0.003266039845894739
5392.0 -0.0032126631052357534
5393.0 -0.003270546611510294
5394.0 -0.0033284497081454895
5395.0 -0.0034384926826516757
5396.0 -0.0035570501317203347
5397.0 -0.0036427562612652512
5398.0 -0.0036830624610417395
5399.0 -0.0037233725252042845
5400.0 -0.00373595543791328
5401.0 -0.0037479759510467537
5402.0 -0.0037879581688865637
5403.0 -0.003852758841444465
5404.0 -0.003898442035154747
5405.0 -0.003750594436524343
5406.0 -0.003602697713597131
5407.0 -0.003659898583231571
5408.0 -0.0038276000552631335
5409.0 -0.004019396387781075
5410.0 -0.0043074806385226365
5411.0 -0.004595659895148581
5412.0 -0.004650380156276505
5413.0 -0.004631363937578596
5414.0 -0.004563460483841748
5415.0 -0.0043916819949819256
5416.0 -0.0042198456428799965
5417.0 -0.00423320634063337
5418.0 -0.004274268542490977
5419.0 -0.004341086568265763
5420.0 -0.004442067403656612
5421.0 -0.004543082841249359
5422.0 -0.004590669670519248
5423.0 -0.004637732639025295
5424.0 -0.004677507597372626
5425.0 -0.0047113213824947426
5426.0 -0.004723827841380338
5427.0 -0.004544322407653093
5428.0 -0.00436476218974262
5429.0 -0.004257527377933408
5430.0 -0.004187567723024703
5431.0 -0.004151412343645546
5432.0 -0.004235235451392072
5433.0 -0.0043190913552649144
5434.0 -0.004347563732298203
5435.0 -0.004359506417787354
5436.0 -0.004423572074906224
5437.0 -0.004593525273287101
5438.0 -0.004763574415794551
5439.0 -0.004916411518966352
5440.0 -0.005067189797597051
5441.0 -0.005099667155461127
5442.0 -0.004981466497884263
5443.0 -0.004863234897477925
5444.0 -0.004887363874365244
5445.0 -0.0049115410853914415
5446.0 -0.005028318662931441
5447.0 -0.0052179372394020275
5448.0 -0.005372177192659012
5449.0 -0.005266107884917922
5450.0 -0.005160007655124623
5451.0 -0.005013015495453589
5452.0 -0.004845848099947692
5453.0 -0.004724077218449303
5454.0 -0.004754522639731812
5455.0 -0.004785009152913201
5456.0 -0.004835668947946109
5457.0 -0.004891748516914952
5458.0 -0.004941136465990822
5459.0 -0.004977471876327908
5460.0 -0.0050138673192107385
5461.0 -0.005119056515622397
5462.0 -0.005231967623520574
5463.0 -0.00529952029885056
5464.0 -0.005313757843743196
5465.0 -0.005327752961487932
5466.0 -0.005314276937774762
5467.0 -0.005300816290210014
5468.0 -0.00521688043143272
5469.0 -0.005079721765705287
5470.0 -0.00495389589235412
5471.0 -0.004904328451932236
5472.0 -0.004854744805005987
5473.0 -0.004900875398405009
5474.0 -0.004990100962640796
5475.0 -0.005069300535097468
5476.0 -0.005116532112118215
5477.0 -0.0051638148986796
5478.0 -0.0052873007415173735
5479.0 -0.005429942534534229
5480.0 -0.00556659745706858
5481.0 -0.0056924208161060665
5482.0 -0.005818399017241237
5483.0 -0.005743192082546598
5484.0 -0.00564802028750682
5485.0 -0.005535628713061157
5486.0 -0.005403783921366701
5487.0 -0.0052771084119107355
5488.0 -0.005320448238391145
5489.0 -0.005363867958980606
5490.0 -0.005292305018180561
5491.0 -0.005137339195212777
5492.0 -0.005002175333440451
5493.0 -0.004989439774113012
5494.0 -0.004976700660636737
5495.0 -0.005042996601780142
5496.0 -0.005143283871025652
5497.0 -0.005234531717136046
5498.0 -0.005299839327445933
5499.0 -0.005365227862216451
5500.0 -0.005386805071990362
5501.0 -0.005398108332635679
5502.0 -0.005368797926913566
5503.0 -0.005270188661620441
5504.0 -0.005171490604035271
5505.0 -0.0049812641700000306
5506.0 -0.004783940422631672
5507.0 -0.004728549126282178
5508.0 -0.004827189004441567
5509.0 -0.004929227806719779
5510.0 -0.005109754900818673
5511.0 -0.005290519077988836
5512.0 -0.005386845351934738
5513.0 -0.0054268248348231475
5514.0 -0.005462368703903642
5515.0 -0.005472423348750806
5516.0 -0.0054825130717915315
5517.0 -0.005368310712639228
5518.0 -0.005203185860711098
5519.0 -0.005074865915187236
5520.0 -0.005046532413073529
5521.0 -0.005018182830047655
5522.0 -0.005018022990073707
5523.0 -0.005023676353320015
5524.0 -0.005072184067688609
5525.0 -0.005190743272388759
5526.0 -0.005309469481883026
5527.0 -0.00525544417139952
5528.0 -0.0051903319684849306
5529.0 -0.005102860581221066
5530.0 -0.0049929826074947255
5531.0 -0.004886156345069979
5532.0 -0.004839549702926851
5533.0 -0.004792895465845829
5534.0 -0.004767805141621083
5535.0 -0.0047565285521145965
5536.0 -0.004740608763794527
5537.0 -0.004701989537008856
5538.0 -0.0046633535289953955
5539.0 -0.004709637736667395
5540.0 -0.0047890737826424765
5541.0 -0.004827123795354948
5542.0 -0.004758363225798021
5543.0 -0.004689526062348117
5544.0 -0.004671805879451602
5545.0 -0.004663847360712146
5546.0 -0.004658768938035762
5547.0 -0.004658033107501048
5548.0 -0.004657323794273704
5549.0 -0.004666767593234496
5550.0 -0.0046767774285168245
5551.0 -0.00460728939200598
5552.0 -0.00446123314197342
5553.0 -0.004319179930517066
5554.0 -0.004233182712928024
5555.0 -0.0041470513649714035
5556.0 -0.004136819462864733
5557.0 -0.004173200857209959
5558.0 -0.004219368667629763
5559.0 -0.004309926044344382
5560.0 -0.004400612721784642
5561.0 -0.004447349209856889
5562.0 -0.004478633797995835
5563.0 -0.004501892236152104
5564.0 -0.004505439455406448
5565.0 -0.004508965448812889
5566.0 -0.004568205066437911
5567.0 -0.004637331454972622
5568.0 -0.004591311534897642
5569.0 -0.004379268987157236
5570.0 -0.004166858101694397
5571.0 -0.004099410307724186
5572.0 -0.004036311337486276
5573.0 -0.004035180249183965
5574.0 -0.004091357284839065
5575.0 -0.004145889693933956
5576.0 -0.004181112977413947
5577.0 -0.004216349560495077
5578.0 -0.004205559077178972
5579.0 -0.004168819354763005
5580.0 -0.004128128768887853
5581.0 -0.00407088909802661
5582.0 -0.004013556737225609
5583.0 -0.0040015415916500345
5584.0 -0.004004657507917293
5585.0 -0.003989678357197899
5586.0 -0.0039343697823979356
5587.0 -0.0038790517025179714
5588.0 -0.003738181860488083
5589.0 -0.003583284025842999
5590.0 -0.00351084869059826
5591.0 -0.003552537329534312
5592.0 -0.0035944858467069135
5593.0 -0.003518076531213822
5594.0 -0.003439372371992635
5595.0 -0.003434143213052646
5596.0 -0.00349180052273688
5597.0 -0.003543302302999427
5598.0 -0.003527296241808156
5599.0 -0.003511810590698404
5600.0 -0.003562959050855716
