# %ECSV 1.0
# ---
# datatype:
# - {name: WAV, unit: Angstrom, datatype: float32}
# - {name: EFF, datatype: float64}
# meta: !!omap
# - {GRISM: 600/4000}
# - {DICHROIC: MIRROR}
# schema: astropy-2.0
WAV EFF
3200.0 0.063763
3201.0 0.064313
3202.0 0.064813
3203.0 0.065271
3204.0 0.065691
3205.0 0.06608
3206.0 0.06644
3207.0 0.066778
3208.0 0.067096
3209.0 0.067397
3210.0 0.067686
3211.0 0.067963
3212.0 0.068231
3213.0 0.068493
3214.0 0.06875
3215.0 0.069004
3216.0 0.069255
3217.0 0.069506
3218.0 0.069756
3219.0 0.070008
3220.0 0.070261
3221.0 0.070516
3222.0 0.070773
3223.0 0.071034
3224.0 0.071297
3225.0 0.071565
3226.0 0.071836
3227.0 0.072111
3228.0 0.072391
3229.0 0.072674
3230.0 0.072962
3231.0 0.073254
3232.0 0.073551
3233.0 0.073852
3234.0 0.074157
3235.0 0.074467
3236.0 0.074781
3237.0 0.075099
3238.0 0.075422
3239.0 0.07575
3240.0 0.076082
3241.0 0.076418
3242.0 0.076759
3243.0 0.077105
3244.0 0.077454
3245.0 0.077809
3246.0 0.078168
3247.0 0.078532
3248.0 0.078901
3249.0 0.079274
3250.0 0.079652
3251.0 0.080035
3252.0 0.080424
3253.0 0.080817
3254.0 0.081215
3255.0 0.081619
3256.0 0.082028
3257.0 0.082442
3258.0 0.082862
3259.0 0.083288
3260.0 0.083719
3261.0 0.084155
3262.0 0.084598
3263.0 0.085046
3264.0 0.085501
3265.0 0.085961
3266.0 0.086428
3267.0 0.0869
3268.0 0.087379
3269.0 0.087864
3270.0 0.088355
3271.0 0.088853
3272.0 0.089356
3273.0 0.089867
3274.0 0.090383
3275.0 0.090906
3276.0 0.091435
3277.0 0.09197
3278.0 0.092512
3279.0 0.09306
3280.0 0.093615
3281.0 0.094175
3282.0 0.094742
3283.0 0.095314
3284.0 0.095893
3285.0 0.096478
3286.0 0.097068
3287.0 0.097665
3288.0 0.098267
3289.0 0.098875
3290.0 0.099488
3291.0 0.100107
3292.0 0.10073
3293.0 0.10136
3294.0 0.101994
3295.0 0.102633
3296.0 0.103277
3297.0 0.103925
3298.0 0.104578
3299.0 0.105235
3300.0 0.105897
3301.0 0.106562
3302.0 0.107232
3303.0 0.107905
3304.0 0.108582
3305.0 0.109262
3306.0 0.109945
3307.0 0.110631
3308.0 0.11132
3309.0 0.112012
3310.0 0.112706
3311.0 0.113402
3312.0 0.1141
3313.0 0.1148
3314.0 0.115502
3315.0 0.116205
3316.0 0.11691
3317.0 0.117616
3318.0 0.118323
3319.0 0.11903
3320.0 0.119738
3321.0 0.120447
3322.0 0.121156
3323.0 0.121865
3324.0 0.122574
3325.0 0.123283
3326.0 0.123992
3327.0 0.124701
3328.0 0.125408
3329.0 0.126115
3330.0 0.126822
3331.0 0.127527
3332.0 0.128231
3333.0 0.128935
3334.0 0.129636
3335.0 0.130337
3336.0 0.131036
3337.0 0.131734
3338.0 0.13243
3339.0 0.133124
3340.0 0.133817
3341.0 0.134508
3342.0 0.135196
3343.0 0.135883
3344.0 0.136568
3345.0 0.137251
3346.0 0.137932
3347.0 0.138611
3348.0 0.139288
3349.0 0.139963
3350.0 0.140635
3351.0 0.141305
3352.0 0.141974
3353.0 0.14264
3354.0 0.143304
3355.0 0.143966
3356.0 0.144626
3357.0 0.145284
3358.0 0.14594
3359.0 0.146594
3360.0 0.147246
3361.0 0.147896
3362.0 0.148545
3363.0 0.149192
3364.0 0.149838
3365.0 0.150482
3366.0 0.151124
3367.0 0.151766
3368.0 0.152405
3369.0 0.153044
3370.0 0.153681
3371.0 0.154318
3372.0 0.154953
3373.0 0.155588
3374.0 0.156222
3375.0 0.156855
3376.0 0.157488
3377.0 0.158119
3378.0 0.158751
3379.0 0.159382
3380.0 0.160014
3381.0 0.160645
3382.0 0.161275
3383.0 0.161906
3384.0 0.162538
3385.0 0.163169
3386.0 0.163801
3387.0 0.164433
3388.0 0.165066
3389.0 0.165699
3390.0 0.166333
3391.0 0.166968
3392.0 0.167604
3393.0 0.168241
3394.0 0.168879
3395.0 0.169518
3396.0 0.170158
3397.0 0.170799
3398.0 0.171442
3399.0 0.172086
3400.0 0.172732
3401.0 0.173379
3402.0 0.174028
3403.0 0.174678
3404.0 0.17533
3405.0 0.175983
3406.0 0.176637
3407.0 0.177292
3408.0 0.177948
3409.0 0.178605
3410.0 0.179263
3411.0 0.179921
3412.0 0.18058
3413.0 0.181239
3414.0 0.181899
3415.0 0.182559
3416.0 0.183219
3417.0 0.183878
3418.0 0.184537
3419.0 0.185196
3420.0 0.185854
3421.0 0.186511
3422.0 0.187167
3423.0 0.187822
3424.0 0.188476
3425.0 0.189127
3426.0 0.189777
3427.0 0.190425
3428.0 0.191071
3429.0 0.191714
3430.0 0.192355
3431.0 0.192992
3432.0 0.193626
3433.0 0.194257
3434.0 0.194884
3435.0 0.195507
3436.0 0.196125
3437.0 0.196739
3438.0 0.197349
3439.0 0.197953
3440.0 0.198552
3441.0 0.199145
3442.0 0.199732
3443.0 0.200313
3444.0 0.200887
3445.0 0.201455
3446.0 0.202015
3447.0 0.202568
3448.0 0.203114
3449.0 0.203651
3450.0 0.20418
3451.0 0.2047
3452.0 0.205211
3453.0 0.205714
3454.0 0.206209
3455.0 0.206695
3456.0 0.207174
3457.0 0.207644
3458.0 0.208106
3459.0 0.208561
3460.0 0.209008
3461.0 0.209448
3462.0 0.20988
3463.0 0.210305
3464.0 0.210724
3465.0 0.211135
3466.0 0.211539
3467.0 0.211938
3468.0 0.212329
3469.0 0.212715
3470.0 0.213094
3471.0 0.213468
3472.0 0.213836
3473.0 0.214198
3474.0 0.214555
3475.0 0.214907
3476.0 0.215254
3477.0 0.215596
3478.0 0.215934
3479.0 0.216268
3480.0 0.216597
3481.0 0.216923
3482.0 0.217245
3483.0 0.217563
3484.0 0.217878
3485.0 0.21819
3486.0 0.2185
3487.0 0.218807
3488.0 0.219111
3489.0 0.219414
3490.0 0.219715
3491.0 0.220014
3492.0 0.220312
3493.0 0.220609
3494.0 0.220906
3495.0 0.221202
3496.0 0.221498
3497.0 0.221794
3498.0 0.22209
3499.0 0.222387
3500.0 0.222686
3501.0 0.222985
3502.0 0.223286
3503.0 0.223588
3504.0 0.223891
3505.0 0.224195
3506.0 0.2245
3507.0 0.224805
3508.0 0.225111
3509.0 0.225417
3510.0 0.225724
3511.0 0.226031
3512.0 0.226338
3513.0 0.226645
3514.0 0.226952
3515.0 0.227259
3516.0 0.227566
3517.0 0.227872
3518.0 0.228178
3519.0 0.228484
3520.0 0.228789
3521.0 0.229094
3522.0 0.229398
3523.0 0.229701
3524.0 0.230004
3525.0 0.230306
3526.0 0.230607
3527.0 0.230907
3528.0 0.231206
3529.0 0.231504
3530.0 0.231801
3531.0 0.232097
3532.0 0.232392
3533.0 0.232685
3534.0 0.232978
3535.0 0.233269
3536.0 0.233559
3537.0 0.233848
3538.0 0.234135
3539.0 0.234421
3540.0 0.234706
3541.0 0.234989
3542.0 0.235271
3543.0 0.235551
3544.0 0.23583
3545.0 0.236108
3546.0 0.236384
3547.0 0.236658
3548.0 0.236931
3549.0 0.237203
3550.0 0.237473
3551.0 0.237742
3552.0 0.238009
3553.0 0.238274
3554.0 0.238538
3555.0 0.238801
3556.0 0.239062
3557.0 0.239322
3558.0 0.23958
3559.0 0.239836
3560.0 0.240091
3561.0 0.240344
3562.0 0.240596
3563.0 0.240847
3564.0 0.241096
3565.0 0.241343
3566.0 0.241589
3567.0 0.241833
3568.0 0.242076
3569.0 0.242317
3570.0 0.242557
3571.0 0.242795
3572.0 0.243032
3573.0 0.243267
3574.0 0.243501
3575.0 0.243735
3576.0 0.243968
3577.0 0.2442
3578.0 0.244433
3579.0 0.244665
3580.0 0.244898
3581.0 0.245131
3582.0 0.245365
3583.0 0.2456
3584.0 0.245837
3585.0 0.246075
3586.0 0.246314
3587.0 0.246556
3588.0 0.246799
3589.0 0.247046
3590.0 0.247294
3591.0 0.247546
3592.0 0.2478
3593.0 0.248058
3594.0 0.24832
3595.0 0.248585
3596.0 0.248854
3597.0 0.249127
3598.0 0.249405
3599.0 0.249687
3600.0 0.249974
3601.0 0.250265
3602.0 0.250562
3603.0 0.250865
3604.0 0.251172
3605.0 0.251486
3606.0 0.251805
3607.0 0.252131
3608.0 0.252463
3609.0 0.252801
3610.0 0.253146
3611.0 0.253498
3612.0 0.253856
3613.0 0.254222
3614.0 0.254595
3615.0 0.254976
3616.0 0.255364
3617.0 0.25576
3618.0 0.256164
3619.0 0.256576
3620.0 0.256996
3621.0 0.257425
3622.0 0.257862
3623.0 0.258308
3624.0 0.258762
3625.0 0.259225
3626.0 0.259697
3627.0 0.260178
3628.0 0.260669
3629.0 0.261168
3630.0 0.261678
3631.0 0.262196
3632.0 0.262725
3633.0 0.263262
3634.0 0.26381
3635.0 0.264368
3636.0 0.264936
3637.0 0.265513
3638.0 0.266101
3639.0 0.266698
3640.0 0.267306
3641.0 0.267923
3642.0 0.26855
3643.0 0.269186
3644.0 0.269832
3645.0 0.270487
3646.0 0.271152
3647.0 0.271825
3648.0 0.272508
3649.0 0.2732
3650.0 0.2739
3651.0 0.27461
3652.0 0.275327
3653.0 0.276053
3654.0 0.276788
3655.0 0.27753
3656.0 0.278281
3657.0 0.279039
3658.0 0.279805
3659.0 0.280579
3660.0 0.28136
3661.0 0.282148
3662.0 0.282942
3663.0 0.283744
3664.0 0.284553
3665.0 0.285367
3666.0 0.286188
3667.0 0.287015
3668.0 0.287847
3669.0 0.288685
3670.0 0.289529
3671.0 0.290378
3672.0 0.291231
3673.0 0.29209
3674.0 0.292953
3675.0 0.293819
3676.0 0.29469
3677.0 0.295565
3678.0 0.296443
3679.0 0.297324
3680.0 0.298209
3681.0 0.299096
3682.0 0.299986
3683.0 0.300877
3684.0 0.301771
3685.0 0.302667
3686.0 0.303564
3687.0 0.304462
3688.0 0.30536
3689.0 0.30626
3690.0 0.30716
3691.0 0.308059
3692.0 0.308959
3693.0 0.309858
3694.0 0.310756
3695.0 0.311653
3696.0 0.312548
3697.0 0.313442
3698.0 0.314334
3699.0 0.315224
3700.0 0.316111
3701.0 0.316994
3702.0 0.317875
3703.0 0.318753
3704.0 0.319626
3705.0 0.320495
3706.0 0.321361
3707.0 0.322222
3708.0 0.323078
3709.0 0.32393
3710.0 0.324777
3711.0 0.32562
3712.0 0.326457
3713.0 0.32729
3714.0 0.328117
3715.0 0.32894
3716.0 0.329756
3717.0 0.330568
3718.0 0.331374
3719.0 0.332175
3720.0 0.33297
3721.0 0.333759
3722.0 0.334543
3723.0 0.33532
3724.0 0.336091
3725.0 0.336857
3726.0 0.337616
3727.0 0.338369
3728.0 0.339115
3729.0 0.339856
3730.0 0.34059
3731.0 0.341317
3732.0 0.342038
3733.0 0.342752
3734.0 0.343459
3735.0 0.34416
3736.0 0.344854
3737.0 0.345541
3738.0 0.346221
3739.0 0.346894
3740.0 0.34756
3741.0 0.348219
3742.0 0.348872
3743.0 0.349516
3744.0 0.350154
3745.0 0.350785
3746.0 0.351409
3747.0 0.352025
3748.0 0.352634
3749.0 0.353236
3750.0 0.353831
3751.0 0.354418
3752.0 0.354998
3753.0 0.35557
3754.0 0.356136
3755.0 0.356694
3756.0 0.357245
3757.0 0.357788
3758.0 0.358324
3759.0 0.358853
3760.0 0.359375
3761.0 0.359889
3762.0 0.360396
3763.0 0.360896
3764.0 0.361388
3765.0 0.361874
3766.0 0.362352
3767.0 0.362823
3768.0 0.363287
3769.0 0.363744
3770.0 0.364193
3771.0 0.364636
3772.0 0.365072
3773.0 0.3655
3774.0 0.365922
3775.0 0.366337
3776.0 0.366745
3777.0 0.367146
3778.0 0.367541
3779.0 0.367929
3780.0 0.36831
3781.0 0.368685
3782.0 0.369053
3783.0 0.369415
3784.0 0.36977
3785.0 0.370119
3786.0 0.370462
3787.0 0.370799
3788.0 0.371129
3789.0 0.371454
3790.0 0.371772
3791.0 0.372085
3792.0 0.372391
3793.0 0.372692
3794.0 0.372987
3795.0 0.373277
3796.0 0.373561
3797.0 0.37384
3798.0 0.374113
3799.0 0.374381
3800.0 0.374644
3801.0 0.374902
3802.0 0.375155
3803.0 0.375403
3804.0 0.375646
3805.0 0.375884
3806.0 0.376118
3807.0 0.376347
3808.0 0.376572
3809.0 0.376793
3810.0 0.377009
3811.0 0.377221
3812.0 0.377429
3813.0 0.377634
3814.0 0.377834
3815.0 0.378031
3816.0 0.378224
3817.0 0.378413
3818.0 0.378599
3819.0 0.378782
3820.0 0.378962
3821.0 0.379139
3822.0 0.379312
3823.0 0.379483
3824.0 0.379651
3825.0 0.379817
3826.0 0.37998
3827.0 0.380141
3828.0 0.380299
3829.0 0.380455
3830.0 0.38061
3831.0 0.380762
3832.0 0.380913
3833.0 0.381061
3834.0 0.381209
3835.0 0.381355
3836.0 0.381499
3837.0 0.381643
3838.0 0.381785
3839.0 0.381927
3840.0 0.382068
3841.0 0.382208
3842.0 0.382347
3843.0 0.382486
3844.0 0.382625
3845.0 0.382764
3846.0 0.382902
3847.0 0.383041
3848.0 0.38318
3849.0 0.383319
3850.0 0.383459
3851.0 0.383599
3852.0 0.38374
3853.0 0.383882
3854.0 0.384025
3855.0 0.384169
3856.0 0.384315
3857.0 0.384462
3858.0 0.38461
3859.0 0.38476
3860.0 0.384912
3861.0 0.385066
3862.0 0.385222
3863.0 0.38538
3864.0 0.385541
3865.0 0.385704
3866.0 0.385869
3867.0 0.386036
3868.0 0.386205
3869.0 0.386377
3870.0 0.386551
3871.0 0.386727
3872.0 0.386906
3873.0 0.387086
3874.0 0.387269
3875.0 0.387454
3876.0 0.387642
3877.0 0.387831
3878.0 0.388023
3879.0 0.388218
3880.0 0.388414
3881.0 0.388613
3882.0 0.388814
3883.0 0.389017
3884.0 0.389222
3885.0 0.38943
3886.0 0.38964
3887.0 0.389853
3888.0 0.390068
3889.0 0.390285
3890.0 0.390504
3891.0 0.390726
3892.0 0.39095
3893.0 0.391176
3894.0 0.391405
3895.0 0.391637
3896.0 0.39187
3897.0 0.392106
3898.0 0.392344
3899.0 0.392585
3900.0 0.392828
3901.0 0.393074
3902.0 0.393322
3903.0 0.393572
3904.0 0.393825
3905.0 0.394081
3906.0 0.394338
3907.0 0.394599
3908.0 0.394862
3909.0 0.395127
3910.0 0.395395
3911.0 0.395665
3912.0 0.395938
3913.0 0.396213
3914.0 0.396491
3915.0 0.396771
3916.0 0.397054
3917.0 0.397339
3918.0 0.397627
3919.0 0.397918
3920.0 0.398211
3921.0 0.398507
3922.0 0.398805
3923.0 0.399106
3924.0 0.399409
3925.0 0.399715
3926.0 0.400024
3927.0 0.400335
3928.0 0.400649
3929.0 0.400965
3930.0 0.401284
3931.0 0.401606
3932.0 0.40193
3933.0 0.402257
3934.0 0.402586
3935.0 0.402918
3936.0 0.403253
3937.0 0.40359
3938.0 0.40393
3939.0 0.404272
3940.0 0.404617
3941.0 0.404965
3942.0 0.405316
3943.0 0.405668
3944.0 0.406024
3945.0 0.406382
3946.0 0.406742
3947.0 0.407106
3948.0 0.407471
3949.0 0.40784
3950.0 0.40821
3951.0 0.408584
3952.0 0.40896
3953.0 0.409338
3954.0 0.409719
3955.0 0.410102
3956.0 0.410488
3957.0 0.410877
3958.0 0.411267
3959.0 0.411661
3960.0 0.412056
3961.0 0.412455
3962.0 0.412855
3963.0 0.413258
3964.0 0.413663
3965.0 0.414071
3966.0 0.41448
3967.0 0.414893
3968.0 0.415307
3969.0 0.415724
3970.0 0.416143
3971.0 0.416564
3972.0 0.416987
3973.0 0.417413
3974.0 0.41784
3975.0 0.41827
3976.0 0.418701
3977.0 0.419135
3978.0 0.419571
3979.0 0.420009
3980.0 0.420449
3981.0 0.42089
3982.0 0.421334
3983.0 0.421779
3984.0 0.422226
3985.0 0.422675
3986.0 0.423126
3987.0 0.423578
3988.0 0.424032
3989.0 0.424488
3990.0 0.424945
3991.0 0.425404
3992.0 0.425864
3993.0 0.426326
3994.0 0.426789
3995.0 0.427253
3996.0 0.427719
3997.0 0.428186
3998.0 0.428654
3999.0 0.429123
4000.0 0.429594
4001.0 0.430065
4002.0 0.430538
4003.0 0.431011
4004.0 0.431486
4005.0 0.431961
4006.0 0.432437
4007.0 0.432913
4008.0 0.43339
4009.0 0.433868
4010.0 0.434347
4011.0 0.434826
4012.0 0.435305
4013.0 0.435784
4014.0 0.436264
4015.0 0.436744
4016.0 0.437224
4017.0 0.437705
4018.0 0.438185
4019.0 0.438665
4020.0 0.439145
4021.0 0.439624
4022.0 0.440104
4023.0 0.440583
4024.0 0.441062
4025.0 0.44154
4026.0 0.442017
4027.0 0.442494
4028.0 0.44297
4029.0 0.443445
4030.0 0.443919
4031.0 0.444392
4032.0 0.444864
4033.0 0.445335
4034.0 0.445805
4035.0 0.446273
4036.0 0.44674
4037.0 0.447205
4038.0 0.447669
4039.0 0.448131
4040.0 0.448591
4041.0 0.44905
4042.0 0.449507
4043.0 0.449963
4044.0 0.450417
4045.0 0.450869
4046.0 0.45132
4047.0 0.451769
4048.0 0.452216
4049.0 0.452662
4050.0 0.453106
4051.0 0.453548
4052.0 0.453989
4053.0 0.454427
4054.0 0.454865
4055.0 0.4553
4056.0 0.455733
4057.0 0.456165
4058.0 0.456594
4059.0 0.457022
4060.0 0.457448
4061.0 0.457872
4062.0 0.458294
4063.0 0.458714
4064.0 0.459133
4065.0 0.459549
4066.0 0.459963
4067.0 0.460376
4068.0 0.460786
4069.0 0.461194
4070.0 0.4616
4071.0 0.462005
4072.0 0.462407
4073.0 0.462807
4074.0 0.463204
4075.0 0.4636
4076.0 0.463994
4077.0 0.464385
4078.0 0.464774
4079.0 0.465161
4080.0 0.465546
4081.0 0.465928
4082.0 0.466309
4083.0 0.466686
4084.0 0.467062
4085.0 0.467435
4086.0 0.467806
4087.0 0.468175
4088.0 0.468541
4089.0 0.468905
4090.0 0.469266
4091.0 0.469625
4092.0 0.469982
4093.0 0.470336
4094.0 0.470687
4095.0 0.471036
4096.0 0.471383
4097.0 0.471726
4098.0 0.472068
4099.0 0.472407
4100.0 0.472743
4101.0 0.473076
4102.0 0.473407
4103.0 0.473736
4104.0 0.474061
4105.0 0.474385
4106.0 0.474705
4107.0 0.475022
4108.0 0.475337
4109.0 0.47565
4110.0 0.475959
4111.0 0.476266
4112.0 0.47657
4113.0 0.476871
4114.0 0.477169
4115.0 0.477465
4116.0 0.477758
4117.0 0.478047
4118.0 0.478334
4119.0 0.478619
4120.0 0.4789
4121.0 0.479178
4122.0 0.479454
4123.0 0.479727
4124.0 0.479996
4125.0 0.480263
4126.0 0.480527
4127.0 0.480788
4128.0 0.481046
4129.0 0.481301
4130.0 0.481554
4131.0 0.481803
4132.0 0.482049
4133.0 0.482292
4134.0 0.482533
4135.0 0.48277
4136.0 0.483004
4137.0 0.483235
4138.0 0.483464
4139.0 0.483689
4140.0 0.483912
4141.0 0.484131
4142.0 0.484347
4143.0 0.484561
4144.0 0.484771
4145.0 0.484978
4146.0 0.485182
4147.0 0.485384
4148.0 0.485582
4149.0 0.485778
4150.0 0.48597
4151.0 0.486159
4152.0 0.486346
4153.0 0.486529
4154.0 0.48671
4155.0 0.486887
4156.0 0.487062
4157.0 0.487233
4158.0 0.487402
4159.0 0.487567
4160.0 0.48773
4161.0 0.48789
4162.0 0.488047
4163.0 0.488201
4164.0 0.488352
4165.0 0.4885
4166.0 0.488646
4167.0 0.488788
4168.0 0.488928
4169.0 0.489064
4170.0 0.489198
4171.0 0.489329
4172.0 0.489458
4173.0 0.489583
4174.0 0.489706
4175.0 0.489826
4176.0 0.489942
4177.0 0.490057
4178.0 0.490168
4179.0 0.490276
4180.0 0.490382
4181.0 0.490485
4182.0 0.490585
4183.0 0.490682
4184.0 0.490777
4185.0 0.490868
4186.0 0.490957
4187.0 0.491044
4188.0 0.491127
4189.0 0.491208
4190.0 0.491286
4191.0 0.491361
4192.0 0.491434
4193.0 0.491504
4194.0 0.491571
4195.0 0.491636
4196.0 0.491698
4197.0 0.491757
4198.0 0.491814
4199.0 0.491868
4200.0 0.49192
4201.0 0.491969
4202.0 0.492015
4203.0 0.492059
4204.0 0.4921
4205.0 0.492139
4206.0 0.492176
4207.0 0.49221
4208.0 0.492242
4209.0 0.492271
4210.0 0.492297
4211.0 0.492322
4212.0 0.492344
4213.0 0.492364
4214.0 0.492381
4215.0 0.492396
4216.0 0.492409
4217.0 0.49242
4218.0 0.492428
4219.0 0.492434
4220.0 0.492438
4221.0 0.49244
4222.0 0.49244
4223.0 0.492438
4224.0 0.492433
4225.0 0.492427
4226.0 0.492418
4227.0 0.492408
4228.0 0.492396
4229.0 0.492381
4230.0 0.492365
4231.0 0.492347
4232.0 0.492327
4233.0 0.492305
4234.0 0.492281
4235.0 0.492256
4236.0 0.492229
4237.0 0.4922
4238.0 0.492169
4239.0 0.492137
4240.0 0.492103
4241.0 0.492068
4242.0 0.492031
4243.0 0.491992
4244.0 0.491952
4245.0 0.491911
4246.0 0.491868
4247.0 0.491824
4248.0 0.491778
4249.0 0.491731
4250.0 0.491682
4251.0 0.491632
4252.0 0.491581
4253.0 0.491529
4254.0 0.491476
4255.0 0.491421
4256.0 0.491365
4257.0 0.491308
4258.0 0.49125
4259.0 0.491191
4260.0 0.491131
4261.0 0.49107
4262.0 0.491008
4263.0 0.490945
4264.0 0.490881
4265.0 0.490816
4266.0 0.490751
4267.0 0.490684
4268.0 0.490617
4269.0 0.490549
4270.0 0.49048
4271.0 0.490411
4272.0 0.49034
4273.0 0.490269
4274.0 0.490198
4275.0 0.490126
4276.0 0.490053
4277.0 0.48998
4278.0 0.489906
4279.0 0.489832
4280.0 0.489757
4281.0 0.489682
4282.0 0.489606
4283.0 0.48953
4284.0 0.489454
4285.0 0.489377
4286.0 0.4893
4287.0 0.489223
4288.0 0.489145
4289.0 0.489067
4290.0 0.488989
4291.0 0.488911
4292.0 0.488833
4293.0 0.488754
4294.0 0.488675
4295.0 0.488597
4296.0 0.488518
4297.0 0.488439
4298.0 0.48836
4299.0 0.488281
4300.0 0.488202
4301.0 0.488123
4302.0 0.488044
4303.0 0.487965
4304.0 0.487886
4305.0 0.487808
4306.0 0.487729
4307.0 0.487651
4308.0 0.487573
4309.0 0.487494
4310.0 0.487417
4311.0 0.487339
4312.0 0.487261
4313.0 0.487184
4314.0 0.487107
4315.0 0.487031
4316.0 0.486954
4317.0 0.486878
4318.0 0.486802
4319.0 0.486727
4320.0 0.486652
4321.0 0.486577
4322.0 0.486503
4323.0 0.486429
4324.0 0.486355
4325.0 0.486282
4326.0 0.486209
4327.0 0.486137
4328.0 0.486065
4329.0 0.485993
4330.0 0.485922
4331.0 0.485852
4332.0 0.485782
4333.0 0.485712
4334.0 0.485643
4335.0 0.485574
4336.0 0.485506
4337.0 0.485438
4338.0 0.485371
4339.0 0.485305
4340.0 0.485238
4341.0 0.485173
4342.0 0.485108
4343.0 0.485043
4344.0 0.484979
4345.0 0.484916
4346.0 0.484853
4347.0 0.48479
4348.0 0.484729
4349.0 0.484667
4350.0 0.484607
4351.0 0.484546
4352.0 0.484486
4353.0 0.484427
4354.0 0.484368
4355.0 0.484311
4356.0 0.484253
4357.0 0.484196
4358.0 0.484139
4359.0 0.484083
4360.0 0.484028
4361.0 0.483973
4362.0 0.483918
4363.0 0.483865
4364.0 0.483811
4365.0 0.483758
4366.0 0.483706
4367.0 0.483654
4368.0 0.483602
4369.0 0.483551
4370.0 0.483501
4371.0 0.483451
4372.0 0.483401
4373.0 0.483352
4374.0 0.483303
4375.0 0.483255
4376.0 0.483207
4377.0 0.48316
4378.0 0.483113
4379.0 0.483066
4380.0 0.48302
4381.0 0.482974
4382.0 0.482928
4383.0 0.482883
4384.0 0.482838
4385.0 0.482794
4386.0 0.48275
4387.0 0.482706
4388.0 0.482662
4389.0 0.482619
4390.0 0.482576
4391.0 0.482534
4392.0 0.482491
4393.0 0.482449
4394.0 0.482407
4395.0 0.482365
4396.0 0.482324
4397.0 0.482283
4398.0 0.482242
4399.0 0.482201
4400.0 0.48216
4401.0 0.482119
4402.0 0.482079
4403.0 0.482039
4404.0 0.481998
4405.0 0.481958
4406.0 0.481918
4407.0 0.481878
4408.0 0.481839
4409.0 0.481799
4410.0 0.481759
4411.0 0.481719
4412.0 0.481679
4413.0 0.48164
4414.0 0.4816
4415.0 0.48156
4416.0 0.48152
4417.0 0.481481
4418.0 0.481441
4419.0 0.481401
4420.0 0.48136
4421.0 0.48132
4422.0 0.48128
4423.0 0.48124
4424.0 0.481199
4425.0 0.481159
4426.0 0.481118
4427.0 0.481077
4428.0 0.481036
4429.0 0.480995
4430.0 0.480953
4431.0 0.480912
4432.0 0.48087
4433.0 0.480827
4434.0 0.480785
4435.0 0.480743
4436.0 0.4807
4437.0 0.480657
4438.0 0.480613
4439.0 0.48057
4440.0 0.480526
4441.0 0.480482
4442.0 0.480437
4443.0 0.480392
4444.0 0.480347
4445.0 0.480302
4446.0 0.480256
4447.0 0.48021
4448.0 0.480164
4449.0 0.480117
4450.0 0.48007
4451.0 0.480022
4452.0 0.479974
4453.0 0.479926
4454.0 0.479878
4455.0 0.479829
4456.0 0.47978
4457.0 0.47973
4458.0 0.47968
4459.0 0.479629
4460.0 0.479579
4461.0 0.479528
4462.0 0.479476
4463.0 0.479424
4464.0 0.479372
4465.0 0.479319
4466.0 0.479266
4467.0 0.479212
4468.0 0.479158
4469.0 0.479104
4470.0 0.479049
4471.0 0.478994
4472.0 0.478938
4473.0 0.478882
4474.0 0.478825
4475.0 0.478768
4476.0 0.47871
4477.0 0.478652
4478.0 0.478594
4479.0 0.478534
4480.0 0.478475
4481.0 0.478415
4482.0 0.478354
4483.0 0.478293
4484.0 0.478231
4485.0 0.478169
4486.0 0.478106
4487.0 0.478042
4488.0 0.477978
4489.0 0.477913
4490.0 0.477849
4491.0 0.477783
4492.0 0.477716
4493.0 0.47765
4494.0 0.477582
4495.0 0.477514
4496.0 0.477446
4497.0 0.477377
4498.0 0.477307
4499.0 0.477237
4500.0 0.477166
4501.0 0.477095
4502.0 0.477023
4503.0 0.47695
4504.0 0.476877
4505.0 0.476804
4506.0 0.476729
4507.0 0.476655
4508.0 0.476579
4509.0 0.476503
4510.0 0.476427
4511.0 0.47635
4512.0 0.476272
4513.0 0.476194
4514.0 0.476116
4515.0 0.476037
4516.0 0.475957
4517.0 0.475877
4518.0 0.475796
4519.0 0.475715
4520.0 0.475633
4521.0 0.475551
4522.0 0.475468
4523.0 0.475385
4524.0 0.475301
4525.0 0.475217
4526.0 0.475132
4527.0 0.475047
4528.0 0.474962
4529.0 0.474875
4530.0 0.474789
4531.0 0.474702
4532.0 0.474615
4533.0 0.474527
4534.0 0.474439
4535.0 0.47435
4536.0 0.474261
4537.0 0.474172
4538.0 0.474082
4539.0 0.473991
4540.0 0.473901
4541.0 0.47381
4542.0 0.473719
4543.0 0.473627
4544.0 0.473535
4545.0 0.473442
4546.0 0.47335
4547.0 0.473257
4548.0 0.473164
4549.0 0.47307
4550.0 0.472976
4551.0 0.472882
4552.0 0.472787
4553.0 0.472692
4554.0 0.472597
4555.0 0.472502
4556.0 0.472406
4557.0 0.47231
4558.0 0.472214
4559.0 0.472118
4560.0 0.472021
4561.0 0.471924
4562.0 0.471827
4563.0 0.47173
4564.0 0.471632
4565.0 0.471534
4566.0 0.471437
4567.0 0.471338
4568.0 0.47124
4569.0 0.471141
4570.0 0.471043
4571.0 0.470944
4572.0 0.470845
4573.0 0.470746
4574.0 0.470647
4575.0 0.470548
4576.0 0.470449
4577.0 0.47035
4578.0 0.470251
4579.0 0.470152
4580.0 0.470053
4581.0 0.469954
4582.0 0.469856
4583.0 0.469757
4584.0 0.469659
4585.0 0.46956
4586.0 0.469462
4587.0 0.469364
4588.0 0.469266
4589.0 0.469169
4590.0 0.469071
4591.0 0.468974
4592.0 0.468878
4593.0 0.468781
4594.0 0.468685
4595.0 0.468589
4596.0 0.468493
4597.0 0.468398
4598.0 0.468303
4599.0 0.468209
4600.0 0.468115
4601.0 0.468021
4602.0 0.467927
4603.0 0.467834
4604.0 0.467742
4605.0 0.46765
4606.0 0.467558
4607.0 0.467467
4608.0 0.467376
4609.0 0.467286
4610.0 0.467196
4611.0 0.467106
4612.0 0.467017
4613.0 0.466929
4614.0 0.466841
4615.0 0.466754
4616.0 0.466667
4617.0 0.46658
4618.0 0.466495
4619.0 0.466409
4620.0 0.466324
4621.0 0.46624
4622.0 0.466156
4623.0 0.466073
4624.0 0.465991
4625.0 0.465909
4626.0 0.465827
4627.0 0.465746
4628.0 0.465665
4629.0 0.465586
4630.0 0.465506
4631.0 0.465427
4632.0 0.465349
4633.0 0.465271
4634.0 0.465194
4635.0 0.465117
4636.0 0.465041
4637.0 0.464966
4638.0 0.464891
4639.0 0.464816
4640.0 0.464742
4641.0 0.464668
4642.0 0.464595
4643.0 0.464523
4644.0 0.464451
4645.0 0.46438
4646.0 0.464309
4647.0 0.464238
4648.0 0.464168
4649.0 0.464099
4650.0 0.46403
4651.0 0.463961
4652.0 0.463893
4653.0 0.463825
4654.0 0.463758
4655.0 0.463691
4656.0 0.463625
4657.0 0.463559
4658.0 0.463494
4659.0 0.463428
4660.0 0.463364
4661.0 0.463299
4662.0 0.463235
4663.0 0.463172
4664.0 0.463108
4665.0 0.463045
4666.0 0.462983
4667.0 0.462921
4668.0 0.462859
4669.0 0.462797
4670.0 0.462736
4671.0 0.462675
4672.0 0.462614
4673.0 0.462553
4674.0 0.462493
4675.0 0.462433
4676.0 0.462373
4677.0 0.462313
4678.0 0.462254
4679.0 0.462195
4680.0 0.462136
4681.0 0.462077
4682.0 0.462018
4683.0 0.46196
4684.0 0.461901
4685.0 0.461843
4686.0 0.461785
4687.0 0.461727
4688.0 0.461669
4689.0 0.461611
4690.0 0.461553
4691.0 0.461495
4692.0 0.461437
4693.0 0.46138
4694.0 0.461322
4695.0 0.461265
4696.0 0.461207
4697.0 0.461149
4698.0 0.461092
4699.0 0.461034
4700.0 0.460976
4701.0 0.460918
4702.0 0.460861
4703.0 0.460803
4704.0 0.460745
4705.0 0.460687
4706.0 0.460629
4707.0 0.460571
4708.0 0.460512
4709.0 0.460454
4710.0 0.460396
4711.0 0.460337
4712.0 0.460278
4713.0 0.460219
4714.0 0.46016
4715.0 0.460101
4716.0 0.460042
4717.0 0.459982
4718.0 0.459922
4719.0 0.459863
4720.0 0.459803
4721.0 0.459743
4722.0 0.459682
4723.0 0.459622
4724.0 0.459561
4725.0 0.4595
4726.0 0.459439
4727.0 0.459378
4728.0 0.459316
4729.0 0.459254
4730.0 0.459192
4731.0 0.45913
4732.0 0.459068
4733.0 0.459005
4734.0 0.458942
4735.0 0.458879
4736.0 0.458816
4737.0 0.458753
4738.0 0.458689
4739.0 0.458626
4740.0 0.458561
4741.0 0.458498
4742.0 0.458433
4743.0 0.458369
4744.0 0.458304
4745.0 0.458239
4746.0 0.458174
4747.0 0.458109
4748.0 0.458043
4749.0 0.457978
4750.0 0.457912
4751.0 0.457846
4752.0 0.457781
4753.0 0.457714
4754.0 0.457648
4755.0 0.457582
4756.0 0.457516
4757.0 0.457449
4758.0 0.457383
4759.0 0.457316
4760.0 0.457249
4761.0 0.457183
4762.0 0.457116
4763.0 0.457049
4764.0 0.456982
4765.0 0.456915
4766.0 0.456849
4767.0 0.456782
4768.0 0.456715
4769.0 0.456649
4770.0 0.456582
4771.0 0.456516
4772.0 0.45645
4773.0 0.456383
4774.0 0.456317
4775.0 0.456251
4776.0 0.456185
4777.0 0.45612
4778.0 0.456055
4779.0 0.455989
4780.0 0.455925
4781.0 0.45586
4782.0 0.455795
4783.0 0.455731
4784.0 0.455668
4785.0 0.455604
4786.0 0.455541
4787.0 0.455479
4788.0 0.455416
4789.0 0.455354
4790.0 0.455292
4791.0 0.455231
4792.0 0.45517
4793.0 0.45511
4794.0 0.455049
4795.0 0.45499
4796.0 0.45493
4797.0 0.454871
4798.0 0.454812
4799.0 0.454754
4800.0 0.454696
4801.0 0.454639
4802.0 0.454582
4803.0 0.454525
4804.0 0.454469
4805.0 0.454413
4806.0 0.454358
4807.0 0.454303
4808.0 0.454248
4809.0 0.454194
4810.0 0.45414
4811.0 0.454087
4812.0 0.454034
4813.0 0.453982
4814.0 0.45393
4815.0 0.453878
4816.0 0.453827
4817.0 0.453777
4818.0 0.453727
4819.0 0.453677
4820.0 0.453628
4821.0 0.453579
4822.0 0.453531
4823.0 0.453484
4824.0 0.453437
4825.0 0.45339
4826.0 0.453344
4827.0 0.453298
4828.0 0.453253
4829.0 0.453208
4830.0 0.453164
4831.0 0.453121
4832.0 0.453078
4833.0 0.453035
4834.0 0.452993
4835.0 0.452952
4836.0 0.452911
4837.0 0.45287
4838.0 0.452831
4839.0 0.452791
4840.0 0.452753
4841.0 0.452714
4842.0 0.452677
4843.0 0.45264
4844.0 0.452603
4845.0 0.452567
4846.0 0.452531
4847.0 0.452496
4848.0 0.452462
4849.0 0.452428
4850.0 0.452395
4851.0 0.452362
4852.0 0.452329
4853.0 0.452298
4854.0 0.452266
4855.0 0.452236
4856.0 0.452205
4857.0 0.452175
4858.0 0.452146
4859.0 0.452117
4860.0 0.452089
4861.0 0.452062
4862.0 0.452034
4863.0 0.452007
4864.0 0.451981
4865.0 0.451955
4866.0 0.45193
4867.0 0.451905
4868.0 0.45188
4869.0 0.451856
4870.0 0.451832
4871.0 0.451809
4872.0 0.451786
4873.0 0.451764
4874.0 0.451741
4875.0 0.45172
4876.0 0.451698
4877.0 0.451677
4878.0 0.451656
4879.0 0.451636
4880.0 0.451615
4881.0 0.451596
4882.0 0.451576
4883.0 0.451557
4884.0 0.451538
4885.0 0.451518
4886.0 0.4515
4887.0 0.451481
4888.0 0.451463
4889.0 0.451445
4890.0 0.451427
4891.0 0.451409
4892.0 0.451391
4893.0 0.451373
4894.0 0.451355
4895.0 0.451338
4896.0 0.45132
4897.0 0.451302
4898.0 0.451284
4899.0 0.451267
4900.0 0.451249
4901.0 0.451231
4902.0 0.451213
4903.0 0.451195
4904.0 0.451177
4905.0 0.451158
4906.0 0.45114
4907.0 0.451121
4908.0 0.451102
4909.0 0.451082
4910.0 0.451063
4911.0 0.451043
4912.0 0.451023
4913.0 0.451002
4914.0 0.450981
4915.0 0.450959
4916.0 0.450937
4917.0 0.450915
4918.0 0.450892
4919.0 0.450869
4920.0 0.450845
4921.0 0.45082
4922.0 0.450795
4923.0 0.450769
4924.0 0.450743
4925.0 0.450716
4926.0 0.450688
4927.0 0.45066
4928.0 0.450631
4929.0 0.450601
4930.0 0.45057
4931.0 0.450538
4932.0 0.450505
4933.0 0.450472
4934.0 0.450438
4935.0 0.450403
4936.0 0.450366
4937.0 0.450329
4938.0 0.45029
4939.0 0.450251
4940.0 0.450211
4941.0 0.450169
4942.0 0.450127
4943.0 0.450083
4944.0 0.450038
4945.0 0.449991
4946.0 0.449944
4947.0 0.449895
4948.0 0.449846
4949.0 0.449794
4950.0 0.449742
4951.0 0.449687
4952.0 0.449632
4953.0 0.449576
4954.0 0.449517
4955.0 0.449458
4956.0 0.449397
4957.0 0.449334
4958.0 0.44927
4959.0 0.449204
4960.0 0.449137
4961.0 0.449069
4962.0 0.448998
4963.0 0.448926
4964.0 0.448853
4965.0 0.448777
4966.0 0.4487
4967.0 0.448622
4968.0 0.448542
4969.0 0.448459
4970.0 0.448375
4971.0 0.44829
4972.0 0.448203
4973.0 0.448113
4974.0 0.448023
4975.0 0.44793
4976.0 0.447835
4977.0 0.447739
4978.0 0.44764
4979.0 0.44754
4980.0 0.447438
4981.0 0.447334
4982.0 0.447228
4983.0 0.44712
4984.0 0.44701
4985.0 0.446899
4986.0 0.446785
4987.0 0.446669
4988.0 0.446552
4989.0 0.446432
4990.0 0.446311
4991.0 0.446187
4992.0 0.446061
4993.0 0.445934
4994.0 0.445804
4995.0 0.445673
4996.0 0.445539
4997.0 0.445404
4998.0 0.445266
4999.0 0.445127
5000.0 0.444985
5001.0 0.444842
5002.0 0.444696
5003.0 0.444548
5004.0 0.444399
5005.0 0.444248
5006.0 0.444094
5007.0 0.443939
5008.0 0.443782
5009.0 0.443623
5010.0 0.443463
5011.0 0.4433
5012.0 0.443136
5013.0 0.44297
5014.0 0.442802
5015.0 0.442633
5016.0 0.442462
5017.0 0.442289
5018.0 0.442114
5019.0 0.441939
5020.0 0.441761
5021.0 0.441582
5022.0 0.441401
5023.0 0.441219
5024.0 0.441036
5025.0 0.440851
5026.0 0.440665
5027.0 0.440478
5028.0 0.440289
5029.0 0.440099
5030.0 0.439907
5031.0 0.439714
5032.0 0.439521
5033.0 0.439326
5034.0 0.43913
5035.0 0.438932
5036.0 0.438734
5037.0 0.438535
5038.0 0.438335
5039.0 0.438133
5040.0 0.437931
5041.0 0.437728
5042.0 0.437524
5043.0 0.43732
5044.0 0.437114
5045.0 0.436908
5046.0 0.436701
5047.0 0.436493
5048.0 0.436285
5049.0 0.436076
5050.0 0.435866
5051.0 0.435656
5052.0 0.435445
5053.0 0.435234
5054.0 0.435023
5055.0 0.434811
5056.0 0.434598
5057.0 0.434386
5058.0 0.434173
5059.0 0.433959
5060.0 0.433746
5061.0 0.433532
5062.0 0.433318
5063.0 0.433104
5064.0 0.432889
5065.0 0.432675
5066.0 0.43246
5067.0 0.432246
5068.0 0.432032
5069.0 0.431817
5070.0 0.431602
5071.0 0.431388
5072.0 0.431173
5073.0 0.430959
5074.0 0.430745
5075.0 0.430531
5076.0 0.430317
5077.0 0.430104
5078.0 0.429891
5079.0 0.429678
5080.0 0.429465
5081.0 0.429253
5082.0 0.429041
5083.0 0.428829
5084.0 0.428618
5085.0 0.428407
5086.0 0.428196
5087.0 0.427986
5088.0 0.427776
5089.0 0.427567
5090.0 0.427359
5091.0 0.42715
5092.0 0.426943
5093.0 0.426735
5094.0 0.426529
5095.0 0.426323
5096.0 0.426117
5097.0 0.425912
5098.0 0.425708
5099.0 0.425504
5100.0 0.425301
5101.0 0.425098
5102.0 0.424896
5103.0 0.424695
5104.0 0.424494
5105.0 0.424294
5106.0 0.424095
5107.0 0.423896
5108.0 0.423698
5109.0 0.4235
5110.0 0.423303
5111.0 0.423107
5112.0 0.422911
5113.0 0.422716
5114.0 0.422522
5115.0 0.422328
5116.0 0.422135
5117.0 0.421943
5118.0 0.421751
5119.0 0.421559
5120.0 0.421369
5121.0 0.421178
5122.0 0.420989
5123.0 0.4208
5124.0 0.420611
5125.0 0.420424
5126.0 0.420236
5127.0 0.420049
5128.0 0.419863
5129.0 0.419677
5130.0 0.419492
5131.0 0.419307
5132.0 0.419123
5133.0 0.418939
5134.0 0.418755
5135.0 0.418572
5136.0 0.41839
5137.0 0.418207
5138.0 0.418025
5139.0 0.417844
5140.0 0.417663
5141.0 0.417481
5142.0 0.417301
5143.0 0.41712
5144.0 0.41694
5145.0 0.41676
5146.0 0.41658
5147.0 0.416401
5148.0 0.416221
5149.0 0.416042
5150.0 0.415863
5151.0 0.415684
5152.0 0.415505
5153.0 0.415326
5154.0 0.415147
5155.0 0.414968
5156.0 0.414789
5157.0 0.41461
5158.0 0.414431
5159.0 0.414252
5160.0 0.414073
5161.0 0.413894
5162.0 0.413714
5163.0 0.413534
5164.0 0.413355
5165.0 0.413175
5166.0 0.412995
5167.0 0.412814
5168.0 0.412634
5169.0 0.412453
5170.0 0.412271
5171.0 0.41209
5172.0 0.411908
5173.0 0.411726
5174.0 0.411544
5175.0 0.411361
5176.0 0.411177
5177.0 0.410994
5178.0 0.410809
5179.0 0.410625
5180.0 0.41044
5181.0 0.410255
5182.0 0.410069
5183.0 0.409882
5184.0 0.409695
5185.0 0.409508
5186.0 0.40932
5187.0 0.409132
5188.0 0.408943
5189.0 0.408754
5190.0 0.408564
5191.0 0.408373
5192.0 0.408182
5193.0 0.407991
5194.0 0.407799
5195.0 0.407606
5196.0 0.407413
5197.0 0.407219
5198.0 0.407025
5199.0 0.406831
5200.0 0.406635
5201.0 0.40644
5202.0 0.406243
5203.0 0.406047
5204.0 0.40585
5205.0 0.405652
5206.0 0.405454
5207.0 0.405255
5208.0 0.405057
5209.0 0.404857
5210.0 0.404657
5211.0 0.404457
5212.0 0.404257
5213.0 0.404056
5214.0 0.403855
5215.0 0.403653
5216.0 0.403452
5217.0 0.40325
5218.0 0.403048
5219.0 0.402845
5220.0 0.402643
5221.0 0.40244
5222.0 0.402237
5223.0 0.402035
5224.0 0.401832
5225.0 0.401629
5226.0 0.401426
5227.0 0.401223
5228.0 0.401021
5229.0 0.400818
5230.0 0.400616
5231.0 0.400414
5232.0 0.400212
5233.0 0.400011
5234.0 0.399809
5235.0 0.399609
5236.0 0.399408
5237.0 0.399208
5238.0 0.399009
5239.0 0.39881
5240.0 0.398612
5241.0 0.398414
5242.0 0.398217
5243.0 0.398022
5244.0 0.397826
5245.0 0.397632
5246.0 0.397439
5247.0 0.397246
5248.0 0.397055
5249.0 0.396864
5250.0 0.396675
5251.0 0.396487
5252.0 0.3963
5253.0 0.396114
5254.0 0.39593
5255.0 0.395747
5256.0 0.395566
5257.0 0.395386
5258.0 0.395208
5259.0 0.395031
5260.0 0.394855
5261.0 0.394682
5262.0 0.39451
5263.0 0.394341
5264.0 0.394173
5265.0 0.394007
5266.0 0.393843
5267.0 0.393681
5268.0 0.393521
5269.0 0.393363
5270.0 0.393207
5271.0 0.393053
5272.0 0.392902
5273.0 0.392753
5274.0 0.392606
5275.0 0.392461
5276.0 0.392319
5277.0 0.39218
5278.0 0.392042
5279.0 0.391908
5280.0 0.391775
5281.0 0.391646
5282.0 0.391519
5283.0 0.391394
5284.0 0.391272
5285.0 0.391153
5286.0 0.391037
5287.0 0.390923
5288.0 0.390812
5289.0 0.390704
5290.0 0.390599
5291.0 0.390497
5292.0 0.390397
5293.0 0.3903
5294.0 0.390206
5295.0 0.390115
5296.0 0.390027
5297.0 0.389942
5298.0 0.38986
5299.0 0.389781
5300.0 0.389705
5301.0 0.389632
5302.0 0.389562
5303.0 0.389494
5304.0 0.38943
5305.0 0.389369
5306.0 0.389311
5307.0 0.389256
5308.0 0.389203
5309.0 0.389154
5310.0 0.389108
5311.0 0.389065
5312.0 0.389024
5313.0 0.388987
5314.0 0.388952
5315.0 0.388921
5316.0 0.388892
5317.0 0.388866
5318.0 0.388843
5319.0 0.388823
5320.0 0.388806
5321.0 0.388791
5322.0 0.388779
5323.0 0.38877
5324.0 0.388764
5325.0 0.38876
5326.0 0.388759
5327.0 0.388761
5328.0 0.388765
5329.0 0.388771
5330.0 0.388781
5331.0 0.388792
5332.0 0.388806
5333.0 0.388822
5334.0 0.388841
5335.0 0.388862
5336.0 0.388885
5337.0 0.38891
5338.0 0.388937
5339.0 0.388967
5340.0 0.388998
5341.0 0.389032
5342.0 0.389067
5343.0 0.389104
5344.0 0.389143
5345.0 0.389183
5346.0 0.389226
5347.0 0.38927
5348.0 0.389316
5349.0 0.389363
5350.0 0.389412
5351.0 0.389462
5352.0 0.389513
5353.0 0.389566
5354.0 0.38962
5355.0 0.389676
5356.0 0.389732
5357.0 0.389789
5358.0 0.389848
5359.0 0.389907
5360.0 0.389968
5361.0 0.390029
5362.0 0.390091
5363.0 0.390154
5364.0 0.390217
5365.0 0.390282
5366.0 0.390346
5367.0 0.390412
5368.0 0.390478
5369.0 0.390544
5370.0 0.390611
5371.0 0.390678
5372.0 0.390745
5373.0 0.390813
5374.0 0.390881
5375.0 0.390949
5376.0 0.391017
5377.0 0.391086
5378.0 0.391154
5379.0 0.391223
5380.0 0.391291
5381.0 0.39136
5382.0 0.391428
5383.0 0.391497
5384.0 0.391565
5385.0 0.391634
5386.0 0.391702
5387.0 0.39177
5388.0 0.391838
5389.0 0.391905
5390.0 0.391973
5391.0 0.39204
5392.0 0.392107
5393.0 0.392174
5394.0 0.392241
5395.0 0.392308
5396.0 0.392374
5397.0 0.39244
5398.0 0.392506
5399.0 0.392571
5400.0 0.392637
5401.0 0.392703
5402.0 0.392768
5403.0 0.392833
5404.0 0.392898
5405.0 0.392963
5406.0 0.393028
5407.0 0.393093
5408.0 0.393158
5409.0 0.393222
5410.0 0.393287
5411.0 0.393352
5412.0 0.393417
5413.0 0.393483
5414.0 0.393548
5415.0 0.393614
5416.0 0.39368
5417.0 0.393746
5418.0 0.393813
5419.0 0.39388
5420.0 0.393948
5421.0 0.394016
5422.0 0.394085
5423.0 0.394154
5424.0 0.394224
5425.0 0.394295
5426.0 0.394367
5427.0 0.394439
5428.0 0.394512
5429.0 0.394586
5430.0 0.394662
5431.0 0.394738
5432.0 0.394816
5433.0 0.394894
5434.0 0.394974
5435.0 0.395056
5436.0 0.395138
5437.0 0.395222
5438.0 0.395308
5439.0 0.395395
5440.0 0.395483
5441.0 0.395573
5442.0 0.395665
5443.0 0.395759
5444.0 0.395854
5445.0 0.395952
5446.0 0.396051
5447.0 0.396152
5448.0 0.396255
5449.0 0.39636
5450.0 0.396467
5451.0 0.396576
5452.0 0.396688
5453.0 0.396802
5454.0 0.396918
5455.0 0.397036
5456.0 0.397156
5457.0 0.397279
5458.0 0.397404
5459.0 0.397531
5460.0 0.397661
5461.0 0.397794
5462.0 0.397928
5463.0 0.398065
5464.0 0.398205
5465.0 0.398347
5466.0 0.398492
5467.0 0.398639
5468.0 0.398788
5469.0 0.39894
5470.0 0.399095
5471.0 0.399252
5472.0 0.399411
5473.0 0.399573
5474.0 0.399738
5475.0 0.399905
5476.0 0.400075
5477.0 0.400246
5478.0 0.400421
5479.0 0.400597
5480.0 0.400777
5481.0 0.400958
5482.0 0.401142
5483.0 0.401328
5484.0 0.401516
5485.0 0.401707
5486.0 0.4019
5487.0 0.402096
5488.0 0.402293
5489.0 0.402493
5490.0 0.402695
5491.0 0.402899
5492.0 0.403105
5493.0 0.403314
5494.0 0.403524
5495.0 0.403736
5496.0 0.403951
5497.0 0.404167
5498.0 0.404386
5499.0 0.404606
5500.0 0.404829
5501.0 0.405053
5502.0 0.40528
5503.0 0.405508
5504.0 0.405738
5505.0 0.405971
5506.0 0.406205
5507.0 0.406441
5508.0 0.406679
5509.0 0.406919
5510.0 0.407161
5511.0 0.407405
5512.0 0.407651
5513.0 0.407899
5514.0 0.408149
5515.0 0.408401
5516.0 0.408655
5517.0 0.408911
5518.0 0.40917
5519.0 0.40943
5520.0 0.409693
5521.0 0.409958
5522.0 0.410225
5523.0 0.410495
5524.0 0.410766
5525.0 0.411041
5526.0 0.411317
5527.0 0.411596
5528.0 0.411878
5529.0 0.412162
5530.0 0.412448
5531.0 0.412737
5532.0 0.413029
5533.0 0.413323
5534.0 0.41362
5535.0 0.41392
5536.0 0.414222
5537.0 0.414526
5538.0 0.414834
5539.0 0.415144
5540.0 0.415456
5541.0 0.415771
5542.0 0.416088
5543.0 0.416408
5544.0 0.41673
5545.0 0.417055
5546.0 0.417381
5547.0 0.417709
5548.0 0.41804
5549.0 0.418372
5550.0 0.418706
5551.0 0.419041
5552.0 0.419377
5553.0 0.419714
5554.0 0.420052
5555.0 0.420391
5556.0 0.42073
5557.0 0.421068
5558.0 0.421407
5559.0 0.421745
5560.0 0.422082
5561.0 0.422418
5562.0 0.422752
5563.0 0.423084
5564.0 0.423414
5565.0 0.423742
5566.0 0.424067
5567.0 0.424388
5568.0 0.424706
5569.0 0.425021
5570.0 0.425331
5571.0 0.425637
5572.0 0.425938
5573.0 0.426235
5574.0 0.426527
5575.0 0.426815
5576.0 0.427097
5577.0 0.427376
5578.0 0.42765
5579.0 0.427921
5580.0 0.428188
5581.0 0.428453
5582.0 0.428716
5583.0 0.428979
5584.0 0.429243
5585.0 0.429509
5586.0 0.429779
5587.0 0.430056
5588.0 0.430342
5589.0 0.43064
5590.0 0.430954
5591.0 0.431286
5592.0 0.431642
5593.0 0.432026
5594.0 0.432444
5595.0 0.432902
5596.0 0.433407
5597.0 0.433967
5598.0 0.43459
5599.0 0.435285
5600.0 0.436064
