# %ECSV 1.0
# ---
# datatype:
# - {name: WAV, unit: Angstrom, datatype: float32}
# - {name: EFF, datatype: float64}
# meta: !!omap
# - {GRISM: 400/3400}
# - {DICHROIC: D460}
# schema: astropy-2.0
WAV EFF
3100.0 0.06261712284875158
3101.0 0.0631357902171537
3102.0 0.06370230512876632
3103.0 0.0643090119766758
3104.0 0.06495016905569684
3105.0 0.06562194856237263
3106.0 0.06631956574238211
3107.0 0.06703823584140421
3108.0 0.06777413105598211
3109.0 0.06852629443525159
3110.0 0.06928898427402737
3111.0 0.07006220057230948
3112.0 0.07084211552664105
3113.0 0.0716277721861579
3114.0 0.07241821359999578
3115.0 0.0732105689155621
3116.0 0.07400388118199264
3117.0 0.07479815039928736
3118.0 0.0755924196165821
3119.0 0.07638573188301263
3120.0 0.07717713024771473
3121.0 0.07796661471068843
3122.0 0.07875322832106947
3123.0 0.07953792802972211
3124.0 0.08032071383664631
3125.0 0.08109967184011369
3126.0 0.08187671594185263
3127.0 0.08265184614186316
3128.0 0.08342314853841684
3129.0 0.08419253703324212
3130.0 0.08496001162633895
3131.0 0.08572557231770736
3132.0 0.08648826215648316
3133.0 0.08724999504439475
3134.0 0.0880098140305779
3135.0 0.08876867606589683
3136.0 0.08952562419948737
3137.0 0.09028257233307789
3138.0 0.09103760656493999
3139.0 0.0917926407968021
3140.0 0.0925467180778
3141.0 0.0933007953587979
3142.0 0.09405391568893158
3143.0 0.09480703601906526
3144.0 0.09556015634919895
3145.0 0.09631327667933264
3146.0 0.09706639700946632
3147.0 0.09781856038873579
3148.0 0.09857168071886947
3149.0 0.09932384409813895
3150.0 0.10007600747740843
3151.0 0.10082817085667789
3152.0 0.10158033423594737
3153.0 0.10233154066435264
3154.0 0.10308274709275789
3155.0 0.10383299657029896
3156.0 0.10458228909697578
3157.0 0.10533062467278842
3158.0 0.10607800329773685
3159.0 0.10682442497182104
3160.0 0.10756893274417684
3161.0 0.10831248356566842
3162.0 0.10905316353456737
3163.0 0.10979288655260211
3164.0 0.11052973871804421
3165.0 0.11126372003089369
3166.0 0.11199483049115053
3167.0 0.11272402704967895
3168.0 0.11344939580475054
3169.0 0.11417093675636526
3170.0 0.11488864990452316
3171.0 0.11560349220008842
3172.0 0.11631354974133264
3173.0 0.1170188225282558
3174.0 0.11772026751172211
3175.0 0.11841692774086737
3176.0 0.11910784626482736
3177.0 0.11979398003446631
3178.0 0.12047437209892001
3179.0 0.12114902245818841
3180.0 0.12181793111227157
3181.0 0.12248109806116947
3182.0 0.12313852330488209
3183.0 0.12378924989254526
3184.0 0.12443327782415896
3185.0 0.12507060709972317
3186.0 0.12570123771923788
3187.0 0.12632516968270316
3188.0 0.12694240299011894
3189.0 0.12755293764148526
3190.0 0.1281558166859379
3191.0 0.12875104012347685
3192.0 0.12933956490496631
3193.0 0.1299204340795421
3194.0 0.13049460459806841
3195.0 0.13106111950968105
3196.0 0.13161997881438
3197.0 0.13217213946302947
3198.0 0.13271664450476528
3199.0 0.13325349393958738
3200.0 0.13378364471836002
3201.0 0.13430709684108316
3202.0 0.13482193640602844
3203.0 0.1353310342657884
3204.0 0.13583247651863475
3205.0 0.13632722011543158
3206.0 0.13681526505617897
3207.0 0.13729661134087684
3208.0 0.13777221592038946
3209.0 0.13824016489298843
3210.0 0.13870332911126632
3211.0 0.13915979467349474
3212.0 0.1396095615796737
3213.0 0.1400545437315316
3214.0 0.1404937841782042
3215.0 0.1409282398705558
3216.0 0.1413569538577221
3217.0 0.14178088309056738
3218.0 0.1422009845199558
3219.0 0.14261534424415895
3220.0 0.14302587616490528
3221.0 0.14343258028219474
3222.0 0.14383545659602737
3223.0 0.14423546205726737
3224.0 0.14463163971505053
3225.0 0.14502398956937684
3226.0 0.14541442552197476
3227.0 0.14580199062198
3228.0 0.14618764182025684
3229.0 0.14657042216594104
3230.0 0.14695224556076106
3231.0 0.14733119810298845
3232.0 0.14771015064521578
3233.0 0.14808718928571474
3234.0 0.1484642279262137
3235.0 0.14884030961584843
3236.0 0.14921639130548317
3237.0 0.14959151604425366
3238.0 0.1499675977338884
3239.0 0.15034367942352317
3240.0 0.1507207180640221
3241.0 0.15109871365538527
3242.0 0.15147766619761263
3243.0 0.15185853264156843
3244.0 0.15224035603638844
3245.0 0.15262409333293683
3246.0 0.1530097445312137
3247.0 0.15339826658208316
3248.0 0.15378870253468105
3249.0 0.15418200933987158
3250.0 0.15457818699765474
3251.0 0.15497723550803053
3252.0 0.15538011182186315
3253.0 0.15578585898828842
3254.0 0.15619543395817054
3255.0 0.15660883673150947
3256.0 0.1570260673083053
3257.0 0.1574471256885579
3258.0 0.1578729688231316
3259.0 0.1583026397611621
3260.0 0.1587370954535137
3261.0 0.15917633590018632
3262.0 0.15962036110118
3263.0 0.16006917105649474
3264.0 0.16052276576613053
3265.0 0.16098114523008739
3266.0 0.1614452663992295
3267.0 0.16191512927355683
3268.0 0.16238977690220527
3269.0 0.16286920928517473
3270.0 0.1633553403241937
3271.0 0.1638462561175337
3272.0 0.16434291361605896
3273.0 0.16484531281976947
3274.0 0.16535345372866528
3275.0 0.16586733634274634
3276.0 0.16638696066201264
3277.0 0.16691232668646422
3278.0 0.16744343441610104
3279.0 0.16798028385092315
3280.0 0.16852383194179474
3281.0 0.16907216478698736
3282.0 0.16962623933736526
3283.0 0.17018605559292843
3284.0 0.17075257050454107
3285.0 0.17132387017047473
3286.0 0.17190091154159368
3287.0 0.1724836946178979
3288.0 0.17307221939938736
3289.0 0.1736655289351979
3290.0 0.17426458017619367
3291.0 0.17486937312237474
3292.0 0.17547895082287684
3293.0 0.17609427022856422
3294.0 0.17671437438857263
3295.0 0.17734022025376633
3296.0 0.17797085087328107
3297.0 0.17860626624711684
3298.0 0.1792464663752737
3299.0 0.1798914512577516
3300.0 0.1805402639436863
3301.0 0.1811948183348063
3302.0 0.18185320052938317
3303.0 0.18251541052741685
3304.0 0.1831824052797716
3305.0 0.18385322783558314
3306.0 0.1845288351457158
3307.0 0.18520731330844104
3308.0 0.18588961927462316
3309.0 0.1865757530442621
3310.0 0.1872657146173579
3311.0 0.18795854704304632
3312.0 0.18865425032132738
3313.0 0.18935378140306525
3314.0 0.1900561833373958
3315.0 0.19076049917345472
3316.0 0.19146864281297055
3317.0 0.19217870035421475
3318.0 0.19289162874805157
3319.0 0.19360647104361683
3320.0 0.19432418419177475
3321.0 0.19504285429079685
3322.0 0.1957643952424116
3323.0 0.19648689314489054
3324.0 0.1972122618999621
3325.0 0.1979385876058979
3326.0 0.1986658702626979
3327.0 0.19939506682122632
3328.0 0.20012522033061897
3329.0 0.20085633079087578
3330.0 0.20158839820199687
3331.0 0.2023204656131179
3332.0 0.20305444692596736
3333.0 0.20378747128795263
3334.0 0.2045214526008021
3335.0 0.20525543391365159
3336.0 0.20598941522650105
3337.0 0.20672243958848632
3338.0 0.20745642090133581
3339.0 0.20818944526332106
3340.0 0.2089215126744421
3341.0 0.20965262313469896
3342.0 0.21038373359495577
3343.0 0.2111129301534842
3344.0 0.21184212671201264
3345.0 0.21256940936881263
3346.0 0.21329477812388423
3347.0 0.2140191899280916
3348.0 0.21474264478143473
3349.0 0.21546322878218527
3350.0 0.21618285583207159
3351.0 0.21689961202936525
3352.0 0.21761541127579473
3353.0 0.21832833966963158
3354.0 0.21903935416174003
3355.0 0.21974845475212001
3356.0 0.22045468448990738
3357.0 0.22115804337510211
3358.0 0.2218585314077042
3359.0 0.2225571055385779
3360.0 0.22325280881685897
3361.0 0.22394564124254737
3362.0 0.22463560281564315
3363.0 0.22532173658528212
3364.0 0.22600595645319263
3365.0 0.22668634851764632
3366.0 0.22736386972950737
3367.0 0.2280375631379116
3368.0 0.22870934264458737
3369.0 0.2293763373969421
3370.0 0.23004046129670422
3371.0 0.23070171434387368
3372.0 0.23135913958758633
3373.0 0.23201273702784211
3374.0 0.23266250666464106
3375.0 0.23330940544884737
3376.0 0.23395247642959685
3377.0 0.2345917196068895
3378.0 0.23522713498072526
3379.0 0.2358587225511042
3380.0 0.23648743926889054
3381.0 0.2371113712323558
3382.0 0.23773243234322844
3383.0 0.2383496656506442
3384.0 0.23896211420373895
3385.0 0.23957169190424105
3386.0 0.2401774418012863
3387.0 0.24077936389487473
3388.0 0.24137745818500633
3389.0 0.24197172467168104
3390.0 0.24256216335489894
3391.0 0.24314877423466
3392.0 0.2437315573109642
3393.0 0.24431146953467578
3394.0 0.24488659700406631
3395.0 0.2454588536208642
3396.0 0.2460272824342053
3397.0 0.24659284039495372
3398.0 0.24715457055224524
3399.0 0.24771247290607998
3400.0 0.24826750440732212
3401.0 0.2488187081051074
3402.0 0.24936704095030002
3403.0 0.24991250294290002
3404.0 0.2504541371320431
3405.0 0.2509929004685937
3406.0 0.2515287929525516
3407.0 0.25206181458391685
3408.0 0.25259196536268946
3409.0 0.2531192452888695
3410.0 0.25364365436245684
3411.0 0.25416519258345155
3412.0 0.2546838599518537
3413.0 0.2552006134185274
3414.0 0.25571449603260843
3415.0 0.25622550779409686
3416.0 0.25673460565385686
3417.0 0.2572417896118884
3418.0 0.2577461027173274
3419.0 0.2582485019210379
3420.0 0.25874898722302
3421.0 0.2592466016724095
3422.0 0.25974325917093477
3423.0 0.2602370458168674
3424.0 0.2607298755119358
3425.0 0.2612198343544116
3426.0 0.26170883624602315
3427.0 0.2621959242359063
3428.0 0.26268109832406106
3429.0 0.26316531546135163
3430.0 0.26364761869691367
3431.0 0.2641289649816116
3432.0 0.264608397364581
3433.0 0.2650868727966863
3434.0 0.26556343432706314
3435.0 0.2660390389065758
3436.0 0.2665146434860884
3437.0 0.26698737721300847
3438.0 0.26746011093992844
3439.0 0.2679318877159842
3440.0 0.26840175059031157
3441.0 0.26887161346463895
3442.0 0.2693405193881021
3443.0 0.26980846836070105
3444.0 0.27027546038243583
3445.0 0.2707414954533063
3446.0 0.2712065735733127
3447.0 0.27167165169331897
3448.0 0.2721357728624611
3449.0 0.2725998940316031
3450.0 0.2730630582498811
3451.0 0.2735252655172947
3452.0 0.2739865158338442
3453.0 0.2744487231012579
3454.0 0.27490901646694316
3455.0 0.2753693098326284
3456.0 0.2758296031983137
3457.0 0.2762889396131347
3458.0 0.2767482760279558
3459.0 0.27720761244277686
3460.0 0.2776659919067337
3461.0 0.2781243713706905
3462.0 0.2785827508346474
3463.0 0.27904017334774
3464.0 0.27949759586083267
3465.0 0.2799550183739253
3466.0 0.28041148393615367
3467.0 0.2808689064492463
3468.0 0.28132537201147473
3469.0 0.2817818375737032
3470.0 0.28223734618506735
3471.0 0.2826938117472958
3472.0 0.28314932035866003
3473.0 0.2836048289700242
3474.0 0.28406033758138843
3475.0 0.28451488924188845
3476.0 0.28496944090238846
3477.0 0.2854239925628884
3478.0 0.2858785442233884
3479.0 0.2863321389330242
3480.0 0.28678573364265997
3481.0 0.2872393283522958
3482.0 0.2876919661110674
3483.0 0.288144603869839
3484.0 0.28859724162861056
3485.0 0.28904892243651786
3486.0 0.2895006032444253
3487.0 0.2899513271014684
3488.0 0.29040205095851157
3489.0 0.2908518178646905
3490.0 0.29130062782000526
3491.0 0.29174943777532
3492.0 0.2921972907797705
3493.0 0.2926451437842211
3494.0 0.29309108288694313
3495.0 0.2935370219896653
3496.0 0.29398200414152315
3497.0 0.2944260293425168
3498.0 0.2948700545435105
3499.0 0.2953121658427758
3500.0 0.29575332019117684
3501.0 0.2961935175887137
3502.0 0.2966327580353863
3503.0 0.29707104153119473
3504.0 0.29750836807613895
3505.0 0.29794378071935473
3506.0 0.2983782364117063
3507.0 0.29881173515319365
3508.0 0.29924331999295267
3509.0 0.29967394788184737
3510.0 0.3001026618690137
3511.0 0.3005294619544516
3512.0 0.30095530508902524
3513.0 0.3013792343218705
3514.0 0.3018012496529874
3515.0 0.30222230803324
3516.0 0.3026404955609
3517.0 0.30305772613769577
3518.0 0.30347208586189894
3519.0 0.3038854886352379
3520.0 0.30429602055598426
3521.0 0.30470559552586635
3522.0 0.30511134269229157
3523.0 0.3055161329078526
3524.0 0.3059180522708211
3525.0 0.30631805773206106
3526.0 0.30671519234070843
3527.0 0.3071104130476274
3528.0 0.3075027629019537
3529.0 0.3078931988545516
3530.0 0.3082807639545569
3531.0 0.30866545820196944
3532.0 0.3090472815967895
3533.0 0.3094262341390169
3534.0 0.3098023158286516
3535.0 0.31017648361655786
3536.0 0.3105468236010074
3537.0 0.3109142927328642
3538.0 0.31127889101212847
3539.0 0.3116415753896642
3540.0 0.31199947501287895
3541.0 0.31235546073436526
3542.0 0.3127076186523947
3543.0 0.31305690571783157
3544.0 0.31340236497981155
3545.0 0.31374495338919894
3546.0 0.3140846709459937
3547.0 0.31442056069933155
3548.0 0.3147526226492126
3549.0 0.31508181374650107
3550.0 0.3154071770403326
3551.0 0.31572966948157155
3552.0 0.3160483341193537
3553.0 0.316363170953679
3554.0 0.3166751369354116
3555.0 0.3169832751136874
3556.0 0.31728758548850633
3557.0 0.3175880680598684
3558.0 0.3178847228277737
3559.0 0.31817850674308634
3560.0 0.3184684628549421
3561.0 0.31875459116334104
3562.0 0.31903689166828314
3563.0 0.31931536436976843
3564.0 0.31959000926779685
3565.0 0.3198617833132327
3566.0 0.32012877260434736
3567.0 0.3203928910428695
3568.0 0.3206531816779347
3569.0 0.3209096445095431
3570.0 0.3211622795376948
3571.0 0.3214110867623895
3572.0 0.32165606618362735
3573.0 0.3218981747522726
3574.0 0.32213549856659685
3575.0 0.3223699515283284
3576.0 0.32260057668660314
3577.0 0.32282737404142103
3578.0 0.32305130054364634
3579.0 0.3232704422915505
3580.0 0.32348671318686206
3581.0 0.3237001132295811
3582.0 0.32390872851797897
3583.0 0.32411447295378426
3584.0 0.32431734653699684
3585.0 0.3245163923167526
3586.0 0.32471161029305157
3587.0 0.3249030004658937
3588.0 0.32509247673700736
3589.0 0.3252771682538
3590.0 0.325458988918
3591.0 0.3256379387296074
3592.0 0.3258140176886221
3593.0 0.32598626884417997
3594.0 0.32615469219628107
3595.0 0.3263212016466537
3596.0 0.3264838832935695
3597.0 0.32664465103875684
3598.0 0.3268015909804874
3599.0 0.3269556600696253
3600.0 0.32710685830617053
3601.0 0.3272561426409874
3602.0 0.32740159917234735
3603.0 0.3275451418019789
3604.0 0.3276858135790179
3605.0 0.32782361450346426
3606.0 0.3279595015261821
3607.0 0.3280925176963074
3608.0 0.32822266301384
3609.0 0.32835185138050843
3610.0 0.3284781688945842
3611.0 0.3286025725069316
3612.0 0.32872410526668633
3613.0 0.32884468107557685
3614.0 0.3289623860318747
3615.0 0.32907913403730843
3616.0 0.32919301119014943
3617.0 0.3293059313921263
3618.0 0.32941789464323895
3619.0 0.32952794399262314
3620.0 0.32963607944027895
3621.0 0.32974325793707054
3622.0 0.3298485225321337
3623.0 0.32995378712719686
3624.0 0.3300571378205316
3625.0 0.3301595315630021
3626.0 0.33026192530547266
3627.0 0.33036240514621473
3628.0 0.33046288498695686
3629.0 0.3305624078768347
3630.0 0.33066193076671263
3631.0 0.3307604967057263
3632.0 0.33085906264474
3633.0 0.33095762858375366
3634.0 0.33105523757190314
3635.0 0.33115380351091683
3636.0 0.3312514124990663
3637.0 0.33134997843808
3638.0 0.33144854437709365
3639.0 0.33154711031610734
3640.0 0.33164663320598525
3641.0 0.3317471130467274
3642.0 0.33184759288746946
3643.0 0.33194998662994
3644.0 0.3320523803724105
3645.0 0.3321557310657453
3646.0 0.3322600387099442
3647.0 0.3323662602558716
3648.0 0.33247248180179895
3649.0 0.3325815742003189
3650.0 0.33269066659883895
3651.0 0.3328026298499516
3652.0 0.3329155500519284
3653.0 0.3330303841556337
3654.0 0.3331471321610674
3655.0 0.3332657940682295
3656.0 0.33338636987712
3657.0 0.3335098165386032
3658.0 0.33363517710181473
3659.0 0.33376245156675477
3660.0 0.3338916399334232
3661.0 0.3340246561035484
3662.0 0.3341595861754021
3663.0 0.3342973870998484
3664.0 0.3344380588768874
3665.0 0.334581601506519
3666.0 0.33472801498874316
3667.0 0.33487729932356
3668.0 0.3350294545109695
3669.0 0.3351854375018358
3670.0 0.33534524829615897
3671.0 0.3355079299430747
3672.0 0.33567348244258316
3673.0 0.33584381969641264
3674.0 0.3360170278028347
3675.0 0.33619502066357787
3676.0 0.3363758843769137
3677.0 0.3365605758937063
3678.0 0.33675005216482
3679.0 0.33694335623939053
3680.0 0.33714048811741787
3681.0 0.33734240474976634
3682.0 0.3375481491855716
3683.0 0.3377586783756979
3684.0 0.3379730353692811
3685.0 0.33819217711718524
3686.0 0.33841610361941055
3687.0 0.3386448148759568
3688.0 0.33887831088682424
3689.0 0.33911659165201263
3690.0 0.3393596571715221
3691.0 0.3396075074453526
3692.0 0.3398601424735042
3693.0 0.34011851920684105
3694.0 0.340381680694499
3695.0 0.34064962693647793
3696.0 0.34092331488364214
3697.0 0.3412027445359916
3698.0 0.3414869589426621
3699.0 0.3417759581036537
3700.0 0.34207069896983056
3701.0 0.34237118154119267
3702.0 0.34267740581774
3703.0 0.3429884148486084
3704.0 0.34330612253552634
3705.0 0.3436286149767653
3706.0 0.3439568491231895
3707.0 0.34429082497479896
3708.0 0.3446305425315937
3709.0 0.3449769587444379
3710.0 0.34532815971160313
3711.0 0.34568510238395367
3712.0 0.3460477867614895
3713.0 0.34641716979507475
3714.0 0.34679133758298103
3715.0 0.3471722040269368
3716.0 0.3475588121760779
3717.0 0.3479511620304042
3718.0 0.34835021054077997
3719.0 0.34875404380547687
3720.0 0.3491645757262231
3721.0 0.3495808493521547
3722.0 0.3500038216341358
3723.0 0.3504315786704379
3724.0 0.35086603436278946
3725.0 0.3513062317603263
3726.0 0.35175217086304844
3727.0 0.35220480862182
3728.0 0.35266318808577685
3729.0 0.3531273092549189
3730.0 0.3535971721292463
3731.0 0.354072776708759
3732.0 0.35455412299345684
3733.0 0.35504216793420423
3734.0 0.35553595458013687
3735.0 0.35603548293125475
3736.0 0.35654075298755794
3737.0 0.3570517647490463
3738.0 0.35756851821572
3739.0 0.3580910133875789
3740.0 0.35861925026462316
3741.0 0.35915322884685263
3742.0 0.3596919921834032
3743.0 0.36023745417600317
3744.0 0.3607877009229242
3745.0 0.36134368937503053
3746.0 0.36190541953232214
3747.0 0.36247289139479894
3748.0 0.3630451480115969
3749.0 0.3636221893827158
3750.0 0.36420497245902
3751.0 0.36479349724050947
3752.0 0.3653858498254558
3753.0 0.3659849010664516
3754.0 0.3665877801109042
3755.0 0.36719640086054206
3756.0 0.36780884941363684
3757.0 0.3684270396719168
3758.0 0.36905001468451787
3759.0 0.36967777445144
3760.0 0.3703093620218189
3761.0 0.37094573434651895
3762.0 0.37158689142554
3763.0 0.3722328332588821
3764.0 0.37288260289568104
3765.0 0.3735362003359369
3766.0 0.3741945825305137
3767.0 0.3748577494794116
3768.0 0.37552378728090213
3769.0 0.3761936528858495
3770.0 0.3768683032451179
3771.0 0.37754582445697893
3772.0 0.37822717347229684
3773.0 0.37891235029107156
3774.0 0.37960135491330316
3775.0 0.3802932303881274
3776.0 0.3809889336664084
3777.0 0.3816875077972821
3778.0 0.38238990973161263
3779.0 0.3830942255676716
3780.0 0.38380236920718735
3781.0 0.3845133836992958
3782.0 0.38522726904399684
3783.0 0.38594306829042635
3784.0 0.38666173838944845
3785.0 0.38738327934106315
3786.0 0.38810769114527055
3787.0 0.3888330599003421
3788.0 0.3895622564588705
3789.0 0.39029240996826314
3790.0 0.3910244773793842
3791.0 0.3917594156430979
3792.0 0.3924953108576758
3793.0 0.3932331199739821
3794.0 0.39397284299201685
3795.0 0.39471447991178
3796.0 0.3954561168315432
3797.0 0.3961996676530347
3798.0 0.39694513237625473
3799.0 0.39769059709947474
3800.0 0.3984379757244232
3801.0 0.3991863113002358
3802.0 0.39993464687604846
3803.0 0.4006839394027253
3804.0 0.4014332319294021
3805.0 0.40218348140694316
3806.0 0.40293468783534847
3807.0 0.4036849373128895
3808.0 0.4044361437412948
3809.0 0.4051873501697
3810.0 0.4059385565981053
3811.0 0.4066888060756463
3812.0 0.4074390555531874
3813.0 0.4081893050307284
3814.0 0.4089385975574053
3815.0 0.40968789008408213
3816.0 0.41043622565989474
3817.0 0.41118360428484313
3818.0 0.4119290690080632
3819.0 0.41267453373128316
3820.0 0.41341904150363895
3821.0 0.4141616353742663
3822.0 0.4149032722940295
3823.0 0.41564299531206417
3824.0 0.41638176137923477
3825.0 0.4171186135446769
3826.0 0.41785355180839057
3827.0 0.4185865761703758
3828.0 0.4193176866306326
3829.0 0.4200468831891611
3830.0 0.42077320889509684
3831.0 0.42149857765016846
3832.0 0.42222011860178316
3833.0 0.42293974565166953
3834.0 0.42365745879982736
3835.0 0.42437134414452843
3836.0 0.42508331558750106
3837.0 0.42579241617788105
3838.0 0.42649864591566844
3839.0 0.42720104784999896
3840.0 0.42790057893173683
3841.0 0.4285972391608821
3842.0 0.4292910285374347
3843.0 0.42998099011053054
3844.0 0.4306680808310337
3845.0 0.4313503867972158
3846.0 0.43203077886166946
3847.0 0.4327063861718021
3848.0 0.4333781656784779
3849.0 0.43404707433256107
3850.0 0.4347111982323231
3851.0 0.43537149432862843
3852.0 0.43602796262147686
3853.0 0.4366796461600042
3854.0 0.43732750189507474
3855.0 0.43797152982668847
3856.0 0.43861172995484526
3857.0 0.43924618837781687
3858.0 0.43987681899733155
3859.0 0.4405036218133895
3860.0 0.4411246829242621
3861.0 0.4417419162316779
3862.0 0.44235436478477264
3863.0 0.4429610716326821
3864.0 0.4435639506771347
3865.0 0.4441620449672663
3866.0 0.44475439755221263
3867.0 0.4453429223337021
3868.0 0.4459257054100063
3869.0 0.4465027467811252
3870.0 0.4470759603487874
3871.0 0.44764343221126424
3872.0 0.4482051623685558
3873.0 0.4487621077715263
3874.0 0.4493142684201758
3875.0 0.44986068736364004
3876.0 0.45040136460191893
3877.0 0.4509363001350126
3878.0 0.45146645091378523
3879.0 0.45199085998737265
3880.0 0.45250952735577477
3881.0 0.4530234099698558
3882.0 0.45353059392788736
3883.0 0.4540329931315979
3884.0 0.4545296506301231
3885.0 0.45502056642346317
3886.0 0.4555057405116179
3887.0 0.45598517289458734
3888.0 0.4564579066215074
3889.0 0.4569258555941063
3890.0 0.45738806286152
3891.0 0.4578435714728842
3892.0 0.4582942953299273
3893.0 0.45873832053092106
3894.0 0.45917756097759366
3895.0 0.45961010276821684
3896.0 0.46003594590279057
3897.0 0.4604570042830432
3898.0 0.46087232095811054
3899.0 0.46128093897712846
3900.0 0.46168477224182525
3901.0 0.4620819068504726
3902.0 0.46247329975393475
3903.0 0.46285799400134736
3904.0 0.46323790349443894
3905.0 0.46361111433148106
3906.0 0.46397954041420214
3907.0 0.4643412678408737
3908.0 0.46469725356235997
3909.0 0.4650474975786611
3910.0 0.46539104293891265
3911.0 0.46572980354484317
3912.0 0.46606282244558844
3913.0 0.46638914269028425
3914.0 0.4667106781806589
3915.0 0.46702551501498424
3916.0 0.4673355670949884
3917.0 0.4676389205189432
3918.0 0.4679374891885768
3919.0 0.468229359202161
3920.0 0.4685164444614242
3921.0 0.46879778801550215
3922.0 0.4690733898643948
3923.0 0.46934325000810206
3924.0 0.4696073684466242
3925.0 0.46986670213082526
3926.0 0.4701202941098411
3927.0 0.4703681443836716
3928.0 0.47061120990318106
3929.0 0.4708475767666411
3930.0 0.4710801158266442
3931.0 0.4713059562305979
3932.0 0.47152796883109477
3933.0 0.4717432827755421
3934.0 0.47195476891653265
3935.0 0.4721605133523379
3936.0 0.47236051608295787
3937.0 0.4725557340592568
3938.0 0.47274616728123475
3939.0 0.4729318157488916
3940.0 0.47311172251136313
3941.0 0.4732878014703779
3942.0 0.4734581387242074
3943.0 0.4736236912237158
3944.0 0.47378541591976736
3945.0 0.4739413989106337
3946.0 0.474092597147179
3947.0 0.4742399675802674
3948.0 0.4743825532590348
3949.0 0.47452035418348104
3950.0 0.47465337035360633
3951.0 0.47478255872027475
3952.0 0.47490696233262214
3953.0 0.47502658119064844
3954.0 0.4751423722452179
3955.0 0.47525433549633056
3956.0 0.47536151399312215
3957.0 0.4754648646864569
3958.0 0.47556438757633474
3959.0 0.4756591257118916
3960.0 0.4757500360439916
3961.0 0.4758371185726347
3962.0 0.47592037329782105
3963.0 0.4760007571704148
3964.0 0.4760763562886874
3965.0 0.47614812760350317
3966.0 0.47621702806572636
3967.0 0.47628114377362846
3968.0 0.4763433455798021
3969.0 0.47640076263165476
3970.0 0.47645530883091475
3971.0 0.4765060272267179
3972.0 0.47655387476992844
3973.0 0.4765978945096821
3974.0 0.47663904339684315
3975.0 0.47667732143141156
3976.0 0.47671272861338737
3977.0 0.4767443079919063
3978.0 0.47677301651783266
3979.0 0.4767998111420305
3980.0 0.4768227779627716
3981.0 0.47684287393092
3982.0 0.47686105599734
3983.0 0.47687541026030317
3984.0 0.4768878506215379
3985.0 0.47689742013018
3986.0 0.4769050757370937
3987.0 0.4769098604914147
3988.0 0.47691177439314314
3989.0 0.47691177439314314
3990.0 0.4769098604914147
3991.0 0.4769050757370937
3992.0 0.4768983770810442
3993.0 0.4768888075724021
3994.0 0.4768782811128958
3995.0 0.47686488380079683
3996.0 0.4768495725869695
3997.0 0.4768323474714137
3998.0 0.47681416540499366
3999.0 0.47679311248598105
4000.0 0.4767711026161042
4001.0 0.47674622189363475
4002.0 0.47672038422030105
4003.0 0.4766935895961032
4004.0 0.4766639241193127
4005.0 0.4766333016916579
4006.0 0.47660076536227475
4007.0 0.47656727208202737
4008.0 0.47653282185091583
4009.0 0.4764964577180758
4010.0 0.47645913663437156
4011.0 0.476419901648939
4012.0 0.4763806666635063
4013.0 0.47633951777634526
4014.0 0.47629741193832
4015.0 0.4762533921985663
4016.0 0.4762093724588127
4017.0 0.47616439576819475
4018.0 0.47611846212671266
4019.0 0.4760715715343663
4020.0 0.4760227670402916
4021.0 0.4759739625462168
4022.0 0.47592515805214214
4023.0 0.47587443965633897
4024.0 0.4758237212605358
4025.0 0.4757720459138684
4026.0 0.47572037056720107
4027.0 0.4756677382696695
4028.0 0.4756141490212737
4029.0 0.4755605597728779
4030.0 0.4755060135736179
4031.0 0.4754514673743579
4032.0 0.47539692117509785
4033.0 0.4753414180249737
4034.0 0.4752859148748495
4035.0 0.4752294547738611
4036.0 0.47517299467287266
4037.0 0.4751165345718842
4038.0 0.47505911752003155
4039.0 0.4750026574190432
4040.0 0.47494524036719055
4041.0 0.4748878233153379
4042.0 0.47483040626348527
4043.0 0.47477298921163263
4044.0 0.4747146152089158
4045.0 0.4746571981570632
4046.0 0.47459978110521056
4047.0 0.4745414071024937
4048.0 0.47448399005064107
4049.0 0.47442657299878843
4050.0 0.4743681989960716
4051.0 0.47431078194421894
4052.0 0.4742533648923663
4053.0 0.4741959478405137
4054.0 0.4741385307886611
4055.0 0.4740820706876726
4056.0 0.47402465363581997
4057.0 0.4739681935348316
4058.0 0.47391173343384313
4059.0 0.47385527333285477
4060.0 0.47379881323186634
4061.0 0.47374331008174214
4062.0 0.47368780693161794
4063.0 0.47363230378149374
4064.0 0.4735777575822337
4065.0 0.4735232113829737
4066.0 0.47346866518371367
4067.0 0.4734141189844537
4068.0 0.4733605297360579
4069.0 0.47330694048766214
4070.0 0.47325430819013053
4071.0 0.473201675892599
4072.0 0.4731490435950674
4073.0 0.4730973682484
4074.0 0.47304569290173265
4075.0 0.47299401755506526
4076.0 0.47294329915926214
4077.0 0.47289258076345897
4078.0 0.47284281931852
4079.0 0.47279305787358106
4080.0 0.4727442533795063
4081.0 0.4726954488854316
4082.0 0.47264664439135684
4083.0 0.4725987968481463
4084.0 0.4725519062558
4085.0 0.47250405871258944
4086.0 0.47245812507110735
4087.0 0.4724112344787611
4088.0 0.47236530083727896
4089.0 0.4723193671957968
4090.0 0.47227439050517894
4091.0 0.4722303707654253
4092.0 0.47218539407480736
4093.0 0.4721413743350537
4094.0 0.47209735459530006
4095.0 0.47205429180641056
4096.0 0.4720112290175211
4097.0 0.4719691231794958
4098.0 0.4719270173414705
4099.0 0.4718849115034453
4100.0 0.47184376261628425
4101.0 0.47180165677825897
4102.0 0.4717614648419621
4103.0 0.4717203159548011
4104.0 0.4716801240185042
4105.0 0.4716399320822074
4106.0 0.47159974014591055
4107.0 0.47156050516047787
4108.0 0.4715203132241811
4109.0 0.4714810782387484
4110.0 0.47144280020418
4111.0 0.4714035652187474
4112.0 0.47136528718417897
4113.0 0.47132700914961057
4114.0 0.4712887311150421
4115.0 0.4712504530804737
4116.0 0.4712121750459053
4117.0 0.47117389701133683
4118.0 0.47113657592763264
4119.0 0.47109925484392845
4120.0 0.47106097680936004
4121.0 0.4710236557256558
4122.0 0.4709863346419516
4123.0 0.47094901355824736
4124.0 0.4709116924745431
4125.0 0.470874371390839
4126.0 0.47083705030713474
4127.0 0.47079972922343055
4128.0 0.4707624081397263
4129.0 0.4707250870560221
4130.0 0.47068776597231793
4131.0 0.47064948793774947
4132.0 0.4706121668540453
4133.0 0.4705748457703411
4134.0 0.4705365677357726
4135.0 0.4704982897012042
4136.0 0.4704600116666358
4137.0 0.4704217336320674
4138.0 0.47038345559749895
4139.0 0.47034517756293054
4140.0 0.47030594257749786
4141.0 0.47026766454292945
4142.0 0.47022747260663267
4143.0 0.4701882376212
4144.0 0.4701480456849032
4145.0 0.4701088106994705
4146.0 0.4700686187631737
4147.0 0.4700274698760126
4148.0 0.46998632098885157
4149.0 0.46994517210169057
4150.0 0.4699040232145295
4151.0 0.46986191737650423
4152.0 0.46981885458761474
4153.0 0.46977674874958947
4154.0 0.4697336859607
4155.0 0.4696896662209463
4156.0 0.46964564648119267
4157.0 0.46960066979057474
4158.0 0.4695566500508211
4159.0 0.46951071640933895
4160.0 0.46946478276785686
4161.0 0.46941789217551055
4162.0 0.4693710015831642
4163.0 0.46932315403995367
4164.0 0.469274349545879
4165.0 0.4692255450518042
4166.0 0.4691757836068653
4167.0 0.46912602216192634
4168.0 0.46907530376612316
4169.0 0.46902458537032
4170.0 0.4689719530727884
4171.0 0.46891932077525683
4172.0 0.46886573152686106
4173.0 0.468811185327601
4174.0 0.46875663912834103
4175.0 0.46870113597821683
4176.0 0.46864467587722847
4177.0 0.46858725882537583
4178.0 0.4685298417735232
4179.0 0.4684705108199421
4180.0 0.46841117986636105
4181.0 0.4683508919619158
4182.0 0.4682906040574705
4183.0 0.46822840225129686
4184.0 0.468165243494259
4185.0 0.46810208473722104
4186.0 0.46803796902931893
4187.0 0.46797193941968845
4188.0 0.46790590981005786
4189.0 0.46783892324956317
4190.0 0.46777097973820425
4191.0 0.46770207927598106
4192.0 0.4676322218628937
4193.0 0.4675614074989421
4194.0 0.4674896361841263
4195.0 0.4674169079184463
4196.0 0.46734417965276637
4197.0 0.4672695374853579
4198.0 0.4671939383670853
4199.0 0.4671173822979484
4200.0 0.4670398692779474
4201.0 0.4669623562579463
4202.0 0.46688292933621683
4203.0 0.46680254546362315
4204.0 0.46672120464016525
4205.0 0.46663890686584314
4206.0 0.4665556521406568
4207.0 0.4664714404646063
4208.0 0.4663862718376916
4209.0 0.4663001462599127
4210.0 0.4662130637312695
4211.0 0.46612502425176217
4212.0 0.4660350708705263
4213.0 0.4659451174892905
4214.0 0.4658542071571905
4215.0 0.4657613829233621
4216.0 0.4656685586895337
4217.0 0.46557382055397684
4218.0 0.4654781254675558
4219.0 0.4653824303811347
4220.0 0.46528482139298527
4221.0 0.4651862554539716
4222.0 0.4650867325640937
4223.0 0.4649862527233516
4224.0 0.464883858980881
4225.0 0.4647814652384105
4226.0 0.4646781145450758
4227.0 0.46457284995001263
4228.0 0.4644675853549495
4229.0 0.46436040685815794
4230.0 0.46425227141050207
4231.0 0.4641431790119821
4232.0 0.46403408661346207
4233.0 0.46392308031321366
4234.0 0.4638101601112369
4235.0 0.46369723990926004
4236.0 0.4635833627564189
4237.0 0.4634685286527137
4238.0 0.4633527375981442
4239.0 0.46323503264184634
4240.0 0.4631173276855485
4241.0 0.4629977088275221
4242.0 0.4628780899694958
4243.0 0.46275655720974107
4244.0 0.4626340674991221
4245.0 0.4625115777885032
4246.0 0.4623871741761558
4247.0 0.4622618136129442
4248.0 0.46213645304973267
4249.0 0.4620091785847927
4250.0 0.4618809471689884
4251.0 0.46175175880232
4252.0 0.46162161348478736
4253.0 0.4614905112163905
4254.0 0.46135940894799365
4255.0 0.4612263927778684
4256.0 0.46109241965687897
4257.0 0.46095844653588947
4258.0 0.4608225595131716
4259.0 0.4606857155395895
4260.0 0.4605488715660074
4261.0 0.46041107064156106
4262.0 0.4602713558153863
4263.0 0.4601316409892116
4264.0 0.45999096921217264
4265.0 0.4598493404842695
4266.0 0.4597067548055021
4267.0 0.45956321217587054
4268.0 0.45941871259537476
4269.0 0.459274213014879
4270.0 0.45912779953265476
4271.0 0.45898138605043054
4272.0 0.4588340156173421
4273.0 0.4586856882333895
4274.0 0.45853736084943686
4275.0 0.4583871195637558
4276.0 0.45823687827807474
4277.0 0.45808568004152944
4278.0 0.45793352485412003
4279.0 0.4577813696667105
4280.0 0.45762825752843683
4281.0 0.45747418843929893
4282.0 0.4573191623992968
4283.0 0.45716317940843054
4284.0 0.4570081533684284
4285.0 0.45685121342669793
4286.0 0.45669331653410317
4287.0 0.45653541964150846
4288.0 0.4563765657980495
4289.0 0.45621771195459054
4290.0 0.4560579011602674
4291.0 0.45589809036594425
4292.0 0.4557363656698926
4293.0 0.45557559792470526
4294.0 0.45541291627778946
4295.0 0.45525023463087366
4296.0 0.45508755298395787
4297.0 0.4549239143861779
4298.0 0.4547593188375337
4299.0 0.4545947232888895
4300.0 0.45443012774024527
4301.0 0.4542645752407369
4302.0 0.4540980657903642
4303.0 0.4539325132908558
4304.0 0.45376504688961894
4305.0 0.4535975804883821
4306.0 0.4534301140871453
4307.0 0.45326169073504424
4308.0 0.45309422433380736
4309.0 0.4529248440308421
4310.0 0.45275546372787684
4311.0 0.4525860834249116
4312.0 0.45241574617108216
4313.0 0.45224636586811684
4314.0 0.4520760286142874
4315.0 0.45190473440959367
4316.0 0.4517334402049
4317.0 0.45156214600020633
4318.0 0.45139085179551264
4319.0 0.4512186006399548
4320.0 0.45104634948439687
4321.0 0.45087409832883896
4322.0 0.45070184717328104
4323.0 0.45052863906685897
4324.0 0.45035543096043684
4325.0 0.45018222285401477
4326.0 0.45000901474759264
4327.0 0.4498358066411705
4328.0 0.4496616415838842
4329.0 0.4494884334774621
4330.0 0.4493142684201758
4331.0 0.4491401033628895
4332.0 0.44896593830560316
4333.0 0.4487917732483168
4334.0 0.4486176081910306
4335.0 0.44844248618287996
4336.0 0.4482683211255937
4337.0 0.44809319911744316
4338.0 0.4479190340601569
4339.0 0.44774391205200637
4340.0 0.44756974699472
4341.0 0.4473946249865695
4342.0 0.44721950297841895
4343.0 0.44704438097026844
4344.0 0.44687021591298215
4345.0 0.4466950939048316
4346.0 0.4465209288475453
4347.0 0.44634580683939473
4348.0 0.44617164178210844
4349.0 0.4459965197739579
4350.0 0.4458223547166716
4351.0 0.4456472327085211
4352.0 0.44547306765123473
4353.0 0.44529890259394844
4354.0 0.4451247375366621
4355.0 0.44495152943024
4356.0 0.4447773643729537
4357.0 0.4446031993156674
4358.0 0.44442999120924526
4359.0 0.4442567831028231
4360.0 0.44408357499640105
4361.0 0.443910366889979
4362.0 0.4437371587835568
4363.0 0.443564907627999
4364.0 0.44339169952157687
4365.0 0.44321944836601895
4366.0 0.44304719721046104
4367.0 0.4428759030057674
4368.0 0.44270460880107365
4369.0 0.4425323576455158
4370.0 0.4423620203916863
4371.0 0.4421907261869927
4372.0 0.4420194319822989
4373.0 0.44185005167933367
4374.0 0.4416797144255042
4375.0 0.4415093771716747
4376.0 0.44133999686870945
4377.0 0.44117061656574424
4378.0 0.441001236262779
4379.0 0.44083281291067794
4380.0 0.44066438955857684
4381.0 0.44049692315734
4382.0 0.44032849980523897
4383.0 0.4401610334040021
4384.0 0.4399945239536295
4385.0 0.43982705755239265
4386.0 0.4396615050528842
4387.0 0.4394949956025116
4388.0 0.43932944310300315
4389.0 0.43916389060349476
4390.0 0.43899833810398636
4391.0 0.43883374255534213
4392.0 0.4386701039575621
4393.0 0.4385055084089179
4394.0 0.4383418698111379
4395.0 0.4381791881642221
4396.0 0.43801650651730634
4397.0 0.43785382487039054
4398.0 0.43769210017433896
4399.0 0.4375303754782874
4400.0 0.4373686507822358
4401.0 0.43720788303704844
4402.0 0.4370471152918611
4403.0 0.4368873044975379
4404.0 0.43672749370321473
4405.0 0.4365686398597558
4406.0 0.4364097860162969
4407.0 0.4362509321728379
4408.0 0.4360930352802431
4409.0 0.43593609533851263
4410.0 0.4357791553967821
4411.0 0.4356222154550516
4412.0 0.4354662324641853
4413.0 0.4353102494733189
4414.0 0.43515522343331686
4415.0 0.43500019739331475
4416.0 0.43484612830417685
4417.0 0.43469205921503895
4418.0 0.43453894707676527
4419.0 0.4343858349384916
4420.0 0.43423272280021785
4421.0 0.4340815245636726
4422.0 0.4339293693762632
4423.0 0.4337781711397179
4424.0 0.43362792985403686
4425.0 0.4334776885683558
4426.0 0.4333274472826747
4427.0 0.4331791198987221
4428.0 0.4330298355639053
4429.0 0.43288150817995263
4430.0 0.43273413774686426
4431.0 0.43258676731377577
4432.0 0.4324403538315516
4433.0 0.4322939403493274
4434.0 0.4321484838179674
4435.0 0.43200302728660733
4436.0 0.4318575707552474
4437.0 0.4317140281256158
4438.0 0.43157048549598426
4439.0 0.43142694286635264
4440.0 0.43128435718758523
4441.0 0.43114177150881794
4442.0 0.43099918583005054
4443.0 0.43085851405301157
4444.0 0.43071784227597265
4445.0 0.4305771704989337
4446.0 0.430437455672759
4447.0 0.43029869779744845
4448.0 0.4301589829712737
4449.0 0.4300211820468274
4450.0 0.42988338112238106
4451.0 0.42974558019793474
4452.0 0.42960873622435264
4453.0 0.42947284920163475
4454.0 0.42933696217891687
4455.0 0.4292020321070632
4456.0 0.4290671020352095
4457.0 0.4289321719633558
4458.0 0.4287981988423663
4459.0 0.428665182672241
4460.0 0.4285321665021158
4461.0 0.42840010728285477
4462.0 0.4282680480635937
4463.0 0.4281359888443326
4464.0 0.4280058435268
4465.0 0.4278756982092674
4466.0 0.4277455528917347
4467.0 0.42761540757420213
4468.0 0.42748621920753366
4469.0 0.4273579877917295
4470.0 0.42722975637592525
4471.0 0.42710248191098527
4472.0 0.4269752074460453
4473.0 0.42684888993196946
4474.0 0.4267225724178937
4475.0 0.42659721185468213
4476.0 0.4264718512914706
4477.0 0.4263474476791232
4478.0 0.4262230440667758
4479.0 0.42609959740529263
4480.0 0.4259761507438095
4481.0 0.42585270408232634
4482.0 0.42573117132257154
4483.0 0.42560868161195264
4484.0 0.4254871488521979
4485.0 0.4253665730433074
4486.0 0.42524599723441686
4487.0 0.42512637837639056
4488.0 0.42500675951836425
4489.0 0.4248871406603379
4490.0 0.4247684787531758
4491.0 0.4246507737968779
4492.0 0.42453306884058
4493.0 0.42441536388428214
4494.0 0.42429861587884843
4495.0 0.424182824824279
4496.0 0.42406703376970944
4497.0 0.42395124271514
4498.0 0.42383640861143473
4499.0 0.42372157450772946
4500.0 0.4236067404040242
4501.0 0.42360678086333947
4502.0 0.4236058036217258
4503.0 0.4236978081744364
4504.0 0.42386299496853164
4505.0 0.42402413981234177
4506.0 0.42416330876717184
4507.0 0.42430234626025287
4508.0 0.4245080307868822
4509.0 0.42474643104207893
4510.0 0.424980253457206
4511.0 0.42519178489658854
4512.0 0.425404112478033
4513.0 0.42563763798391235
4514.0 0.4258779759133128
4515.0 0.4261457079742713
4516.0 0.4264667575213651
4517.0 0.42678855490911133
4518.0 0.426971824364277
4519.0 0.42713850608324105
4520.0 0.42736903670843857
4521.0 0.4276743278957327
4522.0 0.4279803958652448
4523.0 0.42838351885965514
4524.0 0.4287863868343308
4525.0 0.42898145163013035
4526.0 0.42902007418083005
4527.0 0.4290774840605029
4528.0 0.4292684922117035
4529.0 0.42946033208854795
4530.0 0.4296340233952648
4531.0 0.4297981299623701
4532.0 0.4298365974308776
4533.0 0.42947047620325485
4534.0 0.4291064379800013
4535.0 0.42902944336470705
4536.0 0.42902439242359997
4537.0 0.42907363279972943
4538.0 0.4292228540749156
4539.0 0.42937097671428337
4540.0 0.429343413129458
4541.0 0.4292983578085436
4542.0 0.42915645880642783
4543.0 0.42890334420014764
4544.0 0.42864835721485894
4545.0 0.42829992385144616
4546.0 0.4279506283963442
4547.0 0.4276641767353773
4548.0 0.42742251681506616
4549.0 0.4271707207150847
4550.0 0.4268573147509443
4551.0 0.42654303214748573
4552.0 0.4260572347743981
4553.0 0.4254976662079629
4554.0 0.4249576931100281
4555.0 0.42447216624924017
4556.0 0.42398778965486306
4557.0 0.4234340629080143
4558.0 0.4228642401940375
4559.0 0.42231262262237473
4560.0 0.42178921920394946
4561.0 0.42126697739097435
4562.0 0.4207722047904098
4563.0 0.4202799847016642
4564.0 0.41973895996389554
4565.0 0.41914604482684453
4566.0 0.4185506571019983
4567.0 0.4179148021233645
4568.0 0.4172791909355172
4569.0 0.4167319009762761
4570.0 0.4162435202229423
4571.0 0.4157717465062123
4572.0 0.41539322171802495
4573.0 0.4150148252861789
4574.0 0.4146198788367352
4575.0 0.41421691428049023
4576.0 0.41377175567244967
4577.0 0.4132087979009654
4578.0 0.41264700184283354
4579.0 0.4122423653005561
4580.0 0.4118723130481176
4581.0 0.4115038022208016
4582.0 0.4111402210150502
4583.0 0.41077676122199774
4584.0 0.41039311232884973
4585.0 0.4100082978047038
4586.0 0.40963732598685854
4587.0 0.40928074720740193
4588.0 0.4089224147513261
4589.0 0.4085286372303306
4590.0 0.40813499502425143
4591.0 0.4078099658428472
4592.0 0.40752881233435184
4593.0 0.4072413738435221
4594.0 0.4069284613889172
4595.0 0.4066156482827334
4596.0 0.4062894774555201
4597.0 0.4059594841104923
4598.0 0.4056377412262752
4599.0 0.4053403863514549
4600.0 0.40504218709895756
4601.0 0.4047110206172879
4602.0 0.4043736668154109
4603.0 0.40401054919192625
4604.0 0.4036070923895662
4605.0 0.4032028433096447
4606.0 0.40294036015714163
4607.0 0.40268442467794996
4608.0 0.4024530617224432
4609.0 0.40224622637721164
4610.0 0.4020329328316675
4611.0 0.401747850674076
4612.0 0.4014628570466066
4613.0 0.4010902803521932
4614.0 0.4006646819496667
4615.0 0.40025125464811234
4616.0 0.39989270640686325
4617.0 0.3995333536730526
4618.0 0.39923298860043593
4619.0 0.39895121722045374
4620.0 0.39865186957994386
4621.0 0.39830711214886383
4622.0 0.3979615473808833
4623.0 0.39763852779523334
4624.0 0.3973195732851522
4625.0 0.3970142657285465
4626.0 0.3967307913278703
4627.0 0.3964455610632126
4628.0 0.3960810582461865
4629.0 0.3957124186030314
4630.0 0.395318895462026
4631.0 0.39490243081646614
4632.0 0.39449192954694967
4633.0 0.394159846456786
4634.0 0.39382604138623933
4635.0 0.39344269807641935
4636.0 0.3930288841323912
4637.0 0.3926138188221529
4638.0 0.39219199463734267
4639.0 0.3917703321866422
4640.0 0.39135162572726295
4641.0 0.3909352295522569
4642.0 0.3905252098435368
4643.0 0.3901341555244958
4644.0 0.38974233779001166
4645.0 0.3894010243944183
4646.0 0.38906711968251895
4647.0 0.3886774556773632
4648.0 0.38821079354266885
4649.0 0.3877434125885291
4650.0 0.3873406264050112
4651.0 0.386938405086563
4652.0 0.3864888372006177
4653.0 0.3859964321407001
4654.0 0.3854988876690404
4655.0 0.3849475130580331
4656.0 0.3843954750893213
4657.0 0.38389656836116837
4658.0 0.38342544609327667
4659.0 0.38295561026066344
4660.0 0.38248942545707576
4661.0 0.3820234377681345
4662.0 0.38145855530644346
4663.0 0.38086292498405766
4664.0 0.3802693016784914
4665.0 0.37968243057878936
4666.0 0.37909404199169416
4667.0 0.3785997063361632
4668.0 0.37811837304690166
4669.0 0.3776175677694098
4670.0 0.3770941466705399
4671.0 0.3765700743267525
4672.0 0.3759421251064169
4673.0 0.37531253704397444
4674.0 0.3745908374892977
4675.0 0.373794628209556
4676.0 0.3730207121765822
4677.0 0.3724432968265388
4678.0 0.37186527803476427
4679.0 0.37130768926734486
4680.0 0.3707607440091088
4681.0 0.3701737485031274
4682.0 0.3694472664155013
4683.0 0.3687202799435332
4684.0 0.3680107231585165
4685.0 0.36730688225458646
4686.0 0.36660216122317935
4687.0 0.36589355395980966
4688.0 0.36518617749129323
4689.0 0.3643490960584393
4690.0 0.36349563557246184
4691.0 0.3626581438995201
4692.0 0.3618400520658948
4693.0 0.3610206868156295
4694.0 0.36016818730857353
4695.0 0.3593152985070311
4696.0 0.35843721764808273
4697.0 0.3575401366721764
4698.0 0.3566469832042712
4699.0 0.35578567676580375
4700.0 0.35492484930165213
4701.0 0.3539930976637845
4702.0 0.35302838795239677
4703.0 0.3520919098338741
4704.0 0.3512505769109619
4705.0 0.3504097204785932
4706.0 0.34948532871824
4707.0 0.3485383138481153
4708.0 0.34757127508734337
4709.0 0.3465664854739724
4710.0 0.34556228886291374
4711.0 0.3446197221249289
4712.0 0.34368458187580037
4713.0 0.3427126888678559
4714.0 0.34169855857066256
4715.0 0.34068270252199534
4716.0 0.3395522975434104
4717.0 0.33842177671936013
4718.0 0.3373227104166424
4719.0 0.33624751512596973
4720.0 0.33516154502813783
4721.0 0.3340051086103107
4722.0 0.3328493938741229
4723.0 0.3316992404884837
4724.0 0.3305515484176171
4725.0 0.32939216830684637
4726.0 0.3281909367084169
4727.0 0.3269896858224408
4728.0 0.32576881759177234
4729.0 0.3245426600540526
4730.0 0.3233320603715266
4731.0 0.3221498695101097
4732.0 0.3209684417169033
4733.0 0.31974791632214095
4734.0 0.3185250879498143
4735.0 0.3172637768833757
4736.0 0.3159591182106892
4737.0 0.31465810372092273
4738.0 0.31344781180734566
4739.0 0.3122383165343311
4740.0 0.3109699330387063
4741.0 0.3096622004227382
4742.0 0.3083500443847362
4743.0 0.30701613990070237
4744.0 0.30568313039765216
4745.0 0.3042280311437261
4746.0 0.30272154937926293
4747.0 0.30123488721319713
4748.0 0.29980549953346736
4749.0 0.2983763651398488
4750.0 0.29715096295568066
4751.0 0.2959739318100829
4752.0 0.29468796535902947
4753.0 0.2932161076603169
4754.0 0.2917445589336845
4755.0 0.290314345936256
4756.0 0.28888815782685007
4757.0 0.28752987729585133
4758.0 0.2862428552581759
4759.0 0.284952483441381
4760.0 0.28354466727031696
4761.0 0.28213782953708727
4762.0 0.280670463626815
4763.0 0.27916427219159784
4764.0 0.27768417364430414
4765.0 0.2763407306665082
4766.0 0.27499755254100583
4767.0 0.27374020730831716
4768.0 0.2725174586853956
4769.0 0.271240549546627
4770.0 0.2698165143731769
4771.0 0.2683928231893834
4772.0 0.2669523659862274
4773.0 0.26550850163271655
4774.0 0.2641741264235222
4775.0 0.26301589882776605
4776.0 0.2618591158678816
4777.0 0.2605494102242388
4778.0 0.25923081276339877
4779.0 0.25793852286109886
4780.0 0.25667251166836197
4781.0 0.25540995197737737
4782.0 0.2541976328541814
4783.0 0.25298553561810944
4784.0 0.25174775094777396
4785.0 0.25049347588338833
4786.0 0.24924346296810654
4787.0 0.2480108545834477
4788.0 0.2467797110985205
4789.0 0.24554549393345598
4790.0 0.2443115091171944
4791.0 0.24310170011975846
4792.0 0.2419532642073278
4793.0 0.24080502637971996
4794.0 0.23980665662845804
4795.0 0.23883723779286414
4796.0 0.23788048729248445
4797.0 0.23694093055981913
4798.0 0.23600259109594957
4799.0 0.23497089963754164
4800.0 0.23393435452853784
4801.0 0.2328879866337444
4802.0 0.23183223641678644
4803.0 0.2307923178321248
4804.0 0.22996202153167342
4805.0 0.2291328388146022
4806.0 0.22829251786117064
4807.0 0.22744650257174656
4808.0 0.22658890855965477
4809.0 0.22567406072935062
4810.0 0.22475981787646837
4811.0 0.22389995979703875
4812.0 0.22305935845809755
4813.0 0.22221028972316192
4814.0 0.221341842083305
4815.0 0.22047341115738922
4816.0 0.2195787756264714
4817.0 0.21867990374779286
4818.0 0.21783638352322754
4819.0 0.2170714112327551
4820.0 0.2163074635703775
4821.0 0.21568458714352234
4822.0 0.21506697663381155
4823.0 0.21445408696586213
4824.0 0.21384611112847207
4825.0 0.21323311679377746
4826.0 0.21255906689770498
4827.0 0.21188595906947863
4828.0 0.21130123509590565
4829.0 0.21076767673720345
4830.0 0.21023475694710406
4831.0 0.20970680916276432
4832.0 0.2091791708318154
4833.0 0.20862028008775452
4834.0 0.2080522406327317
4835.0 0.20747839944971908
4836.0 0.20689291507774363
4837.0 0.20630829074617846
4838.0 0.20574886129355746
4839.0 0.20519287892261048
4840.0 0.20458603833271904
4841.0 0.20390748241160386
4842.0 0.20322983501411598
4843.0 0.20262013215533378
4844.0 0.20201266619338523
4845.0 0.20135200082202945
4846.0 0.20064662082025764
4847.0 0.19995254686055403
4848.0 0.1993639423462887
4849.0 0.1987761699012598
4850.0 0.19832636457797984
4851.0 0.19795138815028523
4852.0 0.19749069450134898
4853.0 0.19670764792975487
4854.0 0.19592554199806134
4855.0 0.19507931211109647
4856.0 0.19421367110967563
4857.0 0.19346885714774667
4858.0 0.19297905884982294
4859.0 0.19248952261472227
4860.0 0.191991630072517
4861.0 0.1914932438095942
4862.0 0.1909800367002949
4863.0 0.1904472961224422
4864.0 0.18991483824774744
4865.0 0.18932289390444315
4866.0 0.1887311323246782
4867.0 0.18808148940142647
4868.0 0.18738506614761982
4869.0 0.18671797370939125
4870.0 0.18628594095339795
4871.0 0.18585412572380466
4872.0 0.18529780230283321
4873.0 0.184677756692682
4874.0 0.18402113088671648
4875.0 0.18323405265677473
4876.0 0.1824478509983576
4877.0 0.1819136001640662
4878.0 0.181450415807363
4879.0 0.18100854358025623
4880.0 0.18061013812770046
4881.0 0.18021238059676825
4882.0 0.17952402085772265
4883.0 0.17880053202765409
4884.0 0.1781150182016969
4885.0 0.17747725662289188
4886.0 0.17684233617405593
4887.0 0.17645758390324243
4888.0 0.17607345894994345
4889.0 0.17561747127760363
4890.0 0.17510555586058432
4891.0 0.17457128441466116
4892.0 0.17387156925075894
4893.0 0.17317263839202315
4894.0 0.17248449239771993
4895.0 0.17180203188103213
4896.0 0.17113162905505974
4897.0 0.17050312488507605
4898.0 0.16987448907477562
4899.0 0.169207513460158
4900.0 0.16853090247335548
4901.0 0.1678744443428314
4902.0 0.16725633798198947
4903.0 0.16663852431167386
4904.0 0.1660575815500442
4905.0 0.16548139725984035
4906.0 0.16489752237963992
4907.0 0.1643045789505001
4908.0 0.16370933852125596
4909.0 0.16296780314119458
4910.0 0.16222661764836013
4911.0 0.16151267504893052
4912.0 0.16081853828180204
4913.0 0.16014156893119458
4914.0 0.15957799990124696
4915.0 0.15901469016610864
4916.0 0.15835983375517346
4917.0 0.15766404614495147
4918.0 0.15695035658763157
4919.0 0.15618233341711152
4920.0 0.15541506857817253
4921.0 0.15467077621668457
4922.0 0.1539329782847751
4923.0 0.15319066725358646
4924.0 0.1524411596811202
4925.0 0.15169200164954094
4926.0 0.15086331193273966
4927.0 0.15002848790199266
4928.0 0.14914378556995556
4929.0 0.14820244663235022
4930.0 0.14726912447172344
4931.0 0.1465686773764524
4932.0 0.14586818322243067
4933.0 0.14511319769312508
4934.0 0.14431985065799766
4935.0 0.14351143829082555
4936.0 0.14261347283470124
4937.0 0.1417159364248928
4938.0 0.14089814732616235
4939.0 0.14011473286773457
4940.0 0.13927738467262332
4941.0 0.13828555523923286
4942.0 0.13729420738968023
4943.0 0.13634854958144355
4944.0 0.13541284255558328
4945.0 0.13452061591669615
4946.0 0.1337030005556705
4947.0 0.1328854383972387
4948.0 0.13196862588885377
4949.0 0.13104476456433395
4950.0 0.13002946715481448
4951.0 0.12891940788900388
4952.0 0.12781904490561494
4953.0 0.12693858145192713
4954.0 0.12605822983908962
4955.0 0.12514170463494087
4956.0 0.12420123611974995
4957.0 0.12324599842116053
4958.0 0.12221291501294342
4959.0 0.12118004548679731
4960.0 0.12032695268787132
4961.0 0.11954398416042075
4962.0 0.1187058109600101
4963.0 0.11771860312020717
4964.0 0.1167316069215915
4965.0 0.11570102287846379
4966.0 0.11466194960529454
4967.0 0.11361462841966463
4968.0 0.1125542800164784
4969.0 0.11149450106954477
4970.0 0.1105524121461115
4971.0 0.10961801780030055
4972.0 0.10856751408306681
4973.0 0.10740072066865372
4974.0 0.10623245646406063
4975.0 0.10503606859996409
4976.0 0.1038403455249202
4977.0 0.10277128381213492
4978.0 0.1017832583820512
4979.0 0.1007726374645451
4980.0 0.09964932395299865
4981.0 0.09852665192129516
4982.0 0.09756435248157541
4983.0 0.09666176014468675
4984.0 0.09572387827058654
4985.0 0.09469926332466308
4986.0 0.09367500524717205
4987.0 0.09265928400981067
4988.0 0.09164514611966228
4989.0 0.09059227461636725
4990.0 0.08948080949505496
4991.0 0.08837001553743896
4992.0 0.08724539318273668
4993.0 0.08612063768663134
4994.0 0.08503968541993254
4995.0 0.08400058649829749
4996.0 0.08296609079614538
4997.0 0.08198439589165826
4998.0 0.08100353011536361
4999.0 0.07993183318438297
5000.0 0.07880737603054078
5001.0 0.07765179911533036
5002.0 0.07635290336491544
5003.0 0.07505445369889104
5004.0 0.07406556513745591
5005.0 0.07318529563302553
5006.0 0.07228466176047271
5007.0 0.07133558540554609
5008.0 0.0703871381691872
5009.0 0.06936576016559186
5010.0 0.06833294627888019
5011.0 0.06730154959076082
5012.0 0.06627153757439065
5013.0 0.0652424038069094
5014.0 0.06430204094034286
5015.0 0.06336506109596869
5016.0 0.0623518903710874
5017.0 0.061270984257105005
5018.0 0.060192602807628844
5019.0 0.059135248130880703
5020.0 0.05807833391688626
5021.0 0.05706918781275643
5022.0 0.05608719831205763
5023.0 0.05511282684119592
5024.0 0.054168115443385324
5025.0 0.05322380520261894
5026.0 0.052202888688469555
5027.0 0.051156830246977154
5028.0 0.050150220352741616
5029.0 0.04923027519917199
5030.0 0.04831101454457043
5031.0 0.04751113482864456
5032.0 0.04672947811606731
5033.0 0.045874847063672265
5034.0 0.04492326653963633
5035.0 0.04397229538181599
5036.0 0.04299298115683381
5037.0 0.042013827167404975
5038.0 0.041200028398975214
5039.0 0.0405270044685454
5040.0 0.03985690446120817
5041.0 0.03920883139702731
5042.0 0.038561264332256984
5043.0 0.03774105334638395
5044.0 0.03682834841549528
5045.0 0.03592112461813177
5046.0 0.0350328726966033
5047.0 0.03414533081018787
5048.0 0.03331486706892234
5049.0 0.032502045561240034
5050.0 0.031722305940642063
5051.0 0.031012174516501012
5052.0 0.030302702500809974
5053.0 0.029652745422772218
5054.0 0.02901145405163198
5055.0 0.02831996324519107
5056.0 0.02756453510407153
5057.0 0.02680973355059996
5058.0 0.025994167554789373
5059.0 0.02517927992782089
5060.0 0.02443209647757817
5061.0 0.023740407931014593
5062.0 0.02307071082652066
5063.0 0.022575248162243277
5064.0 0.022080201146490487
5065.0 0.021492438892041582
5066.0 0.02085926541440321
5067.0 0.020245062355538954
5068.0 0.019696704320439972
5069.0 0.019148760716740255
5070.0 0.018613676038006274
5071.0 0.018082477052679444
5072.0 0.0175583229275784
5073.0 0.01704735885938343
5074.0 0.01653688000205204
5075.0 0.01606613231569333
5076.0 0.015600650561786226
5077.0 0.01510369485010316
5078.0 0.014568226684748362
5079.0 0.014034484806059089
5080.0 0.013626100735935976
5081.0 0.01321803437493384
5082.0 0.012843816890776467
5083.0 0.012495119379675831
5084.0 0.012143581782485176
5085.0 0.011769338969855216
5086.0 0.011395390154649694
5087.0 0.010843312320370899
5088.0 0.010207777514193992
5089.0 0.009666745642983627
5090.0 0.009423545553496443
5091.0 0.009180557566072417
5092.0 0.009023038654476026
5093.0 0.00888827799330038
5094.0 0.008736672383235512
5095.0 0.00855371275914428
5096.0 0.008370912468340364
5097.0 0.008116873347850093
5098.0 0.007855995375163346
5099.0 0.007527754742622719
5100.0 0.007120537147667665
5101.0 0.006717059610539471
5102.0 0.0064805000259709426
5103.0 0.006244147648577566
5104.0 0.0061507784281236285
5105.0 0.006160850016874845
5106.0 0.006135644765411295
5107.0 0.0058940438433288354
5108.0 0.005652654005541113
5109.0 0.005375788747897439
5110.0 0.005083140157595966
5111.0 0.004817378761615527
5112.0 0.004631653253235569
5113.0 0.004446102483989407
5114.0 0.00428672792126268
5115.0 0.0041336028433932494
5116.0 0.003985668254965323
5117.0 0.00384688047873443
5118.0 0.003708222987637066
5119.0 0.003523027539539031
5120.0 0.003333938610230855
5121.0 0.0032397773097970193
5122.0 0.003248311628347772
5123.0 0.0032552201603414698
5124.0 0.0032101538262216157
5125.0 0.003165134094037957
5126.0 0.003090663811676521
5127.0 0.002995788345458804
5128.0 0.002889636738860435
5129.0 0.0027192475313938015
5130.0 0.0025490115857213004
5131.0 0.0026653527488678013
5132.0 0.002898543899964666
5133.0 0.0030654861789951634
5134.0 0.003044380566902843
5135.0 0.0030233002340500394
5136.0 0.0028329882500731525
5137.0 0.002605700754245982
5138.0 0.0024533444997599753
5139.0 0.002422996216597879
5140.0 0.0023926727355410467
5141.0 0.002451954957493297
5142.0 0.0025179257754702976
5143.0 0.0024957683783433304
5144.0 0.0023819929436581927
5145.0 0.0022696281096084006
5146.0 0.0021823610125136545
5147.0 0.002095165738576803
5148.0 0.0020990591017163844
5149.0 0.0021635975942891463
5150.0 0.002225471649887692
5151.0 0.002273601592243786
5152.0 0.0023216911887016917
5153.0 0.0023560933293614965
5154.0 0.0023851679721687466
5155.0 0.0024369815088315437
5156.0 0.002547269613315763
5157.0 0.0026574672285368255
5158.0 0.002668157021826715
5159.0 0.0026584739584715536
5160.0 0.002622419431041607
5161.0 0.002545120753959306
5162.0 0.0024678906614743474
5163.0 0.0025079415648504933
5164.0 0.0025541263359641943
5165.0 0.002657260501564351
5166.0 0.002817275731796866
5167.0 0.0029660886270560355
5168.0 0.0029412356891525475
5169.0 0.0029164097302947704
5170.0 0.0029079191695296725
5171.0 0.002909431023807966
5172.0 0.0029118329326712515
5173.0 0.0029185463560667674
5174.0 0.002925261817084794
5175.0 0.002978003890206728
5176.0 0.00304773433704135
5177.0 0.0031396410986375884
5178.0 0.003285862374706493
5179.0 0.0034319693327184517
5180.0 0.0034751031392589366
5181.0 0.003500067770404185
5182.0 0.003560853288006295
5183.0 0.003675342260760354
5184.0 0.003789731866219089
5185.0 0.0038033139628428974
5186.0 0.0038126998446656726
5187.0 0.003771730632520383
5188.0 0.003684355846391983
5189.0 0.0036088334152620943
5190.0 0.0036897602774442584
5191.0 0.0037706350712227474
5192.0 0.0037164043047665193
5193.0 0.003582932373548966
5194.0 0.003504751069011699
5195.0 0.0036617838761515173
5196.0 0.003818697582491337
5197.0 0.003966043655781526
5198.0 0.004109959235007944
5199.0 0.004237205595884212
5200.0 0.00432570265977513
5201.0 0.004414132353781665
5202.0 0.004474471925053853
5203.0 0.004530203234267883
5204.0 0.0045864106320067455
5205.0 0.004643291079462325
5206.0 0.004700127963212642
5207.0 0.0046218067554259145
5208.0 0.004539378182397024
5209.0 0.0045097879052989455
5210.0 0.004527004682490488
5211.0 0.004545844529325876
5212.0 0.004581228310623138
5213.0 0.004616571749178926
5214.0 0.004533062632562122
5215.0 0.004382791584691212
5216.0 0.004283451404303595
5217.0 0.004387394942043003
5218.0 0.004491273679850366
5219.0 0.004484518314544401
5220.0 0.004442883604122501
5221.0 0.004367436509137385
5222.0 0.004216786658183215
5223.0 0.0040662457852583805
5224.0 0.004120487811752242
5225.0 0.004205248053769646
5226.0 0.004261552434673657
5227.0 0.004280203627926943
5228.0 0.004298827837256079
5229.0 0.004255830672231562
5230.0 0.004212241454273675
5231.0 0.004195026194421907
5232.0 0.004200254832010342
5233.0 0.004214437012549973
5234.0 0.004309204539616559
5235.0 0.004403914538087289
5236.0 0.00444254090450777
5237.0 0.004452312185604196
5238.0 0.004448275665731685
5239.0 0.004392408013228763
5240.0 0.004336579652722389
5241.0 0.00430365693698049
5242.0 0.00427758467632607
5243.0 0.004260625564423575
5244.0 0.004262137304296413
5245.0 0.00426364682656925
5246.0 0.004222007637836053
5247.0 0.0041745281107955085
5248.0 0.004127689207382325
5249.0 0.004081683056522095
5250.0 0.004035709005101037
5251.0 0.0039886537923978374
5252.0 0.003941631482412499
5253.0 0.003921979989099774
5254.0 0.003923813692973456
5255.0 0.0039130160748863845
5256.0 0.003800082267232569
5257.0 0.003687239738061887
5258.0 0.0037120780481932495
5259.0 0.0038046625819013976
5260.0 0.0038930748646837533
5261.0 0.003967685344436181
5262.0 0.004042241222420189
5263.0 0.003934372879838837
5264.0 0.0037751619417661876
5265.0 0.003607110188537527
5266.0 0.0034218126735629634
5267.0 0.0032366465149473306
5268.0 0.0032556809948799574
5269.0 0.003297377690644175
5270.0 0.0033622166120184497
5271.0 0.003455299165890612
5272.0 0.003546919507264675
5273.0 0.0035004490767141794
5274.0 0.0034540107385847355
5275.0 0.003373491236575517
5276.0 0.0032673026366407325
5277.0 0.0031664639205612613
5278.0 0.003100996345439987
5279.0 0.00303556530465429
5280.0 0.002981888264269736
5281.0 0.0029337520923944124
5282.0 0.002909310390756163
5283.0 0.0029597507748179413
5284.0 0.0030101635880552167
5285.0 0.0028902943014946845
5286.0 0.002727961732947303
5287.0 0.0025414815044945516
5288.0 0.002310076329416758
5289.0 0.002078831604944659
5290.0 0.002067524242120777
5291.0 0.0020779528591889354
5292.0 0.0020898383048353463
5293.0 0.0021033591409717668
5294.0 0.0021142542156057363
5295.0 0.0019967016062555215
5296.0 0.0018792236291401468
5297.0 0.0018320663438258417
5298.0 0.0018357738890516988
5299.0 0.001834126732465466
5300.0 0.0017995887153079203
5301.0 0.0017650684225639722
5302.0 0.001770270844543128
5303.0 0.0017924755356378797
5304.0 0.0018042483671641685
5305.0 0.001784758048292334
5306.0 0.0017652803955188598
5307.0 0.0016824154422716711
5308.0 0.001584737368106489
5309.0 0.0014954738872332628
5310.0 0.0014204864372341062
5311.0 0.0013455481540560021
5312.0 0.001160409614480781
5313.0 0.0009658121634602076
5314.0 0.0008290807003643215
5315.0 0.00075496318002301
5316.0 0.0006827116996496565
5317.0 0.0006540178994096587
5318.0 0.0006253444450673452
5319.0 0.000561556929822132
5320.0 0.00047340560653375566
5321.0 0.0004119896174161533
5322.0 0.0005017478868241043
5323.0 0.0005914492567894324
5324.0 0.00051209410189274
5325.0 0.0003637840142095309
5326.0 0.0002141832112306756
5327.0 6.0936492790706e-05
5328.0 -9.221492543873734e-05
5329.0 -8.97218172379074e-05
5330.0 -5.309564402597577e-05
5331.0 -1.4108999432784234e-05
5332.0 2.874085036382894e-05
5333.0 7.156451149952754e-05
5334.0 -5.393129815998283e-05
5335.0 -0.00019009000507789046
5336.0 -0.0003280853019881208
5337.0 -0.0004679965323185961
5338.0 -0.0006029009411938494
5339.0 -0.0006442399872783935
5340.0 -0.0006855543431127222
5341.0 -0.0007080096350273802
5342.0 -0.0007184120958000145
5343.0 -0.000749456680146163
5344.0 -0.0008888439907065026
5345.0 -0.0010281528830789217
5346.0 -0.0010783416684176208
5347.0 -0.0010938924964693651
5348.0 -0.001108708263143864
5349.0 -0.0011216608436683284
5350.0 -0.0011346092108286514
5351.0 -0.0012206847604884527
5352.0 -0.0013206457766316234
5353.0 -0.001379163623557744
5354.0 -0.0013729438180330596
5355.0 -0.0013667272871796434
5356.0 -0.001367252450321177
5357.0 -0.0013681314517786287
5358.0 -0.0014345563595116121
5359.0 -0.0015639027599369032
5360.0 -0.0016943833673616466
5361.0 -0.0018436072684482727
5362.0 -0.00199275472172703
5363.0 -0.0020503442209344083
5364.0 -0.002051861006194426
5365.0 -0.002038446948558281
5366.0 -0.0019570511702046165
5367.0 -0.001875693372048425
5368.0 -0.0018642423768110321
5369.0 -0.001878627961897514
5370.0 -0.0018921184988906702
5371.0 -0.0019034361257428108
5372.0 -0.0019147416924921478
5373.0 -0.0019710826960139555
5374.0 -0.002035338734677422
5375.0 -0.002122379545301076
5376.0 -0.002242202422147393
5377.0 -0.002361960919204236
5378.0 -0.0023650485430376546
5379.0 -0.0023632768727526645
5380.0 -0.002370657656647956
5381.0 -0.002386466090298526
5382.0 -0.002405384047114105
5383.0 -0.002460052414346546
5384.0 -0.0025146911473895132
5385.0 -0.0026259325174824363
5386.0 -0.0027703735493409955
5387.0 -0.002889359639548062
5388.0 -0.0029001575577974523
5389.0 -0.002910949267548138
5390.0 -0.002848603992821049
5391.0 -0.0027619213805473697
5392.0 -0.002715589996955507
5393.0 -0.002763294734422283
5394.0 -0.002810973156479223
5395.0 -0.0029026228963494826
5396.0 -0.003001382865734826
5397.0 -0.0030723480077462137
5398.0 -0.003104966553973161
5399.0 -0.003137566694802351
5400.0 -0.0031467748546492773
5401.0 -0.003155491047531803
5402.0 -0.0031877474168888064
5403.0 -0.0032408414881788202
5404.0 -0.0032778037287776985
5405.0 -0.0031520844599474936
5406.0 -0.003026435476649643
5407.0 -0.0030731126361157827
5408.0 -0.0032124802960526114
5409.0 -0.0033719336161283473
5410.0 -0.003611974213170503
5411.0 -0.0038518759554585606
5412.0 -0.0038959612757654043
5413.0 -0.0038782492628760892
5414.0 -0.003819631777668685
5415.0 -0.0036741539876008677
5416.0 -0.003528750519990734
5417.0 -0.003538265377037041
5418.0 -0.0035709043242043085
5419.0 -0.0036250188942868987
5420.0 -0.0037075636857187323
5421.0 -0.0037900686129025076
5422.0 -0.00382790920169671
5423.0 -0.0038652753057189966
5424.0 -0.0038965229158863116
5425.0 -0.0039227535184357945
5426.0 -0.003931202860284507
5427.0 -0.0037799171449245717
5428.0 -0.003628727457726846
5429.0 -0.0035377682410157175
5430.0 -0.003477830264153258
5431.0 -0.003446013623164271
5432.0 -0.0035137406253840596
5433.0 -0.0035814112802392177
5434.0 -0.003603090746648542
5435.0 -0.003611024577746289
5436.0 -0.003662087802234091
5437.0 -0.003800674875175273
5438.0 -0.003939166156710069
5439.0 -0.00406325288023203
5440.0 -0.004185473685623998
5441.0 -0.00420985888559164
5442.0 -0.004109878253496885
5443.0 -0.004009954732501078
5444.0 -0.0040274385133747285
5445.0 -0.004044908721036992
5446.0 -0.004138535132895602
5447.0 -0.004291937517725295
5448.0 -0.004416043398732684
5449.0 -0.0043260977956913905
5450.0 -0.004236217823050098
5451.0 -0.004112868150603547
5452.0 -0.003973092640995662
5453.0 -0.003870676017918855
5454.0 -0.0038929976464213774
5455.0 -0.003915289063248836
5456.0 -0.003954011301606319
5457.0 -0.003997076391685477
5458.0 -0.004034582576225438
5459.0 -0.00406136292557084
5460.0 -0.004088108459162282
5461.0 -0.004170819995186815
5462.0 -0.004259671113198741
5463.0 -0.004311454284456448
5464.0 -0.004319769334646768
5465.0 -0.004327850516750556
5466.0 -0.004313572499902126
5467.0 -0.004299304695685274
5468.0 -0.004227906481023274
5469.0 -0.004113474494961452
5470.0 -0.00400836145643239
5471.0 -0.003965048310375028
5472.0 -0.0039217575901134205
5473.0 -0.003955749587664808
5474.0 -0.004024407857987331
5475.0 -0.004084849355801874
5476.0 -0.004119404634226237
5477.0 -0.004153929040959487
5478.0 -0.004249583743719783
5479.0 -0.0043604418747630515
5480.0 -0.004466256326847959
5481.0 -0.0045631874507334426
5482.0 -0.004660019189863558
5483.0 -0.004595664158466428
5484.0 -0.0045154228282053245
5485.0 -0.004421549448980267
5486.0 -0.0043122841080981585
5487.0 -0.0042073054489444196
5488.0 -0.0042379304485991465
5489.0 -0.004268527082780191
5490.0 -0.004207625291910022
5491.0 -0.004080554405079171
5492.0 -0.0039694269375496
5493.0 -0.003955537058904215
5494.0 -0.0039416454893360505
5495.0 -0.003990307159649084
5496.0 -0.00406569885735688
5497.0 -0.004133804502624037
5498.0 -0.004181277639061925
5499.0 -0.004228707519920866
5500.0 -0.004241512369759834
5501.0 -0.004246196129216954
5502.0 -0.00421892031723149
5503.0 -0.004137295906249913
5504.0 -0.004055741168448663
5505.0 -0.0039026084700000234
5506.0 -0.0037442175922105993
5507.0 -0.003697110418354584
5508.0 -0.0037703871567129005
5509.0 -0.003846144472133235
5510.0 -0.003982915904587432
5511.0 -0.004119567823631792
5512.0 -0.004190232577774738
5513.0 -0.004216955242524203
5514.0 -0.004240154856717208
5515.0 -0.004243529644432538
5516.0 -0.0042469000145378575
5517.0 -0.0041540732433317205
5518.0 -0.004022044740148914
5519.0 -0.003918714208900435
5520.0 -0.0038926957983463463
5521.0 -0.0038667101410410913
5522.0 -0.0038624556896257015
5523.0 -0.0038626606236202223
5524.0 -0.003895767206719684
5525.0 -0.003982519388812506
5526.0 -0.004069211633827141
5527.0 -0.004023428912130314
5528.0 -0.003969247138962059
5529.0 -0.0038980807470315893
5530.0 -0.003809962609010518
5531.0 -0.0037243450765168254
5532.0 -0.0036847361182357962
5533.0 -0.003645157705007399
5534.0 -0.003622042616920023
5535.0 -0.0036094320283197004
5536.0 -0.003593321061200001
5537.0 -0.0035600392259334847
5538.0 -0.003526793615402126
5539.0 -0.0035577536260208223
5540.0 -0.0036136495149889326
5541.0 -0.00363820781723351
5542.0 -0.003582278281016402
5543.0 -0.0035264017906739098
5544.0 -0.0035090393260075975
5545.0 -0.003499001005959847
5546.0 -0.003491155073722084
5547.0 -0.0034865580039978917
5548.0 -0.003481963397431593
5549.0 -0.0034849612272061558
5550.0 -0.0034883546095475877
5551.0 -0.0034325125635881045
5552.0 -0.0033198118077071015
5553.0 -0.0032103495424118
5554.0 -0.0031427490620842286
5555.0 -0.0030751971481566575
5556.0 -0.0030640171954860224
5557.0 -0.0030873626726054147
5558.0 -0.0031178754164625597
5559.0 -0.0031810850368389717
5560.0 -0.0032442583698201978
5561.0 -0.003274916197983193
5562.0 -0.0032941612693768757
5563.0 -0.0033074783526016185
5564.0 -0.003306312872183731
5565.0 -0.0033051473728253787
5566.0 -0.0033447981963200114
5567.0 -0.003391619840766309
5568.0 -0.003354226226771687
5569.0 -0.003195791380486318
5570.0 -0.003037460285552062
5571.0 -0.002985066695646298
5572.0 -0.0029359721074757607
5573.0 -0.0029320343823824088
5574.0 -0.0029697248942201432
5575.0 -0.003006169497927834
5576.0 -0.003028592005086896
5577.0 -0.00305098730539802
5578.0 -0.0030400886623217016
5579.0 -0.0030105016922459364
5580.0 -0.002978130207650149
5581.0 -0.0029339080431259462
5582.0 -0.0028897091736240985
5583.0 -0.0028781913827641945
5584.0 -0.002877550779254303
5585.0 -0.0028638973882800034
5586.0 -0.0028213134936252923
5587.0 -0.0027787621543390022
5588.0 -0.002675010493410925
5589.0 -0.0025613607775755182
5590.0 -0.0025067446942035002
5591.0 -0.002533528149925677
5592.0 -0.0025602723532098214
5593.0 -0.0025025862233423314
5594.0 -0.0024432091023798078
5595.0 -0.002435882295368431
5596.0 -0.0024728461004210793
5597.0 -0.002505003122040448
5598.0 -0.002489024958205623
5599.0 -0.0024730598017357686
5600.0 -0.0025034856450086196
5601.0 -0.0025588454617846584
5602.0 -0.0025967471071684364
5603.0 -0.0025692213446526268
5604.0 -0.0025417028983262904
5605.0 -0.002431464392289885
5606.0 -0.002295208020930136
5607.0 -0.002172872305086144
5608.0 -0.002079949967096133
5609.0 -0.0019871096033242416
5610.0 -0.0021082245858758263
5611.0 -0.002258355631839213
5612.0 -0.002387194155350987
5613.0 -0.002487884685383262
5614.0 -0.0025884636448790656
5615.0 -0.0025144272390122237
5616.0 -0.0024386962008924777
5617.0 -0.002399615622966572
5618.0 -0.0023904730188918813
5619.0 -0.0023785647383798244
5620.0 -0.0023442911401604294
5621.0 -0.002310037760705666
5622.0 -0.002265862406682018
5623.0 -0.0022165848155213034
5624.0 -0.0021795862666682104
5625.0 -0.0021859420582189598
5626.0 -0.002192274890350003
5627.0 -0.002142377411789496
5628.0 -0.002076672801000013
5629.0 -0.0020119800734357887
5630.0 -0.001949277433439055
5631.0 -0.0018866332679478772
5632.0 -0.0018948484916369306
5633.0 -0.0019117904021666524
5634.0 -0.0019492648221894518
5635.0 -0.0020118077807368432
5636.0 -0.002074268457505286
5637.0 -0.001974214422277499
5638.0 -0.0018742787835639484
5639.0 -0.0017615449618834265
5640.0 -0.0016387969139938108
5641.0 -0.00153103554152668
5642.0 -0.0015321677030572932
5643.0 -0.001533287155416897
5644.0 -0.0015742414969503044
5645.0 -0.0016338708866803961
5646.0 -0.0016442897500401736
5647.0 -0.0014902966865702628
5648.0 -0.0013364880592694629
5649.0 -0.0011974132267393454
5650.0 -0.0010623685251125944
5651.0 -0.0009900036409642215
5652.0 -0.0010337551150357914
5653.0 -0.0010774608129473615
5654.0 -0.0011762847492075555
5655.0 -0.0012811260298783704
5656.0 -0.0013135158588349273
5657.0 -0.0012610184350074155
5658.0 -0.0012094207860615168
5659.0 -0.0011988141101709785
5660.0 -0.0011882268195537037
5661.0 -0.0011663432158166911
5662.0 -0.0011359557627095328
5663.0 -0.0011094824673311087
5664.0 -0.0011089537590399778
5665.0 -0.0011084324697276562
5666.0 -0.0010682668289743037
5667.0 -0.001010350435998823
5668.0 -0.0009568333630736716
5669.0 -0.0009163686428336843
5670.0 -0.0008759537690400126
5671.0 -0.0008058632681246707
5672.0 -0.0007284237501639499
5673.0 -0.0006579118805699469
5674.0 -0.0005996355507892963
5675.0 -0.0005414176731602244
5676.0 -0.0006217671132000165
5677.0 -0.0007140890815579368
5678.0 -0.0007845931054580045
5679.0 -0.0008305378799438639
5680.0 -0.0008743475772589398
5681.0 -0.0008502146145192682
5682.0 -0.0008261097177463523
5683.0 -0.0007988029717777041
5684.0 -0.0007692842386497
5685.0 -0.0007220869109456191
5686.0 -0.0005662056315541119
5687.0 -0.0004104433764898696
5688.0 -0.0003094418109239295
5689.0 -0.0002319256790119104
5690.0 -0.00020367814881451212
5691.0 -0.00031548042044864523
5692.0 -0.0004272114255019329
5693.0 -0.0003742144607305353
5694.0 -0.0002851174600105455
5695.0 -0.00022160761282996721
5696.0 -0.00020159378841343216
5697.0 -0.00018159296746469693
5698.0 -0.0001687828654967581
5699.0 -0.0001565206124827886
5700.0 -0.00010360211945265869
5701.0 -8.401067530129896e-06
5702.0 8.321929061602981e-05
5703.0 9.009264222398117e-05
5704.0 9.696301382019828e-05
5705.0 0.00012059905130786491
5706.0 0.00015539949405763133
5707.0 0.00019083741509934906
5708.0 0.00022969796335282748
5709.0 0.00026853779041599015
5710.0 0.0002333732650429301
5711.0 0.00016801570921418655
5712.0 0.00016294460851480294
5713.0 0.00032074051075239445
5714.0 0.0004784510888883466
5715.0 0.0005889024397898267
5716.0 0.0006896294171052877
5717.0 0.000712916983464401
5718.0 0.0006151917373844273
5719.0 0.0005175200707705591
5720.0 0.0004764877179251016
5721.0 0.0004390899247952825
5722.0 0.00045187448432564795
5723.0 0.0005147932910794768
5724.0 0.0005859764850884569
5725.0 0.0007872611560189357
5726.0 0.0009883873496694146
5727.0 0.0010569366507699846
5728.0 0.0010407904482384947
5729.0 0.0010244950100805309
5730.0 0.001007478933932941
5731.0 0.0009904665749963777
5732.0 0.001015532287079983
5733.0 0.0010561163970399848
5734.0 0.0010949879814703962
5735.0 0.0011295413270371033
5736.0 0.0011640441709292635
5737.0 0.001213902323254107
5738.0 0.0012666282356763006
5739.0 0.0012874921548462848
5740.0 0.0012606601246989172
5741.0 0.0012338485801768127
5742.0 0.0012501765527196526
5743.0 0.0012687400769055125
5744.0 0.0012983716952008424
5745.0 0.0013386246170426824
5746.0 0.0013768954637583966
5747.0 0.001389641060155356
5748.0 0.0014023648366975783
5749.0 0.0014843748787604148
5750.0 0.0016069519307520025
5751.0 0.0017044089623722226
5752.0 0.0016880869156174403
5753.0 0.001671795832858102
5754.0 0.0016746799138213472
5755.0 0.001684301180261251
5756.0 0.0017202146739073796
5757.0 0.0018174231181263237
5758.0 0.00191454247756211
5759.0 0.0019389198936971283
5760.0 0.0019504872729848794
5761.0 0.0019443235957053878
5762.0 0.0019126535866215563
5763.0 0.0018810605355121166
5764.0 0.001959508989943593
5765.0 0.002041351496985276
5766.0 0.0020908505363219183
5767.0 0.0021105420970742223
5768.0 0.0021296113317816954
5769.0 0.0021407985790850704
5770.0 0.00215207080038741
5771.0 0.0021673018194145375
5772.0 0.0021848094930669885
5773.0 0.0021981733692168367
5774.0 0.0021947315964547165
5775.0 0.002191383227633649
5776.0 0.002211992736200589
5777.0 0.002240637664704334
5778.0 0.0022688622122888492
5779.0 0.0022960431297395743
5780.0 0.0023232965991016015
5781.0 0.0017148752972875804
5782.0 0.0010112452965696402
5783.0 0.0004176430900187921
5784.0 -2.3849405577763405e-05
5785.0 -0.0004655101954412732
5786.0 -0.000369466308972021
5787.0 -0.00026240259690252997
5788.0 -0.00019580427790063767
5789.0 -0.00016368575848505298
5790.0 -0.00013861763919696983
5791.0 -0.00018493527754416913
5792.0 -0.0002311973265912131
5793.0 -0.0002216625264429769
5794.0 -0.00018211760982169954
5795.0 -0.00015155498660057728
5796.0 -0.0001546724687277537
5797.0 -0.00015772922264700948
5798.0 -0.0001463560095966633
5799.0 -0.00013068998006402974
5800.0 -0.00014052708768194137
