# %ECSV 1.0
# ---
# datatype:
# - {name: WAV, unit: Angstrom, datatype: float32}
# - {name: EFF, datatype: float64}
# meta: !!omap
# - {GRISM: 400/3400}
# - {DICHROIC: D560}
# schema: astropy-2.0
WAV EFF
3100.0 0.06451068576806325
3101.0 0.06504503781266224
3102.0 0.06562868432632017
3103.0 0.06625373819398762
3104.0 0.06691428407937752
3105.0 0.06760637842496514
3106.0 0.06832509178384459
3107.0 0.06906549470910998
3108.0 0.0698236436432366
3109.0 0.07059855269684326
3110.0 0.07138430653364286
3111.0 0.07218090515363546
3112.0 0.0729844049992963
3113.0 0.07379382018124421
3114.0 0.07460816481009802
3115.0 0.0754244812177142
3116.0 0.07624178351471154
3117.0 0.07706007170109007
3118.0 0.07787835988746859
3119.0 0.07869566218446594
3120.0 0.07951099270270093
3121.0 0.08032435144217356
3122.0 0.08113475251350265
3123.0 0.0819431818060694
3124.0 0.08274963931987377
3125.0 0.08355215327615344
3126.0 0.08435269545367075
3127.0 0.08515126585242569
3128.0 0.08594589269365592
3129.0 0.0867385477561238
3130.0 0.0875292310398293
3131.0 0.08831794254477246
3132.0 0.08910369638157209
3133.0 0.08988846432899053
3134.0 0.09067126049764661
3135.0 0.09145307077692152
3136.0 0.09223290927743406
3137.0 0.09301274777794662
3138.0 0.0937906144996968
3139.0 0.09456848122144698
3140.0 0.09534536205381601
3141.0 0.09612224288618501
3142.0 0.09689813782917285
3143.0 0.09767403277216068
3144.0 0.09844992771514852
3145.0 0.09922582265813634
3146.0 0.10000171760112417
3147.0 0.10077662665473083
3148.0 0.10155252159771866
3149.0 0.10232743065132531
3150.0 0.10310233970493196
3151.0 0.10387724875853861
3152.0 0.10465215781214526
3153.0 0.10542608097637074
3154.0 0.10620000414059622
3155.0 0.10697294141544052
3156.0 0.10774489280090362
3157.0 0.10851585829698557
3158.0 0.10928583790368633
3159.0 0.11005483162100589
3160.0 0.11082185355956312
3161.0 0.11158788960873915
3162.0 0.11235096798977168
3163.0 0.113113060481423
3164.0 0.11387219530493078
3165.0 0.11462837246029503
3166.0 0.11538159194751575
3167.0 0.11613283965597411
3168.0 0.11688014380690775
3169.0 0.11762350440031667
3170.0 0.11836292143620089
3171.0 0.11909938080394156
3172.0 0.11983091072477635
3173.0 0.12055751119870523
3174.0 0.1212801681151094
3175.0 0.12199789558460768
3176.0 0.12270970771781886
3177.0 0.12341659040412416
3178.0 0.12411755775414242
3179.0 0.12481260976787355
3180.0 0.12550174644531764
3181.0 0.12618496778647464
3182.0 0.12686227379134457
3183.0 0.1275326785705463
3184.0 0.1281961821240797
3185.0 0.1288527844519449
3186.0 0.12950248555414182
3187.0 0.13014528543067047
3188.0 0.13078118408153092
3189.0 0.13141018150672307
3190.0 0.13203129181686582
3191.0 0.13264451501195912
3192.0 0.13325083698138418
3193.0 0.1338492718357598
3194.0 0.13444080546446716
3195.0 0.1350244519781251
3196.0 0.13560021137673361
3197.0 0.13616906954967384
3198.0 0.1367300406075647
3199.0 0.1372831245504061
3200.0 0.13782930726757922
3201.0 0.1383685887590841
3202.0 0.13889899724615837
3203.0 0.13942349039694554
3204.0 0.13994009643268335
3205.0 0.14044980124275286
3206.0 0.14095260482715413
3207.0 0.1414485071858871
3208.0 0.14193849420833304
3209.0 0.14242059411572958
3210.0 0.14289776457622017
3211.0 0.14336803381104252
3212.0 0.14383140182019663
3213.0 0.14428984038244486
3214.0 0.14474236360840598
3215.0 0.14518995738746124
3216.0 0.1456316358302294
3217.0 0.1460683848260917
3218.0 0.14650119026442923
3219.0 0.1469280803664797
3220.0 0.1473510269110055
3221.0 0.14777002989800653
3222.0 0.14818508932748287
3223.0 0.14859719108881567
3224.0 0.14900534929262374
3225.0 0.14940956393890711
3226.0 0.14981180680642814
3227.0 0.1502110920058056
3228.0 0.15060840542642073
3229.0 0.1510027611788923
3230.0 0.1513961310419827
3231.0 0.15178654323692958
3232.0 0.15217695543187643
3233.0 0.15256539584806092
3234.0 0.15295383626424544
3235.0 0.15334129079104877
3236.0 0.1537287453178521
3237.0 0.15411521395527422
3238.0 0.15450266848207755
3239.0 0.1548901230088809
3240.0 0.1552785634250654
3241.0 0.1556679897306311
3242.0 0.15605840192557793
3243.0 0.15645078589928715
3244.0 0.15684415576237756
3245.0 0.15723949740423032
3246.0 0.15763681082484546
3247.0 0.15803708191360408
3248.0 0.1584393247811251
3249.0 0.15884452531678966
3250.0 0.15925268352059774
3251.0 0.15966379939254938
3252.0 0.1600788588220257
3253.0 0.16049687591964557
3254.0 0.16091883657479017
3255.0 0.16134474078745945
3256.0 0.1617745885576535
3257.0 0.16220837988537223
3258.0 0.16264710065999685
3259.0 0.1630897649921462
3260.0 0.16353735877120143
3261.0 0.16398988199716258
3262.0 0.16444733467002962
3263.0 0.16490971678980254
3264.0 0.16537702835648135
3265.0 0.16584926937006608
3266.0 0.16632742571993786
3267.0 0.16681149740609671
3268.0 0.16730049853916149
3269.0 0.16779442911913212
3270.0 0.16829526092477104
3271.0 0.16880102217731585
3272.0 0.1693126987661477
3273.0 0.16983029069126665
3274.0 0.1703537979526727
3275.0 0.17088322055036578
3276.0 0.17141855848434595
3277.0 0.17195981175461317
3278.0 0.1725069803611675
3279.0 0.1730600643040089
3280.0 0.17362004947251855
3281.0 0.17418496408793407
3282.0 0.17475579403963667
3283.0 0.17533253932762638
3284.0 0.17591618584128432
3285.0 0.17650476180184813
3286.0 0.17709925309869903
3287.0 0.17769965973183702
3288.0 0.17830598170126205
3289.0 0.17891723311759303
3290.0 0.17953439987021103
3291.0 0.18015748195911616
3292.0 0.18078549349492715
3293.0 0.1814194203670252
3294.0 0.18205827668602914
3295.0 0.1827030483413202
3296.0 0.18335274944351712
3297.0 0.18400737999261993
3298.0 0.18466693998862865
3299.0 0.18533142943154327
3300.0 0.18599986243198258
3301.0 0.18667421076870896
3302.0 0.1873525026629601
3303.0 0.18803473811473592
3304.0 0.18872190301341765
3305.0 0.18941301146962408
3306.0 0.19010904937273643
3307.0 0.19080804494399228
3308.0 0.1915109840727729
3309.0 0.1922178667590782
3310.0 0.1929286930029082
3311.0 0.1936424769148818
3312.0 0.19435921849499888
3313.0 0.1950799036326407
3314.0 0.19580354643842604
3315.0 0.19652916102297374
3316.0 0.19725871916504617
3317.0 0.19799024908588095
3318.0 0.19872473667485926
3319.0 0.19946119604259993
3320.0 0.20020061307848414
3321.0 0.20094101600374953
3322.0 0.20168437659715846
3323.0 0.20242872307994858
3324.0 0.20317602723088218
3325.0 0.20392431727119703
3326.0 0.20467359320089304
3327.0 0.20542484090935137
3328.0 0.20617707450719092
3329.0 0.20693029399441162
3330.0 0.20768449937101355
3331.0 0.20843870474761542
3332.0 0.20919488190297966
3333.0 0.20995007316896275
3334.0 0.210706250324327
3335.0 0.21146242747969127
3336.0 0.2122186046350555
3337.0 0.21297379590103857
3338.0 0.21372997305640284
3339.0 0.2144851643223859
3340.0 0.2152393696989878
3341.0 0.2159925891862085
3342.0 0.2167458086734292
3343.0 0.2174970563818876
3344.0 0.21824830409034596
3345.0 0.21899758002004194
3346.0 0.2197448841709756
3347.0 0.22049120243252807
3348.0 0.22123653480469932
3349.0 0.2219789095087271
3350.0 0.22272029832337364
3351.0 0.2234587294698767
3352.0 0.22419617472699854
3353.0 0.22493066231597686
3354.0 0.22566317812619283
3355.0 0.22639372215764642
3356.0 0.22712130852095647
3357.0 0.227845937216123
3358.0 0.22856760824314598
3359.0 0.22928730749140663
3360.0 0.23000404907152372
3361.0 0.23071783298349727
3362.0 0.2314286592273273
3363.0 0.23213554191363261
3364.0 0.23284045282117555
3365.0 0.23354142017119378
3366.0 0.23423942985306848
3367.0 0.23493349597741847
3368.0 0.23562559032300606
3369.0 0.2363127552216878
3370.0 0.23699696245222598
3371.0 0.23767821201462064
3372.0 0.2383555180194906
3373.0 0.2390288804668358
3374.0 0.23969829935665632
3375.0 0.24036476057833328
3376.0 0.24102727824248552
3377.0 0.24168585234911308
3378.0 0.2423404828982159
3379.0 0.242991169889794
3380.0 0.24363889921322857
3381.0 0.24428169908975722
3382.0 0.2449215412981424
3383.0 0.24555743994900278
3384.0 0.2461884091529573
3385.0 0.2468164206887683
3386.0 0.24744048866705456
3387.0 0.2480606130878161
3388.0 0.248676793951053
3389.0 0.2492890312567651
3390.0 0.2498973250049525
3391.0 0.2505016751956152
3392.0 0.25110208182875315
3393.0 0.25169953079374763
3394.0 0.25229205031183616
3395.0 0.2528816121617812
3396.0 0.2534672304542015
3397.0 0.25404989107847825
3398.0 0.25462860814523025
3399.0 0.2552033816544576
3400.0 0.2557751974955414
3401.0 0.2563430697791005
3402.0 0.256907984394516
3403.0 0.257469941341788
3404.0 0.2580279547315353
3405.0 0.2585830104531391
3406.0 0.25913510850659927
3407.0 0.25968424889191594
3408.0 0.26023043160908904
3409.0 0.2607736566581187
3410.0 0.2613139240390047
3411.0 0.26185123375174724
3412.0 0.26238558579634624
3413.0 0.2629179660621829
3414.0 0.263447388659876
3415.0 0.26397385358942554
3416.0 0.2644983467402128
3417.0 0.2650208681122376
3418.0 0.26554043181611886
3419.0 0.2660580237412378
3420.0 0.2665736438875944
3421.0 0.2670863063658075
3422.0 0.2675979829546393
3423.0 0.2681067018753277
3424.0 0.26861443490663484
3425.0 0.26911921026979846
3426.0 0.2696229997435809
3427.0 0.27012481743860095
3428.0 0.27062466335485874
3429.0 0.2711235233817353
3430.0 0.2716204116298494
3431.0 0.27211631398858244
3432.0 0.2726102445685531
3433.0 0.27310318925914256
3434.0 0.27359416217096966
3435.0 0.2740841491934156
3436.0 0.2745741362158615
3437.0 0.275061165570164
3438.0 0.2755481949244664
3439.0 0.27603423838938757
3440.0 0.27651831007554645
3441.0 0.27700238176170533
3442.0 0.277485467558483
3443.0 0.2779675674658795
3444.0 0.27844868148389484
3445.0 0.27892880961252897
3446.0 0.27940795185178197
3447.0 0.2798870940910349
3448.0 0.2803652504409067
3449.0 0.28084340679077846
3450.0 0.28132057725126913
3451.0 0.2817967618223785
3452.0 0.2822719605041068
3453.0 0.28274814507521623
3454.0 0.2832223578675633
3455.0 0.2836965706599104
3456.0 0.28417078345225744
3457.0 0.2846440103552233
3458.0 0.28511723725818927
3459.0 0.28559046416115513
3460.0 0.28606270517473986
3461.0 0.2865349461883246
3462.0 0.28700718720190926
3463.0 0.2874784423261128
3464.0 0.2879496974503164
3465.0 0.2884209525745199
3466.0 0.28889122180934224
3467.0 0.2893624769335458
3468.0 0.2898327461683681
3469.0 0.2903030154031905
3470.0 0.29077229874863164
3471.0 0.291242567983454
3472.0 0.2917118513288952
3473.0 0.2921811346743364
3474.0 0.2926504180197776
3475.0 0.2931187154758376
3476.0 0.2935870129318976
3477.0 0.29405531038795757
3478.0 0.29452360784401754
3479.0 0.2949909194106964
3480.0 0.2954582309773752
3481.0 0.29592554254405407
3482.0 0.2963918682213517
3483.0 0.2968581938986493
3484.0 0.29732451957594697
3485.0 0.29778985936386343
3486.0 0.2982551991517799
3487.0 0.29871955305031517
3488.0 0.2991839069488505
3489.0 0.29964727495800453
3490.0 0.3001096570777775
3491.0 0.3005720391975504
3492.0 0.30103343542794214
3493.0 0.30149483165833396
3494.0 0.3019542561099633
3495.0 0.3024136805615927
3496.0 0.30287211912384093
3497.0 0.3033295717967079
3498.0 0.30378702446957495
3499.0 0.30424250536367964
3500.0 0.30469700036840314
3501.0 0.30515050948374545
3502.0 0.30560303270970657
3503.0 0.30605457004628656
3504.0 0.3065051214934853
3505.0 0.3069537011619217
3506.0 0.30740129494097695
3507.0 0.307847902830651
3508.0 0.3082925389415628
3509.0 0.3087361891630933
3510.0 0.30917786760586147
3511.0 0.3096175742698673
3512.0 0.3100562950444919
3513.0 0.31049304404035416
3514.0 0.31092782125745405
3515.0 0.3113616125851728
3516.0 0.311792446244748
3517.0 0.31222229401494206
3518.0 0.31264918411699255
3519.0 0.31307508832966185
3520.0 0.3134980348741876
3521.0 0.3139199955293322
3522.0 0.31433801262695205
3523.0 0.31475504383519076
3524.0 0.3151691173752859
3525.0 0.3155812191366187
3526.0 0.31599036322980795
3527.0 0.3163975355442349
3528.0 0.31680175019051826
3529.0 0.31720399305803926
3530.0 0.31760327825741674
3531.0 0.31799960578865066
3532.0 0.3183929756517411
3533.0 0.31878338784668797
3534.0 0.31917084237349125
3535.0 0.3195563251215322
3536.0 0.31993786431204846
3537.0 0.3203164458344212
3538.0 0.3206920696886504
3539.0 0.3210657217641172
3540.0 0.32143444439267815
3541.0 0.3218011952424767
3542.0 0.3221640025347505
3543.0 0.32252385215888085
3544.0 0.3228797582254864
3545.0 0.32323270662394854
3546.0 0.32358269735426703
3547.0 0.32392874452706083
3548.0 0.3242708481423299
3549.0 0.3246099940894555
3550.0 0.32494519647905634
3551.0 0.32527744120051366
3552.0 0.3256057423644462
3553.0 0.32593009997085415
3554.0 0.3262514999091185
3555.0 0.3265689562898581
3556.0 0.326882469113073
3557.0 0.32719203837876315
3558.0 0.32749766408692865
3559.0 0.3278003321269506
3560.0 0.3280990566094478
3561.0 0.3283938375344203
3562.0 0.3286846749018681
3563.0 0.3289715687117912
3564.0 0.32925451896418956
3565.0 0.3295345115484444
3566.0 0.32980957468579325
3567.0 0.33008168015499867
3568.0 0.33034984206667933
3569.0 0.3306140604208353
3570.0 0.33087433521746656
3571.0 0.3311306664565731
3572.0 0.3313830541381549
3573.0 0.33163248415159313
3574.0 0.33187698471812555
3575.0 0.3321185276165144
3576.0 0.3323561269573785
3577.0 0.3325897827407179
3578.0 0.33282048085591376
3579.0 0.33304624952420375
3580.0 0.3332690605243502
3581.0 0.3334889138563531
3582.0 0.3337038377414501
3583.0 0.33391580395840365
3584.0 0.33412481250721354
3585.0 0.33432987749849874
3586.0 0.33453099893225924
3587.0 0.33472817680849504
3588.0 0.33492338290596846
3589.0 0.335113659556536
3590.0 0.33530097853896
3591.0 0.33548533985324047
3592.0 0.3356667434993774
3593.0 0.3358442035879896
3594.0 0.3360177201190771
3595.0 0.33618926487140227
3596.0 0.3363568660662027
3597.0 0.3365224954822407
3598.0 0.33668418134075406
3599.0 0.3368429095311239
3600.0 0.33699868005335015
3601.0 0.3371524787968141
3602.0 0.3373023339827533
3603.0 0.3374502173899301
3604.0 0.33759514312896344
3605.0 0.3377371111998532
3606.0 0.3378771074919806
3607.0 0.3380141461159645
3608.0 0.3381482270718048
3609.0 0.338281322138264
3610.0 0.3384114595365796
3611.0 0.33853962515613284
3612.0 0.3386648331075426
3613.0 0.33878905516957114
3614.0 0.33891031956345613
3615.0 0.33903059806796
3616.0 0.3391479189043202
3617.0 0.3392642538512994
3618.0 0.33937960290889735
3619.0 0.3394929801877329
3620.0 0.33960438568780615
3621.0 0.3397148052984982
3622.0 0.3398232531304279
3623.0 0.33993170096235753
3624.0 0.34003817701552486
3625.0 0.340143667179311
3626.0 0.3402491573430972
3627.0 0.34035267572812095
3628.0 0.3404561941131447
3629.0 0.34055872660878733
3630.0 0.34066125910442996
3631.0 0.3407628057106914
3632.0 0.34086435231695283
3633.0 0.3409658989232142
3634.0 0.34106645964009447
3635.0 0.34116800624635596
3636.0 0.34126856696323615
3637.0 0.34137011356949765
3638.0 0.34147166017575903
3639.0 0.34157320678202047
3640.0 0.3416757392776631
3641.0 0.3417792576626869
3642.0 0.34188277604771067
3643.0 0.3419882662114968
3644.0 0.342093756375283
3645.0 0.3422002324284503
3646.0 0.3423076943709988
3647.0 0.3424171280923097
3648.0 0.3425265618136205
3649.0 0.3426389532030749
3650.0 0.3427513445925293
3651.0 0.3428666936501273
3652.0 0.34298302859710633
3653.0 0.3431013353228478
3654.0 0.34322161382735167
3655.0 0.3433438641106179
3656.0 0.34346808617264646
3657.0 0.3435952659028185
3658.0 0.34372441741175297
3659.0 0.34385554069944974
3660.0 0.3439886357659089
3661.0 0.3441256743898928
3662.0 0.344264684792639
3663.0 0.3444066528635288
3664.0 0.3445515786025621
3665.0 0.34469946200973894
3666.0 0.34485030308505926
3667.0 0.3450041018285232
3668.0 0.34516085824013065
3669.0 0.34532155820926286
3670.0 0.3454862017359197
3671.0 0.3456538029307201
3672.0 0.3458243617936641
3673.0 0.3459998501035139
3674.0 0.3461782960815073
3675.0 0.3463616715064066
3676.0 0.34654800459944946
3677.0 0.346738281250017
3678.0 0.3469334873474904
3679.0 0.3471326370024886
3680.0 0.3473357302150114
3681.0 0.34754375287444017
3682.0 0.3477557190913937
3683.0 0.34797261475525304
3684.0 0.34819345397663715
3685.0 0.3484192226449271
3686.0 0.34864992076012297
3687.0 0.34888554832222474
3688.0 0.3491261053312324
3689.0 0.349371591787146
3690.0 0.34962200768996543
3691.0 0.34987735303969075
3692.0 0.35013762783632196
3693.0 0.3504038179692403
3694.0 0.35067493754906454
3695.0 0.35095098657579465
3696.0 0.35123295093881185
3697.0 0.35152083063811607
3698.0 0.3518136397843262
3699.0 0.3521113783774423
3700.0 0.3524150323068454
3701.0 0.35272460157253555
3702.0 0.3530400861745128
3703.0 0.353360500223396
3704.0 0.3536878154979474
3705.0 0.3540200602194047
3706.0 0.3543582202771491
3707.0 0.35470229567118056
3708.0 0.35505228640149905
3709.0 0.3554091783574858
3710.0 0.3557709997603785
3711.0 0.35613873649955824
3712.0 0.3565123885750251
3713.0 0.35689294187616016
3714.0 0.3572784246242011
3715.0 0.35767080859791034
3716.0 0.35806910790790664
3717.0 0.35847332255418995
3718.0 0.3588844384261416
3719.0 0.3593004837449992
3720.0 0.35972343028952486
3721.0 0.36015229217033773
3722.0 0.3605880552768188
3723.0 0.36102874783020583
3724.0 0.36147634160926106
3725.0 0.3619298507246034
3726.0 0.3623892751762328
3727.0 0.3628556008535304
3728.0 0.36332784186711514
3729.0 0.3638059982169869
3730.0 0.3642900699031458
3731.0 0.36478005692559173
3732.0 0.3652759592843247
3733.0 0.365778762868726
3734.0 0.36628748178941434
3735.0 0.36680211604638974
3736.0 0.36732266563965227
3737.0 0.36784913056920177
3738.0 0.3683815108350384
3739.0 0.3689198064371621
3740.0 0.3694640173755729
3741.0 0.37001414365027074
3742.0 0.3705691993718745
3743.0 0.3711311563191465
3744.0 0.3716980427133244
3745.0 0.3722708444437894
3746.0 0.37284956151054144
3747.0 0.3734341939135805
3748.0 0.37402375576352553
3749.0 0.37461824706037644
3750.0 0.3752186536935144
3751.0 0.3758249756629395
3752.0 0.37643524118988925
3753.0 0.3770524079425073
3754.0 0.37767351825265
3755.0 0.3783005438990798
3756.0 0.37893151310303436
3757.0 0.37956839764327593
3758.0 0.3802102116304234
3759.0 0.3808569550644768
3760.0 0.3815076420560549
3761.0 0.3821632584945389
3762.0 0.38282380437992886
3763.0 0.3834892797122246
3764.0 0.3841586986020451
3765.0 0.3848320610493904
3766.0 0.38551035294364144
3767.0 0.38619357428479845
3768.0 0.386879753294099
3769.0 0.3875698758609243
3770.0 0.38826492787465544
3771.0 0.3889629375565301
3772.0 0.38966489079592953
3773.0 0.39037078759285365
3774.0 0.3910806279473025
3775.0 0.3917934259698949
3776.0 0.39251016755001195
3777.0 0.3932298667982726
3778.0 0.39395350960405795
3779.0 0.3946791241886057
3780.0 0.39540868233067805
3781.0 0.396141198140894
3782.0 0.39687667161925355
3783.0 0.39761411687637543
3784.0 0.3983545198016408
3785.0 0.39909788039504973
3786.0 0.3998441986566022
3787.0 0.4005915028075358
3788.0 0.40134275051599416
3789.0 0.4020949841138337
3790.0 0.40284918949043563
3791.0 0.403606352535181
3792.0 0.40436450146930764
3793.0 0.4051246221821966
3794.0 0.40588671467384796
3795.0 0.4066507789442616
3796.0 0.4074148432146753
3797.0 0.4081808792638513
3798.0 0.4089488870917897
3799.0 0.4097168949197281
3800.0 0.4104868745264289
3801.0 0.41125784002251087
3802.0 0.4120288055185928
3803.0 0.4128007569040559
3804.0 0.413572708289519
3805.0 0.41434564556436326
3806.0 0.4151195687285888
3807.0 0.4158925060034331
3808.0 0.41666642916765856
3809.0 0.41744035233188403
3810.0 0.4182142754961095
3811.0 0.41898721277095374
3812.0 0.4197601500457981
3813.0 0.4205330873206424
3814.0 0.42130503870610553
3815.0 0.4220769900915686
3816.0 0.42284795558765054
3817.0 0.4236179351943513
3818.0 0.4243859430222897
3819.0 0.4251539508502281
3820.0 0.4259209727887853
3821.0 0.42668602294858016
3822.0 0.42745008721899386
3823.0 0.4282121797106452
3824.0 0.42897328631291537
3825.0 0.4297324211364232
3826.0 0.43048958418116856
3827.0 0.4312447754471516
3828.0 0.43199799493437235
3829.0 0.43274924264283077
3830.0 0.4334975326831455
3831.0 0.4342448368340792
3832.0 0.4349881974274881
3833.0 0.4357295862421347
3834.0 0.4364690032780189
3835.0 0.4372044767563784
3836.0 0.4379379784559755
3837.0 0.4386685224874291
3838.0 0.43939610885073915
3839.0 0.44011975165652456
3840.0 0.44084043679416635
3841.0 0.4415581642636646
3842.0 0.44227293406501933
3843.0 0.4429837603088494
3844.0 0.44369162888453584
3845.0 0.44439456801331645
3846.0 0.4450955353633347
3847.0 0.445791573266447
3848.0 0.4464836676120346
3849.0 0.4471728042894787
3850.0 0.4478570115200169
3851.0 0.4485372751930304
3852.0 0.4492135953085192
3853.0 0.449884985977102
3854.0 0.4505524330881601
3855.0 0.4512159366416936
3856.0 0.4518754966377023
3857.0 0.45252914129742394
3858.0 0.45317884239962086
3859.0 0.4538245999442931
3860.0 0.4544644421526782
3861.0 0.45510034080353867
3862.0 0.4557313100074932
3863.0 0.45635636387516065
3864.0 0.4569774741853033
3865.0 0.45759365504854016
3866.0 0.45820392057549
3867.0 0.458810242544915
3868.0 0.459410649178053
3869.0 0.4600051404749039
3870.0 0.4605956882142301
3871.0 0.4611803206172692
3872.0 0.46175903768402127
3873.0 0.4623328253038674
3874.0 0.46290168347680766
3875.0 0.46346462631346086
3876.0 0.46402165381382693
3877.0 0.4645727659779059
3878.0 0.4651189486950791
3879.0 0.46565921607596517
3880.0 0.4661935681205642
3881.0 0.4667229907182573
3882.0 0.4672455120902821
3883.0 0.46776310401540105
3884.0 0.4682747806042329
3885.0 0.46878054185677775
3886.0 0.46928038777303543
3887.0 0.4697743183530061
3888.0 0.47026134770730854
3889.0 0.470743447614705
3890.0 0.4712196321858144
3891.0 0.4716889155312556
3892.0 0.47215326942979086
3893.0 0.4726107221026579
3894.0 0.47306324532861904
3895.0 0.47350886732891195
3896.0 0.4739475881035366
3897.0 0.4743813794312553
3898.0 0.474809255422687
3899.0 0.4752302301884504
3900.0 0.47564627550730787
3901.0 0.47605541960049713
3902.0 0.4764586483573993
3903.0 0.4768549758886333
3904.0 0.4772463739729613
3905.0 0.4776308708316211
3906.0 0.478010438243375
3907.0 0.47838310442946064
3908.0 0.47874985527925923
3909.0 0.47911069079277074
3910.0 0.479464625080614
3911.0 0.4798136299215513
3912.0 0.4801567194262016
3913.0 0.4804929077051836
3914.0 0.4808241665372597
3915.0 0.4811485241436676
3916.0 0.4814679523031696
3917.0 0.4817804792370033
3918.0 0.4820880767239311
3919.0 0.4823887729851907
3920.0 0.4826845397995444
3921.0 0.48297439127761105
3922.0 0.48325832741939057
3923.0 0.483536348224883
3924.0 0.48380845369408837
3925.0 0.4840756297163879
3926.0 0.48433689040240036
3927.0 0.4845922357521257
3928.0 0.4848426516549451
3929.0 0.48508616633209634
3930.0 0.4853257374517228
3931.0 0.48555840734568106
3932.0 0.48578713368211457
3933.0 0.4860089587928798
3934.0 0.4862268403461204
3935.0 0.4864388065630738
3936.0 0.48664485744374025
3937.0 0.4868459788775007
3938.0 0.4870421708643553
3939.0 0.4872334334043041
3940.0 0.4874187806079657
3941.0 0.4876001842541026
3942.0 0.4877756725639525
3943.0 0.4879462314268964
3944.0 0.4881128467323157
3945.0 0.48827354670144785
3946.0 0.48842931722367416
3947.0 0.4885811441883757
3948.0 0.4887280417061714
3949.0 0.48887000977706113
3950.0 0.489007048401045
3951.0 0.4891401434675042
3952.0 0.48926830908705743
3953.0 0.4893915452597048
3954.0 0.4895108378748274
3955.0 0.4896261869324254
3956.0 0.48973660654311746
3957.0 0.4898430825962848
3958.0 0.48994561509192736
3959.0 0.4900432181406641
3960.0 0.4901368776318761
3961.0 0.49022659356556336
3962.0 0.4903123659417259
3963.0 0.49039518064974497
3964.0 0.4904730659108581
3965.0 0.49054700761444653
3966.0 0.4906179916498914
3967.0 0.49068404623843037
3968.0 0.490748129048207
3969.0 0.49080728241107774
3970.0 0.490863478105805
3971.0 0.49091573024300744
3972.0 0.4909650247120664
3973.0 0.4910103756236006
3974.0 0.4910527688669913
3975.0 0.49109220444223844
3976.0 0.4911286823493421
3977.0 0.491161216698921
3978.0 0.49119079338035637
3979.0 0.4912183982830294
3980.0 0.4912420596281777
3981.0 0.4912627633051824
3982.0 0.49128149520342485
3983.0 0.4912962835441425
3984.0 0.4913091001060978
3985.0 0.4913189589999096
3986.0 0.4913268461149591
3987.0 0.4913317755618649
3988.0 0.4913337473406273
3989.0 0.4913337473406273
3990.0 0.4913317755618649
3991.0 0.4913268461149591
3992.0 0.4913199448892908
3993.0 0.49131008599547904
3994.0 0.4912992412122861
3995.0 0.49128543876094954
3996.0 0.4912696645308507
3997.0 0.49125191852198946
3998.0 0.49123318662374704
3999.0 0.4912114970573611
4000.0 0.49118882160159405
4001.0 0.49116318847768337
4002.0 0.4911365694643915
4003.0 0.49110896456171854
4004.0 0.49107840199090197
4005.0 0.4910468535307042
4006.0 0.4910133332917442
4007.0 0.4909788271634029
4008.0 0.49094333514568045
4009.0 0.4909058713491956
4010.0 0.49086742166332964
4011.0 0.49082700019870135
4012.0 0.490786578734073
4013.0 0.49074418549068227
4014.0 0.4907008063579104
4015.0 0.4906554554463762
4016.0 0.490610104534842
4017.0 0.49056376773392657
4018.0 0.49051644504362996
4019.0 0.49046813646395215
4020.0 0.4904178561055121
4021.0 0.49036757574707196
4022.0 0.49031729538863184
4023.0 0.49026504325142933
4024.0 0.49021279111422683
4025.0 0.49015955308764314
4026.0 0.4901063150610595
4027.0 0.4900520911450947
4028.0 0.48999688133974867
4029.0 0.48994167153440266
4030.0 0.4898854758396754
4031.0 0.48982928014494825
4032.0 0.489773084450221
4033.0 0.48971590286611266
4034.0 0.48965872128200433
4035.0 0.4896005538085147
4036.0 0.48954238633502517
4037.0 0.4894842188615356
4038.0 0.4894250654986648
4039.0 0.4893668980251753
4040.0 0.4893077446623046
4041.0 0.4892485912994338
4042.0 0.4891894379365631
4043.0 0.48913028457369234
4044.0 0.48907014532144044
4045.0 0.48901099195856973
4046.0 0.48895183859569896
4047.0 0.48889169934344706
4048.0 0.48883254598057635
4049.0 0.4887733926177056
4050.0 0.4887132533654536
4051.0 0.4886541000025829
4052.0 0.48859494663971215
4053.0 0.4885357932768415
4054.0 0.4884766399139707
4055.0 0.48841847244048114
4056.0 0.48835931907761043
4057.0 0.48830115160412085
4058.0 0.4882429841306313
4059.0 0.48818481665714175
4060.0 0.48812664918365223
4061.0 0.48806946759954384
4062.0 0.48801228601543545
4063.0 0.48795510443132706
4064.0 0.48789890873659986
4065.0 0.48784271304187266
4066.0 0.48778651734714545
4067.0 0.48773032165241825
4068.0 0.48767511184707224
4069.0 0.4876199020417262
4070.0 0.48756567812576135
4071.0 0.4875114542097965
4072.0 0.4874572302938317
4073.0 0.487403992267248
4074.0 0.4873507542406644
4075.0 0.4872975162140807
4076.0 0.48724526407687824
4077.0 0.48719301193967574
4078.0 0.4871417456918544
4079.0 0.4870904794440331
4080.0 0.487040199085593
4081.0 0.48698991872715286
4082.0 0.48693963836871273
4083.0 0.4868903438996538
4084.0 0.48684203531997605
4085.0 0.48679274085091706
4086.0 0.48674541816062045
4087.0 0.48669710958094275
4088.0 0.48664978689064614
4089.0 0.4866024642003495
4090.0 0.48655612739943416
4091.0 0.4865107764878999
4092.0 0.4864644396869845
4093.0 0.48641908877545026
4094.0 0.486373737863916
4095.0 0.486329372841763
4096.0 0.4862850078196099
4097.0 0.48624162868683807
4098.0 0.4861982495540662
4099.0 0.48615487042129435
4100.0 0.4861124771779036
4101.0 0.48606909804513176
4102.0 0.48602769069112217
4103.0 0.48598529744773156
4104.0 0.48594389009372196
4105.0 0.4859024827397125
4106.0 0.485861075385703
4107.0 0.48582065392107465
4108.0 0.4857792465670651
4109.0 0.48573882510243677
4110.0 0.4856993895271896
4111.0 0.48565896806256126
4112.0 0.48561953248731415
4113.0 0.485580096912067
4114.0 0.4855406613368198
4115.0 0.4855012257615727
4116.0 0.4854617901863255
4117.0 0.4854223546110783
4118.0 0.4853839049252124
4119.0 0.4853454552393464
4120.0 0.48530601966409925
4121.0 0.4852675699782333
4122.0 0.48522912029236726
4123.0 0.4851906706065013
4124.0 0.4851522209206353
4125.0 0.48511377123476934
4126.0 0.48507532154890337
4127.0 0.4850368718630374
4128.0 0.4849984221771714
4129.0 0.4849599724913054
4130.0 0.48492152280543943
4131.0 0.48488208723019227
4132.0 0.4848436375443263
4133.0 0.48480518785846033
4134.0 0.4847657522832131
4135.0 0.484726316707966
4136.0 0.48468688113271885
4137.0 0.4846474455574717
4138.0 0.48460800998222453
4139.0 0.48456857440697737
4140.0 0.484528152942349
4141.0 0.48448871736710186
4142.0 0.4844473100130924
4143.0 0.48440688854846403
4144.0 0.48436548119445455
4145.0 0.48432505972982615
4146.0 0.48428365237581666
4147.0 0.48424125913242594
4148.0 0.48419886588903527
4149.0 0.4841564726456446
4150.0 0.48411407940225387
4151.0 0.484070700269482
4152.0 0.48402633524732896
4153.0 0.4839829561145571
4154.0 0.483938591092404
4155.0 0.4838932401808698
4156.0 0.4838478892693356
4157.0 0.48380155246842016
4158.0 0.4837562015568859
4159.0 0.48370887886658936
4160.0 0.48366155617629275
4161.0 0.48361324759661495
4162.0 0.4835649390169372
4163.0 0.48351564454787826
4164.0 0.48346536418943814
4165.0 0.483415083830998
4166.0 0.4833638175831767
4167.0 0.4833125513353554
4168.0 0.4832602991981529
4169.0 0.48320804706095044
4170.0 0.48315382314498556
4171.0 0.48309959922902074
4172.0 0.4830443894236747
4173.0 0.4829881937289475
4174.0 0.4829319980342203
4175.0 0.48287481645011193
4176.0 0.4828166489766224
4177.0 0.48275749561375164
4178.0 0.48269834225088093
4179.0 0.48263721710924784
4180.0 0.4825760919676147
4181.0 0.4825139809366005
4182.0 0.48245186990558614
4183.0 0.48238778709580954
4184.0 0.48232271839665175
4185.0 0.4822576496974939
4186.0 0.48219159510895493
4187.0 0.4821235687416536
4188.0 0.4820555423743522
4189.0 0.48198653011766973
4190.0 0.48191653197160605
4191.0 0.48184554793616113
4192.0 0.4817735780113351
4193.0 0.48170062219712784
4194.0 0.4816266804935394
4195.0 0.4815517529005698
4196.0 0.4814768253076002
4197.0 0.4813999259358682
4198.0 0.4813220406747551
4199.0 0.48124316952426077
4200.0 0.48116331248438526
4201.0 0.48108345544450976
4202.0 0.4810016266258719
4203.0 0.4809188119178529
4204.0 0.4808350113204527
4205.0 0.4807502248336713
4206.0 0.4806644524575087
4207.0 0.480577694191965
4208.0 0.48048995003704004
4209.0 0.480401219992734
4210.0 0.4803115040590467
4211.0 0.48022080223597824
4212.0 0.4801281286341474
4213.0 0.4800354550323166
4214.0 0.47994179554110455
4215.0 0.4798461642711302
4216.0 0.4797505330011559
4217.0 0.47965292995241915
4218.0 0.4795543410143013
4219.0 0.47945575207618335
4220.0 0.4793551913593031
4221.0 0.47925364475304166
4222.0 0.4791511122573991
4223.0 0.4790475938723753
4224.0 0.4789421037085891
4225.0 0.478836613544803
4226.0 0.4787301374916357
4227.0 0.478621689659706
4228.0 0.47851324182777627
4229.0 0.47840282221708424
4230.0 0.478291416717011
4231.0 0.4781790253275566
4232.0 0.47806663393810217
4233.0 0.47795227076988545
4234.0 0.47783593582290634
4235.0 0.47771960087592724
4236.0 0.4776022800395669
4237.0 0.47748397331382547
4238.0 0.4773646806987028
4239.0 0.4772434163048178
4240.0 0.4771221519109328
4241.0 0.4769989157382854
4242.0 0.47687567956563803
4243.0 0.47675047161422834
4244.0 0.4766242777734374
4245.0 0.47649808393264653
4246.0 0.4763699183130933
4247.0 0.47624076680415883
4248.0 0.4761116152952244
4249.0 0.47598049200752757
4250.0 0.4758483828304496
4251.0 0.4757152877639904
4252.0 0.4755812068081501
4253.0 0.47544613996292856
4254.0 0.47531107311770704
4255.0 0.4751740344937232
4256.0 0.47503600998035816
4257.0 0.4748979854669931
4258.0 0.47475798917486567
4259.0 0.47461700699335707
4260.0 0.4744760248118485
4261.0 0.47433405674095874
4262.0 0.4741901168913066
4263.0 0.47404617704165447
4264.0 0.4739012513026212
4265.0 0.4737553396742067
4266.0 0.473608442156411
4267.0 0.4734605587492342
4268.0 0.47331168945267615
4269.0 0.47316282015611816
4270.0 0.47301197908079773
4271.0 0.4728611380054774
4272.0 0.4727093110407758
4273.0 0.4725564981866931
4274.0 0.47240368533261035
4275.0 0.4722489006997652
4276.0 0.4720941160669202
4277.0 0.4719383455446939
4278.0 0.47178158913308643
4279.0 0.471624832721479
4280.0 0.47146709042049034
4281.0 0.4713083622301205
4282.0 0.4711486481503695
4283.0 0.4709879481812374
4284.0 0.4708282341014864
4285.0 0.47066654824297305
4286.0 0.4705038764950785
4287.0 0.470341204747184
4288.0 0.4701775471099083
4289.0 0.4700138894726326
4290.0 0.4698492459459757
4291.0 0.4696846024193188
4292.0 0.4695179871138996
4293.0 0.4693523576978615
4294.0 0.4691847565030611
4295.0 0.46901715530826066
4296.0 0.46884955411346024
4297.0 0.46868096702927864
4298.0 0.46851139405571585
4299.0 0.46834182108215305
4300.0 0.46817224810859026
4301.0 0.46800168924564634
4302.0 0.4678301444933212
4303.0 0.4676595856303773
4304.0 0.46748705498867094
4305.0 0.46731452434696463
4306.0 0.46714199370525833
4307.0 0.46696847717417084
4308.0 0.4667959465324645
4309.0 0.4666214441119958
4310.0 0.4664469416915272
4311.0 0.46627243927105844
4312.0 0.4660969509612086
4313.0 0.46592244854073994
4314.0 0.46574696023089013
4315.0 0.46557048603165907
4316.0 0.465394011832428
4317.0 0.465217537633197
4318.0 0.46504106343396595
4319.0 0.46486360334535376
4320.0 0.46468614325674157
4321.0 0.4645086831681293
4322.0 0.4643312230795171
4323.0 0.46415277710152375
4324.0 0.46397433112353037
4325.0 0.463795885145537
4326.0 0.46361743916754355
4327.0 0.4634389931895502
4328.0 0.4632595613221756
4329.0 0.4630811153441822
4330.0 0.46290168347680766
4331.0 0.4627222516094331
4332.0 0.4625428197420585
4333.0 0.4623633878746839
4334.0 0.4621839560073094
4335.0 0.4620035382505536
4336.0 0.46182410638317906
4337.0 0.4616436886264233
4338.0 0.46146425675904873
4339.0 0.46128383900229303
4340.0 0.46110440713491846
4341.0 0.4609239893781627
4342.0 0.4607435716214069
4343.0 0.4605631538646512
4344.0 0.4603837219972766
4345.0 0.46020330424052086
4346.0 0.46002387237314635
4347.0 0.45984345461639053
4348.0 0.459664022749016
4349.0 0.4594836049922602
4350.0 0.4593041731248857
4351.0 0.45912375536812994
4352.0 0.45894432350075537
4353.0 0.4587648916333808
4354.0 0.4585854597660062
4355.0 0.4584070137880128
4356.0 0.4582275819206382
4357.0 0.4580481500532637
4358.0 0.4578697040752703
4359.0 0.4576912580972769
4360.0 0.4575128121192835
4361.0 0.45733436614129014
4362.0 0.4571559201632967
4363.0 0.45697846007468457
4364.0 0.4568000140966912
4365.0 0.45662255400807894
4366.0 0.4564450939194667
4367.0 0.4562686197202357
4368.0 0.45609214552100463
4369.0 0.45591468543239244
4370.0 0.45573919712254257
4371.0 0.45556272292331157
4372.0 0.4553862487240805
4373.0 0.45521174630361183
4374.0 0.455036257993762
4375.0 0.45486076968391215
4376.0 0.45468626726344347
4377.0 0.4545117648429748
4378.0 0.45433726242250616
4379.0 0.45416374589141867
4380.0 0.4539902293603311
4381.0 0.4538176987186249
4382.0 0.4536441821875373
4383.0 0.453471651545831
4384.0 0.45330010679350585
4385.0 0.45312757615179955
4386.0 0.4529570172888556
4387.0 0.45278547253653045
4388.0 0.45261491367358647
4389.0 0.45244435481064255
4390.0 0.4522737959476986
4391.0 0.4521042229741358
4392.0 0.45193563588995417
4393.0 0.45176606291639143
4394.0 0.4515974758322098
4395.0 0.4514298746374094
4396.0 0.451262273442609
4397.0 0.4510946722478086
4398.0 0.45092805694238935
4399.0 0.4507614416369701
4400.0 0.45059482633155085
4401.0 0.4504291969155128
4402.0 0.4502635674994747
4403.0 0.4500989239728178
4404.0 0.44993428044616096
4405.0 0.44977062280888525
4406.0 0.44960696517160953
4407.0 0.4494433075343338
4408.0 0.4492806357864393
4409.0 0.44911894992792595
4410.0 0.4489572640694126
4411.0 0.44879557821089927
4412.0 0.4486348782417671
4413.0 0.4484741782726349
4414.0 0.44831446419288395
4415.0 0.44815475011313294
4416.0 0.4479960219227631
4417.0 0.44783729373239334
4418.0 0.4476795514314047
4419.0 0.4475218091304161
4420.0 0.4473640668294274
4421.0 0.44720829630720116
4422.0 0.4470515398955937
4423.0 0.4468957693733674
4424.0 0.4467409847405224
4425.0 0.44658620010767724
4426.0 0.4464314154748321
4427.0 0.4462786026207494
4428.0 0.44612480387728554
4429.0 0.4459719910232028
4430.0 0.4458201640585012
4431.0 0.4456683370937996
4432.0 0.4455174960184793
4433.0 0.4453666549431589
4434.0 0.44521679975721973
4435.0 0.4450669445712805
4436.0 0.4449170893853413
4437.0 0.44476920597816444
4438.0 0.44462132257098763
4439.0 0.44447343916381077
4440.0 0.4443265416460151
4441.0 0.4441796441282195
4442.0 0.4440327466104238
4443.0 0.44388782087139045
4444.0 0.44374289513235715
4445.0 0.44359796939332385
4446.0 0.44345402954367175
4447.0 0.44331107558340077
4448.0 0.44316713573374866
4449.0 0.4430251676628589
4450.0 0.44288319959196915
4451.0 0.4427412315210793
4452.0 0.44260024933957076
4453.0 0.44246025304744335
4454.0 0.44232025675531594
4455.0 0.4421812463525697
4456.0 0.4420422359498235
4457.0 0.4419032255470773
4458.0 0.4417652010337122
4459.0 0.4416281624097283
4460.0 0.44149112378574445
4461.0 0.44135507105114175
4462.0 0.44121901831653904
4463.0 0.4410829655819364
4464.0 0.440948884626096
4465.0 0.4408148036702557
4466.0 0.44068072271441533
4467.0 0.44054664175857505
4468.0 0.44041354669211585
4469.0 0.4402814375150379
4470.0 0.4401493283379599
4471.0 0.44001820505026307
4472.0 0.4398870817625663
4473.0 0.43975694436425067
4474.0 0.4396268069659351
4475.0 0.43949765545700065
4476.0 0.4393685039480662
4477.0 0.4392403383285129
4478.0 0.43911217270895964
4479.0 0.43898499297878757
4480.0 0.4388578132486155
4481.0 0.43873063351844344
4482.0 0.43860542556703364
4483.0 0.43847923172624276
4484.0 0.43835402377483307
4485.0 0.4382298017128045
4486.0 0.43810557965077596
4487.0 0.4379823434781286
4488.0 0.4378591073054812
4489.0 0.4377358711328338
4490.0 0.4376136208495677
4491.0 0.43749235645568263
4492.0 0.43737109206179764
4493.0 0.43724982766791265
4494.0 0.4371295491634088
4495.0 0.4370102565482861
4496.0 0.43689096393316346
4497.0 0.43677167131804084
4498.0 0.43665336459229936
4499.0 0.4365350578665579
4500.0 0.43641675114081635
4501.0 0.4363865250535117
4502.0 0.4363552667676175
4503.0 0.43640403021103114
4504.0 0.4365158116440117
4505.0 0.4366390247989408
4506.0 0.43686551697559856
4507.0 0.4370918301136127
4508.0 0.4373251650793955
4509.0 0.4375618629885521
4510.0 0.4377976408041611
4511.0 0.43802314683507015
4512.0 0.4382494690964649
4513.0 0.4384721502937262
4514.0 0.4386946753279489
4515.0 0.4389406812046571
4516.0 0.4392324051375808
4517.0 0.4395249191651685
4518.0 0.43984478598580584
4519.0 0.4401663869241462
4520.0 0.4404651428040094
4521.0 0.4407369666242806
4522.0 0.44100890811875376
4523.0 0.4413111912186815
4524.0 0.4416132680866989
4525.0 0.44188439768961196
4526.0 0.44213240152608696
4527.0 0.4423746405201953
4528.0 0.44258704620865863
4529.0 0.4428003018613256
4530.0 0.442982520248616
4531.0 0.44314905961861567
4532.0 0.44328803410335266
4533.0 0.4433326479183717
4534.0 0.44337920794461555
4535.0 0.4433568403729295
4536.0 0.4433174749822074
4537.0 0.44326971524469194
4538.0 0.4432055366949737
4539.0 0.44314032773952317
4540.0 0.4430813940694332
4541.0 0.4430229609186144
4542.0 0.44290606760500634
4543.0 0.44272114651332634
4544.0 0.44253343489317015
4545.0 0.44222266757175455
4546.0 0.4419109871943259
4547.0 0.44162877145477936
4548.0 0.44136716925801583
4549.0 0.4410925785691241
4550.0 0.44073885382742545
4551.0 0.44038423792306436
4552.0 0.4399374236863053
4553.0 0.43945078271030213
4554.0 0.4389776538873827
4555.0 0.4385406705171526
4556.0 0.4381048457937283
4557.0 0.4376327905542876
4558.0 0.43715237303016474
4559.0 0.4367132086681876
4560.0 0.4363414238053454
4561.0 0.4359707632325427
4562.0 0.4355525209756532
4563.0 0.4351302763902269
4564.0 0.43465676622719956
4565.0 0.43412873852287714
4566.0 0.4336003421237508
4567.0 0.43308352873941947
4568.0 0.43256690404675713
4569.0 0.43210075522737346
4570.0 0.43166828969779203
4571.0 0.4312530904752442
4572.0 0.430934999649919
4573.0 0.43061700838061906
4574.0 0.43026773598109247
4575.0 0.4299043689178881
4576.0 0.42954693064719884
4577.0 0.42920165130771865
4578.0 0.4288574712038835
4579.0 0.4285714015545634
4580.0 0.42829814567487373
4581.0 0.4280018536034542
4582.0 0.4276705389712164
4583.0 0.4273393296820264
4584.0 0.4270284659555891
4585.0 0.42671899016153925
4586.0 0.4264628587637173
4587.0 0.4262622089591181
4588.0 0.4260564457160687
4589.0 0.4257527036107975
4590.0 0.42544905479818124
4591.0 0.4252023220703833
4592.0 0.4249919783770242
4593.0 0.42477597354480445
4594.0 0.42453790746437803
4595.0 0.4242999054280322
4596.0 0.4240841502479822
4597.0 0.4238784349147885
4598.0 0.42367123597754686
4599.0 0.4234636435739618
4600.0 0.4232551225724686
4601.0 0.4231139447831659
4602.0 0.4229856021564654
4603.0 0.4228400767502627
4604.0 0.42266768132862903
4605.0 0.42249434215504944
4606.0 0.4222977238903514
4607.0 0.42209889511397886
4608.0 0.42196048201451375
4609.0 0.4218810541039883
4610.0 0.4217955803137513
4611.0 0.42164713439979506
4612.0 0.42149871219245405
4613.0 0.42132271971219093
4614.0 0.4211304540472709
4615.0 0.4209446819040271
4616.0 0.4207883255742684
4617.0 0.4206310196371171
4618.0 0.4204621488197825
4619.0 0.42028694293642577
4620.0 0.4201386495064253
4621.0 0.4200537755995621
4622.0 0.41996791879368345
4623.0 0.41983064533198106
4624.0 0.4196843195190067
4625.0 0.4193990143675641
4626.0 0.4189161984157932
4627.0 0.4184316163581684
4628.0 0.41822989770972174
4629.0 0.4180389889841464
4630.0 0.4180777544930819
4631.0 0.41832836770954335
4632.0 0.4185543155287369
4633.0 0.4185106726810357
4634.0 0.41846505025631225
4635.0 0.41829497507235625
4636.0 0.41805032808284087
4637.0 0.417831986091097
4638.0 0.4177245428701942
4639.0 0.41761710120590595
4640.0 0.4175213954113357
4641.0 0.4174308952023721
4642.0 0.4173354838526989
4643.0 0.41723446859236385
4644.0 0.41713247606159587
4645.0 0.41697938391165257
4646.0 0.41681702468912785
4647.0 0.4166469690825694
4648.0 0.4164662810545899
4649.0 0.41628465647522894
4650.0 0.41617813319862085
4651.0 0.41607216619122556
4652.0 0.4159928686250113
4653.0 0.41593622634991023
4654.0 0.4158711099001179
4655.0 0.4157205952010144
4656.0 0.4155691273971301
4657.0 0.41544779356320966
4658.0 0.41534170074747834
4659.0 0.4152254416806255
4660.0 0.41506756936256495
4661.0 0.4149097214614775
4662.0 0.4147725022177074
4663.0 0.41464210810091934
4664.0 0.41450359411726473
4665.0 0.4143508675898404
4666.0 0.4141962145095022
4667.0 0.41407463685501
4668.0 0.4139575684468375
4669.0 0.4138261750395555
4670.0 0.4136793600271208
4671.0 0.4135315881882936
4672.0 0.41346009753990565
4673.0 0.41338837664054406
4674.0 0.4132701687717882
4675.0 0.4131147550972874
4676.0 0.41296158653036763
4677.0 0.4128274778243822
4678.0 0.41269240318722306
4679.0 0.4125776384059529
4680.0 0.4124733250319013
4681.0 0.41235502247879513
4682.0 0.41219062217284913
4683.0 0.4120252730753638
4684.0 0.4119221377465666
4685.0 0.4118378503577747
4686.0 0.41173947582351583
4687.0 0.41161059479552964
4688.0 0.41148268898535073
4689.0 0.4113094980335327
4690.0 0.4111298870134426
4691.0 0.41098423488691105
4692.0 0.41088004697459524
4693.0 0.41077389727502
4694.0 0.41061967697718316
4695.0 0.41046449924034883
4696.0 0.41033480754450036
4697.0 0.410225885636014
4698.0 0.4101124949830808
4699.0 0.4099735705273126
4700.0 0.4098346508712917
4701.0 0.4096627646954081
4702.0 0.409476601362957
4703.0 0.4093223250818848
4704.0 0.4092769472542927
4705.0 0.4092315110369763
4706.0 0.4091680825311742
4707.0 0.40909886767832127
4708.0 0.40898830769915084
4709.0 0.40879947457101884
4710.0 0.40861067643717336
4711.0 0.4084400340851781
4712.0 0.4082715350417049
4713.0 0.4081377943411513
4714.0 0.4080459579932601
4715.0 0.4079519580161574
4716.0 0.4077525139560333
4717.0 0.4075521373300326
4718.0 0.4073851944907334
4719.0 0.4072434521429476
4720.0 0.40710994552261437
4721.0 0.40703803670265354
4722.0 0.4069660798276359
4723.0 0.40683784228723163
4724.0 0.4066838034313731
4725.0 0.40652823088615725
4726.0 0.40636373160633055
4727.0 0.4061982735386649
4728.0 0.4060843993583779
4729.0 0.40598217483328225
4730.0 0.4058719633453424
4731.0 0.4057493169088153
4732.0 0.4056266543816684
4733.0 0.4054709595298409
4734.0 0.40531307785479015
4735.0 0.4051615938361288
4736.0 0.40501743911634963
4737.0 0.4048745777049344
4738.0 0.40477358393938284
4739.0 0.4046725566645966
4740.0 0.4045342644082037
4741.0 0.4043717529862968
4742.0 0.4042103298603438
4743.0 0.40406846982340283
4744.0 0.4039266052158705
4745.0 0.4037978186285692
4746.0 0.4036750392424872
4747.0 0.40353956109899125
4748.0 0.4033717452419563
4749.0 0.4032029688244356
4750.0 0.4030373489792533
4751.0 0.402872477611052
4752.0 0.40271959314365136
4753.0 0.4025870945261827
4754.0 0.4024536084264671
4755.0 0.40231107290623636
4756.0 0.4021678511132524
4757.0 0.4020613494652335
4758.0 0.4019915821929166
4759.0 0.4019196242674585
4760.0 0.4017731540722171
4761.0 0.4016266803824893
4762.0 0.40147746573509285
4763.0 0.4013280493304844
4764.0 0.40118163558657655
4765.0 0.40105707399956986
4766.0 0.40093151727825277
4767.0 0.40079934737531925
4768.0 0.40066309788488846
4769.0 0.40052108797755204
4770.0 0.4003645096319951
4771.0 0.40020696017910706
4772.0 0.4000412047955804
4773.0 0.39987260471934455
4774.0 0.39971341479763906
4775.0 0.3995669926813879
4776.0 0.3994215413608255
4777.0 0.39934664952320165
4778.0 0.39927620232018096
4779.0 0.3991834185977298
4780.0 0.3990683236723035
4781.0 0.39895012324940515
4782.0 0.3987744116100915
4783.0 0.3985977434371647
4784.0 0.3984624402131612
4785.0 0.39835292631469177
4786.0 0.39823566118592396
4787.0 0.3980806912343198
4788.0 0.39792670071176434
4789.0 0.39779692724683685
4790.0 0.3976774274199547
4791.0 0.397566465456688
4792.0 0.397478454754928
4793.0 0.3973894225745998
4794.0 0.3972518337934882
4795.0 0.39710481419816546
4796.0 0.39697465137461996
4797.0 0.3968673123416621
4798.0 0.3967609192590097
4799.0 0.3967088066333908
4800.0 0.3966584531445213
4801.0 0.3965945767812837
4802.0 0.39651775975093356
4803.0 0.39643572729419446
4804.0 0.39629901573220283
4805.0 0.39616327531401324
4806.0 0.3960615582882296
4807.0 0.3959822353560046
4808.0 0.39591541036818156
4809.0 0.395901207144171
4810.0 0.3958869097520289
4811.0 0.3958577938672222
4812.0 0.3958230803500281
4813.0 0.39576099938022513
4814.0 0.3956371672778156
4815.0 0.39551234321996837
4816.0 0.3954258375751649
4817.0 0.39534588200402593
4818.0 0.39527525232096294
4819.0 0.3952166416521431
4820.0 0.3951589536652402
4821.0 0.39512194254777133
4822.0 0.39508648145056774
4823.0 0.39504600098632936
4824.0 0.39500186830377615
4825.0 0.39495659112060444
4826.0 0.39489982040935423
4827.0 0.3948439767525036
4828.0 0.3947861117568975
4829.0 0.39472960393890116
4830.0 0.394679936968471
4831.0 0.39466574563408036
4832.0 0.39465147336342593
4833.0 0.3945959173546849
4834.0 0.39452854612681676
4835.0 0.39444709282920937
4836.0 0.3943375403522087
4837.0 0.39422895691384063
4838.0 0.3941199852310204
4839.0 0.39400981295633847
4840.0 0.3938840733371866
4841.0 0.39373414282097924
4842.0 0.39358521001158375
4843.0 0.39346699308023375
4844.0 0.3933503802103719
4845.0 0.3932245142837921
4846.0 0.39309175762831083
4847.0 0.3929522822901063
4848.0 0.3927349145716691
4849.0 0.3925185891234667
4850.0 0.392325851320165
4851.0 0.3921468057811806
4852.0 0.3919581140608499
4853.0 0.39173403738624174
4854.0 0.39151100677548495
4855.0 0.39127293680989345
4856.0 0.3910311534092274
4857.0 0.39080836866045116
4858.0 0.39062376301708607
4859.0 0.3904391974000469
4860.0 0.39022813935868733
4861.0 0.3900143677116185
4862.0 0.38979088750424024
4863.0 0.3895537970589502
4864.0 0.3893167786988268
4865.0 0.3891109761198282
4866.0 0.38890651131889353
4867.0 0.38870721762030086
4868.0 0.3885131393133908
4869.0 0.3883231940235836
4870.0 0.3881673205915173
4871.0 0.38801147261759505
4872.0 0.3878503836647727
4873.0 0.38768708569749993
4874.0 0.3875145382811792
4875.0 0.38730913463595656
4876.0 0.38710476293314244
4877.0 0.3869518378931215
4878.0 0.3868131538626654
4879.0 0.38666806472200715
4880.0 0.38651093793915525
4881.0 0.38635481622850887
4882.0 0.38616542095391476
4883.0 0.38597293350591716
4884.0 0.38581084323585585
4885.0 0.385689014003213
4886.0 0.38556745846942103
4887.0 0.38547202884958387
4888.0 0.38537757144862167
4889.0 0.3852438245094027
4890.0 0.3850802117462305
4891.0 0.38491839890640867
4892.0 0.3847695738818449
4893.0 0.38462174974606994
4894.0 0.3845118427320362
4895.0 0.38442074361031603
4896.0 0.3843196966170319
4897.0 0.38419058765080233
4898.0 0.3840605185833779
4899.0 0.3839046603028088
4900.0 0.3837426898000333
4901.0 0.38361227387169844
4902.0 0.38354318608742055
4903.0 0.3834740838318163
4904.0 0.3833854195337892
4905.0 0.3832955548776785
4906.0 0.3831908864319074
4907.0 0.38306885205241353
4908.0 0.38294736589547984
4909.0 0.38280433672768144
4910.0 0.38266133124886587
4911.0 0.38254718354720685
4912.0 0.38245391976979276
4913.0 0.3823637833083593
4914.0 0.3822955507608346
4915.0 0.38222730516999526
4916.0 0.38213002044145433
4917.0 0.38201969956051807
4918.0 0.3819112241756158
4919.0 0.38180826743278445
4920.0 0.381706289987143
4921.0 0.38163215723822425
4922.0 0.3815661917707207
4923.0 0.381478707220656
4924.0 0.3813557053418047
4925.0 0.38123271788511703
4926.0 0.3810866146907273
4927.0 0.3809395858898318
4928.0 0.3808189047794776
4929.0 0.38072693649993766
4930.0 0.38063539818465975
4931.0 0.3805262877534126
4932.0 0.3804162102205029
4933.0 0.38031267708548816
4934.0 0.38021203830819633
4935.0 0.3801130129455377
4936.0 0.3800166170193966
4937.0 0.3799202220145718
4938.0 0.37982563235186
4939.0 0.379731815842887
4940.0 0.3796267437576956
4941.0 0.37948867628306737
4942.0 0.3793506302262707
4943.0 0.37924790146650433
4944.0 0.37915173451381756
4945.0 0.3790487843126658
4946.0 0.378936922966944
4947.0 0.37882409556498625
4948.0 0.378680588164713
4949.0 0.37853479544461893
4950.0 0.3784138611966543
4951.0 0.37831979276539957
4952.0 0.37822588252281564
4953.0 0.37813580719115436
4954.0 0.3780447540317343
4955.0 0.3779455664548781
4956.0 0.3778409603061016
4957.0 0.37773190773215226
4958.0 0.3776046179057875
4959.0 0.3774763689147945
4960.0 0.3773775397883156
4961.0 0.3772901421210973
4962.0 0.37719959511567325
4963.0 0.37710318083794514
4964.0 0.3770057899853864
4965.0 0.37686220850638363
4966.0 0.3767091918256197
4967.0 0.3765760284835858
4968.0 0.3764744313443614
4969.0 0.37637283277588734
4970.0 0.3762564228948123
4971.0 0.37613810114719165
4972.0 0.375991903052663
4973.0 0.37581687869835834
4974.0 0.37564410338205695
4975.0 0.3755212223002771
4976.0 0.3753983502466488
4977.0 0.3752911635241266
4978.0 0.3751936448246332
4979.0 0.37508583807789864
4980.0 0.3749268749096874
4981.0 0.3747679404818027
4982.0 0.37464163971870357
4983.0 0.3745277635184681
4984.0 0.3744253015278485
4985.0 0.3743521743848541
4986.0 0.37427805027838035
4987.0 0.3741325060875537
4988.0 0.37397125556871236
4989.0 0.37382204815917447
4990.0 0.37368990556846293
4991.0 0.37355777313053357
4992.0 0.37339981627515373
4993.0 0.3732398771897733
4994.0 0.3730900765724765
4995.0 0.37294903616539454
4996.0 0.3728108790748606
4997.0 0.372708895227399
4998.0 0.3726078716855561
4999.0 0.37247887719418143
5000.0 0.37233461431703563
5001.0 0.3721840340555567
5002.0 0.3720090623668399
5003.0 0.371832181444316
5004.0 0.3717098767077244
5005.0 0.37160444272955717
5006.0 0.3714731489436258
5007.0 0.37128059958973825
5008.0 0.37108809528378717
5009.0 0.37091732344909145
5010.0 0.3707492974733342
5011.0 0.3705950959464781
5012.0 0.3704588170700811
5013.0 0.37032351376613665
5014.0 0.37018317473524837
5015.0 0.3700427464693465
5016.0 0.36990123048237683
5017.0 0.3697568094527151
5018.0 0.36960873218588514
5019.0 0.36941854010052305
5020.0 0.36922644752524014
5021.0 0.36909321139462925
5022.0 0.36899304518068193
5023.0 0.3688827095735889
5024.0 0.36874052967372023
5025.0 0.3685964124628265
5026.0 0.3684269249793301
5027.0 0.3682480352379573
5028.0 0.3680714995079513
5029.0 0.36789919204768873
5030.0 0.36772690930449053
5031.0 0.3675801636296753
5032.0 0.367436407771273
5033.0 0.3672829011267638
5034.0 0.3671155106357191
5035.0 0.36694716905377334
5036.0 0.36677897857748337
5037.0 0.366610810038724
5038.0 0.3664376319497871
5039.0 0.36626005038810616
5040.0 0.36608293511272383
5041.0 0.3659088408043112
5042.0 0.3657347686157773
5043.0 0.3655758025195189
5044.0 0.3654254865534199
5045.0 0.36527751565990746
5046.0 0.3651420005719346
5047.0 0.3650064750346056
5048.0 0.36484871629824367
5049.0 0.36468587738392116
5050.0 0.36450741683627186
5051.0 0.3642968640456923
5052.0 0.3640873298560212
5053.0 0.36388589056682696
5054.0 0.36368682252856643
5055.0 0.3635085514685259
5056.0 0.36335697314060544
5057.0 0.36320539352212905
5058.0 0.36305531283519893
5059.0 0.3629052295923278
5060.0 0.3627544705158729
5061.0 0.3626039505341844
5062.0 0.36245289117326385
5063.0 0.362305328242561
5064.0 0.3621577588978046
5065.0 0.3619790835102859
5066.0 0.3617841482105967
5067.0 0.3615913660008391
5068.0 0.361406126977952
5069.0 0.36121994448324196
5070.0 0.36105746029423713
5071.0 0.3609004140363409
5072.0 0.3607410607043294
5073.0 0.3605762641180367
5074.0 0.3604124422320294
5075.0 0.36025875079635905
5076.0 0.36010642613381444
5077.0 0.35995034343693405
5078.0 0.3597896739770707
5079.0 0.3596289100439615
5080.0 0.35945855902454593
5081.0 0.3592872503417112
5082.0 0.3591023362647496
5083.0 0.35890547965825453
5084.0 0.3587127393649787
5085.0 0.35855092373297104
5086.0 0.3583881432834798
5087.0 0.3582438405037434
5088.0 0.3581082147294827
5089.0 0.357964701173716
5090.0 0.3577962722356297
5091.0 0.3576278518214004
5092.0 0.3574659424693956
5093.0 0.3573045387649916
5094.0 0.35714834959464237
5095.0 0.35700183364821675
5096.0 0.35685530675646804
5097.0 0.35669186951443066
5098.0 0.35652667083578554
5099.0 0.35636004913238484
5100.0 0.3561938616993657
5101.0 0.35602675538389983
5102.0 0.3558626864274035
5103.0 0.35569862299358346
5104.0 0.3555261640079836
5105.0 0.35534860540205654
5106.0 0.35517551742690967
5107.0 0.35503669405378996
5108.0 0.3548978547548766
5109.0 0.35471305237688533
5110.0 0.35450764091204684
5111.0 0.35431845786393573
5112.0 0.3541739685318404
5113.0 0.35403043634319104
5114.0 0.35390613687988276
5115.0 0.3537872897978213
5116.0 0.35365267174483433
5117.0 0.353492755155078
5118.0 0.35333381121180196
5119.0 0.3531650689785019
5120.0 0.35299557099869583
5121.0 0.35283119902592336
5122.0 0.35267229282033724
5123.0 0.3525121883413105
5124.0 0.35234545303166054
5125.0 0.35217969773623176
5126.0 0.3520117880664567
5127.0 0.35184402705855267
5128.0 0.35167932087604276
5129.0 0.351531851671838
5130.0 0.3513853465430271
5131.0 0.351257005063684
5132.0 0.3511370295519906
5133.0 0.35098823444751465
5134.0 0.35075752145026673
5135.0 0.3505278451150148
5136.0 0.35035299108750895
5137.0 0.3501901730402332
5138.0 0.3500599381096488
5139.0 0.3499812304854546
5140.0 0.34990246419043086
5141.0 0.34976529484581675
5142.0 0.34962365460864187
5143.0 0.349477152478672
5144.0 0.3493245900788101
5145.0 0.34917180104125217
5146.0 0.34901557964311536
5147.0 0.34885936741550483
5148.0 0.3487143643805975
5149.0 0.3485761805818565
5150.0 0.34843484747989245
5151.0 0.3482779791279187
5152.0 0.3481211219724323
5153.0 0.34798080904384676
5154.0 0.34784788848153436
5155.0 0.3477099309243958
5156.0 0.3475600104395368
5157.0 0.34741009695038316
5158.0 0.3472577548741879
5159.0 0.3471037578766004
5160.0 0.34695291913950765
5161.0 0.3468030173836637
5162.0 0.3466540911016142
5163.0 0.3465056745728623
5164.0 0.3463572415590204
5165.0 0.34621170630889986
5166.0 0.3460690653575945
5167.0 0.3459282685715058
5168.0 0.34580114803079204
5169.0 0.3456749870045429
5170.0 0.3455297497207068
5171.0 0.3453728370698533
5172.0 0.3452207399321278
5173.0 0.3450873566660728
5174.0 0.34495493934053656
5175.0 0.3447948378454131
5176.0 0.3446258461140227
5177.0 0.3444639142875489
5178.0 0.34431684917031735
5179.0 0.3441697945782351
5180.0 0.3440338508680156
5181.0 0.34390083443484865
5182.0 0.34375793282924405
5183.0 0.34360118374632015
5184.0 0.34344348689533505
5185.0 0.34328723467008954
5186.0 0.3431319874058463
5187.0 0.34299116132212903
5188.0 0.3428654908595208
5189.0 0.34273923300180537
5190.0 0.3425914124170751
5191.0 0.3424445718318324
5192.0 0.3422974821557179
5193.0 0.3421502518405609
5194.0 0.34200655666619156
5195.0 0.34187376144624754
5196.0 0.3417409694048636
5197.0 0.3415982161032141
5198.0 0.3414519737789306
5199.0 0.3413083286055874
5200.0 0.3411684677627932
5201.0 0.34102861610355445
5202.0 0.3408811998613783
5203.0 0.3407324093297273
5204.0 0.34057947526538407
5205.0 0.3404208181251407
5206.0 0.34026218483737725
5207.0 0.3401331279234012
5208.0 0.34000595259176236
5209.0 0.3398874989333257
5210.0 0.3397767704194128
5211.0 0.3396594591963374
5212.0 0.33947668499877937
5213.0 0.33929298766354105
5214.0 0.3391208676246619
5215.0 0.33895472517313424
5216.0 0.3387967631925308
5217.0 0.3386714134655973
5218.0 0.33854702979752577
5219.0 0.338407062560084
5220.0 0.3382634573105159
5221.0 0.3381137330044326
5222.0 0.33795349286322957
5223.0 0.3377932795417263
5224.0 0.3376428529965975
5225.0 0.3374927954622415
5226.0 0.3373489456544496
5227.0 0.33721427567210804
5228.0 0.3370786497041703
5229.0 0.33693383964175005
5230.0 0.3367889432169681
5231.0 0.3366312495319853
5232.0 0.3364626701866487
5233.0 0.3362965907678679
5234.0 0.33615273242130145
5235.0 0.33600985385308807
5236.0 0.33585964551631053
5237.0 0.3357071354075268
5238.0 0.33555411638784155
5239.0 0.3354037102285052
5240.0 0.33525332503413374
5241.0 0.3350976053237894
5242.0 0.3349403113500644
5243.0 0.3347910228257955
5244.0 0.3346579493349191
5245.0 0.3345248843133648
5246.0 0.3343644448513025
5247.0 0.3342012642467343
5248.0 0.3340377643502888
5249.0 0.3338760378564623
5250.0 0.33371434117273074
5251.0 0.33355045656655186
5252.0 0.33338660337068365
5253.0 0.333219883340736
5254.0 0.3330509204439834
5255.0 0.33288186714872425
5256.0 0.3327118336782918
5257.0 0.3325427980507929
5258.0 0.3323918231451831
5259.0 0.33225118050461155
5260.0 0.33210290309034074
5261.0 0.33192904443453425
5262.0 0.3317552250128499
5263.0 0.33159769091550484
5264.0 0.33144476495678793
5265.0 0.33128065131449064
5266.0 0.33109577425146264
5267.0 0.3309109447856141
5268.0 0.33073701044409054
5269.0 0.3305653873811506
5270.0 0.33040723200828537
5271.0 0.3302633805268737
5272.0 0.33011900013027895
5273.0 0.3299214319208462
5274.0 0.3297239208144661
5275.0 0.3295302415369025
5276.0 0.3293394632698892
5277.0 0.3291542909066152
5278.0 0.32900727836121596
5279.0 0.32885932894492026
5280.0 0.32869298589934026
5281.0 0.32851756428144363
5282.0 0.32833704659708424
5283.0 0.32813631878034155
5284.0 0.3279366085802112
5285.0 0.3277546331118463
5286.0 0.3275771219378
5287.0 0.3273963184931369
5288.0 0.3272075910131765
5289.0 0.3270189156157685
5290.0 0.32682662979059957
5291.0 0.32663403649884687
5292.0 0.32645480624685835
5293.0 0.32628954607771077
5294.0 0.3261248566646284
5295.0 0.32593956945085345
5296.0 0.3257533773231476
5297.0 0.32557026460398125
5298.0 0.3253870557936088
5299.0 0.3252041744922565
5300.0 0.3250181441052349
5301.0 0.3248312109844294
5302.0 0.32462559233532695
5303.0 0.3244116021383785
5304.0 0.3242038043740388
5305.0 0.3240115736093529
5306.0 0.3238193988791391
5307.0 0.3236275999083747
5308.0 0.32343570849582365
5309.0 0.3232334396504156
5310.0 0.3230144263377692
5311.0 0.32279548719694595
5312.0 0.3225893947637277
5313.0 0.32238542919329627
5314.0 0.3221872431993175
5315.0 0.32199332763541527
5316.0 0.3218009935493861
5317.0 0.321598733185184
5318.0 0.3213974857953853
5319.0 0.3211832653020041
5320.0 0.32096100889802737
5321.0 0.3207422024541478
5322.0 0.3205435288534241
5323.0 0.3203449167744875
5324.0 0.3201365674032432
5325.0 0.3199252319119312
5326.0 0.31970372805336206
5327.0 0.31945557488861837
5328.0 0.31920751425739036
5329.0 0.31898850008781093
5330.0 0.3187757065886139
5331.0 0.31856861844150347
5332.0 0.31836924681589324
5333.0 0.3181699375614487
5334.0 0.3179569100817942
5335.0 0.3177430136998545
5336.0 0.3175221876242117
5337.0 0.31729603833485187
5338.0 0.3170685971401914
5339.0 0.3168340525824723
5340.0 0.31659959145581457
5341.0 0.31635786006001215
5342.0 0.316110914382816
5343.0 0.31586211957633803
5344.0 0.31559830032639247
5345.0 0.3153355205469868
5346.0 0.31508929154203613
5347.0 0.31485179027595195
5348.0 0.31462490614236893
5349.0 0.3144285258935528
5350.0 0.31423314386591167
5351.0 0.3139898294526996
5352.0 0.3137395152659242
5353.0 0.3134761913290319
5354.0 0.3131948798791421
5355.0 0.3129136769750668
5356.0 0.31268710931487265
5357.0 0.31246343913785835
5358.0 0.3122416811068729
5359.0 0.31202176170620644
5360.0 0.31180004253951943
5361.0 0.3115344417899223
5362.0 0.3112698716367497
5363.0 0.3109962485382368
5364.0 0.3107186228806169
5365.0 0.31044998512645305
5366.0 0.31022283207620766
5367.0 0.3099948273363371
5368.0 0.3097501490479743
5369.0 0.30949902010560126
5370.0 0.3092297414493544
5371.0 0.30891684503473626
5372.0 0.30860314550025153
5373.0 0.3083324863483767
5374.0 0.30806933589089674
5375.0 0.3078017494845037
5376.0 0.3075277413879023
5377.0 0.3072538358207999
5378.0 0.30697172285689683
5379.0 0.306689370714381
5380.0 0.3064210136291082
5381.0 0.30616380041185426
5382.0 0.30590895509834376
5383.0 0.30566884399007715
5384.0 0.3054288176315453
5385.0 0.30515580612265275
5386.0 0.30486439863215786
5387.0 0.3045708691397122
5388.0 0.3042718447934488
5389.0 0.303972937049564
5390.0 0.30370046549383894
5391.0 0.3034368672537852
5392.0 0.30317193605950393
5393.0 0.30290285179854376
5394.0 0.30263386899193556
5395.0 0.30235518148957063
5396.0 0.3020750048552998
5397.0 0.3017882487174337
5398.0 0.30149146060469695
5399.0 0.30119479009491107
5400.0 0.3008906448699271
5401.0 0.30058555737726117
5402.0 0.30029037132081793
5403.0 0.3000022578277845
5404.0 0.29971645216876996
5405.0 0.2994621077434694
5406.0 0.29920785904426433
5407.0 0.2989258810961129
5408.0 0.29862813109429476
5409.0 0.29833021358030537
5410.0 0.2980348802611117
5411.0 0.2977396675951802
5412.0 0.2974602277806718
5413.0 0.29718612650824566
5414.0 0.2969050428661286
5415.0 0.2966109228621817
5416.0 0.2963160245302284
5417.0 0.29601474697114954
5418.0 0.29571276011301734
5419.0 0.2954313437424063
5420.0 0.29517533761486875
5421.0 0.2949203302400536
5422.0 0.29467263598705745
5423.0 0.29442512963197187
5424.0 0.29414116357580755
5425.0 0.29382652147506877
5426.0 0.29350935664592176
5427.0 0.2931755337248013
5428.0 0.2928418643688354
5429.0 0.2925477840149921
5430.0 0.29227370900147354
5431.0 0.29199958221199995
5432.0 0.29172408472732625
5433.0 0.2914478153886315
5434.0 0.29119612393267286
5435.0 0.29095094972911206
5436.0 0.29069089135796344
5437.0 0.2904014479851034
5438.0 0.29011213470483355
5439.0 0.2898025290610632
5440.0 0.28948976831784246
5441.0 0.2892184978840741
5442.0 0.2890010726913174
5443.0 0.28878284396289117
5444.0 0.28851242262779675
5445.0 0.28824212100308455
5446.0 0.28793601233549354
5447.0 0.28760322024936436
5448.0 0.28727940592668805
5449.0 0.28701858232649985
5450.0 0.28675787326210966
5451.0 0.2865233037132677
5452.0 0.2863011962024385
5453.0 0.28605894189499315
5454.0 0.28574819924495093
5455.0 0.28543673184836305
5456.0 0.28513993496209916
5457.0 0.2848473728091074
5458.0 0.2845576449632626
5459.0 0.28427498395899026
5460.0 0.28399158121040735
5461.0 0.28373015074172586
5462.0 0.2834704860694744
5463.0 0.2832191781827402
5464.0 0.2829767754311818
5465.0 0.28273411261505627
5466.0 0.2824547054381199
5467.0 0.28217543217501256
5468.0 0.2818897195409108
5469.0 0.2815989758271373
5470.0 0.2813105504944278
5471.0 0.2810368115992562
5472.0 0.28076233289024544
5473.0 0.2804913618296186
5474.0 0.2802224263107032
5475.0 0.2799465053060619
5476.0 0.27964733551347737
5477.0 0.2793483189672724
5478.0 0.27906601562685046
5479.0 0.27878820659357084
5480.0 0.2785140799192641
5481.0 0.27824638837920257
5482.0 0.27797795884349175
5483.0 0.2777201385173133
5484.0 0.2774626090374719
5485.0 0.2771868653177226
5486.0 0.2768887545341298
5487.0 0.27659184907133266
5488.0 0.27632905348708
5489.0 0.27606638198703787
5490.0 0.27582091804172904
5491.0 0.27558706746384815
5492.0 0.27534751596039475
5493.0 0.27506717043960727
5494.0 0.27478610510486756
5495.0 0.2744869614033633
5496.0 0.2741789427863677
5497.0 0.2738788612482905
5498.0 0.2735986071679957
5499.0 0.27331849361822735
5500.0 0.2730390701801316
5501.0 0.27275991564728147
5502.0 0.2724879902730656
5503.0 0.27222911929026183
5504.0 0.2719703705176013
5505.0 0.27169878637387657
5506.0 0.2714263608902375
5507.0 0.2711450377879323
5508.0 0.2708531522952091
5509.0 0.2705604457084494
5510.0 0.2702454152873094
5511.0 0.26993055605635746
5512.0 0.2696204227213894
5513.0 0.2693143414761684
5514.0 0.2690083829839345
5515.0 0.26870320603083353
5516.0 0.26839819153619665
5517.0 0.26810618285852417
5518.0 0.2678192230111369
5519.0 0.2675292757013769
5520.0 0.2672287197023167
5521.0 0.2669291669649609
5522.0 0.2666401735603402
5523.0 0.2663543021079343
5524.0 0.2660527578923705
5525.0 0.26572641690043125
5526.0 0.26540109648867194
5527.0 0.26510152475741444
5528.0 0.26480458163600534
5529.0 0.2644921707247284
5530.0 0.26416515043103994
5531.0 0.26383732253695413
5532.0 0.26347502894932306
5533.0 0.26311294100543314
5534.0 0.26279846793844003
5535.0 0.26251339119434824
5536.0 0.2622232967262
5537.0 0.2619040853058913
5538.0 0.26158587736161254
5539.0 0.26123383530566924
5540.0 0.2608696021455894
5541.0 0.26051469085217643
5542.0 0.26018127664469803
5543.0 0.25984887130378687
5544.0 0.25950762377933184
5545.0 0.2591638561697533
5546.0 0.25880666894933063
5547.0 0.25842679342536007
5548.0 0.25804712975267374
5549.0 0.2577291509813244
5550.0 0.25741452804547127
5551.0 0.25708669473385787
5552.0 0.2567453983230178
5553.0 0.25639910103098285
5554.0 0.2559732430088843
5555.0 0.25554762783798574
5556.0 0.25511653563114145
5557.0 0.2546830035840141
5558.0 0.25426286855952634
5559.0 0.25390285344840313
5560.0 0.2535438475349712
5561.0 0.25313733456980975
5562.0 0.2527153953954636
5563.0 0.25228849964166605
5564.0 0.25184913201878767
5565.0 0.2514100156033088
5566.0 0.2509947386255606
5567.0 0.2505838569655268
5568.0 0.2501608584839341
5569.0 0.2497223040433046
5570.0 0.24928319709826918
5571.0 0.24886296791169335
5572.0 0.24844272643890344
5573.0 0.24800707120424456
5574.0 0.24755642345492396
5575.0 0.2471019936643652
5576.0 0.2466013117169824
5577.0 0.2461001358945004
5578.0 0.24560680363666013
5579.0 0.245119251361435
5580.0 0.24463132006867389
5581.0 0.24414756593700598
5582.0 0.24366331878269254
5583.0 0.2431637949165585
5584.0 0.24265860523729577
5585.0 0.24212624359751986
5586.0 0.2415340243411537
5587.0 0.24094219549447174
5588.0 0.240322260406576
5589.0 0.2396966734124409
5590.0 0.23910749672113926
5591.0 0.23856761395599527
5592.0 0.2380265426627815
5593.0 0.23744595709050462
5594.0 0.23686341445155454
5595.0 0.23623623990916376
5596.0 0.2355718177577785
5597.0 0.2349130953717925
5598.0 0.23432157528771172
5599.0 0.23373048247517542
5600.0 0.23313069189654273
5601.0 0.2325264902399895
5602.0 0.23190293720811953
5603.0 0.23121110525150643
5604.0 0.23051829874987942
5605.0 0.22984290873050095
5606.0 0.22917310106570385
5607.0 0.22849679821414923
5608.0 0.22780621098743667
5609.0 0.22711543858464067
5610.0 0.22642885267804405
5611.0 0.22574194318949792
5612.0 0.2250266076972701
5613.0 0.22427296265576485
5614.0 0.22351923044356864
5615.0 0.22271944777214575
5616.0 0.22191918502910743
5617.0 0.22111564870355346
5618.0 0.2203087172738447
5619.0 0.21950336330185788
5620.0 0.21871071256201532
5621.0 0.21791734957055
5622.0 0.21708727860648322
5623.0 0.21623656290787885
5624.0 0.21538430348563165
5625.0 0.21452380673924418
5626.0 0.21366272378995016
5627.0 0.21284110904203463
5628.0 0.21202977324715208
5629.0 0.21118880524750977
5630.0 0.21028835533859264
5631.0 0.20938741478470194
5632.0 0.20847624817808855
5633.0 0.20756393855535799
5634.0 0.2066607915157222
5635.0 0.20576946427023163
5636.0 0.20487836575106524
5637.0 0.2038725359368182
5638.0 0.2028677643247109
5639.0 0.20191200851182728
5640.0 0.20099424155497012
5641.0 0.20006546043683682
5642.0 0.19905055588723253
5643.0 0.1980354036346749
5644.0 0.1969906914387586
5645.0 0.19593140479350585
5646.0 0.194882694796493
5647.0 0.193867339927706
5648.0 0.1928530675065462
5649.0 0.1917850389677494
5650.0 0.19070341399981394
5651.0 0.1896098583457176
5652.0 0.18849199392821894
5653.0 0.1873765899743161
5654.0 0.18630657340945175
5655.0 0.1852438468099815
5656.0 0.18417521204116125
5657.0 0.18310069395953343
5658.0 0.18202767276136717
5659.0 0.18094471649921168
5660.0 0.17986409611798754
5661.0 0.17869971482669844
5662.0 0.17747222632067397
5663.0 0.17625457257325147
5664.0 0.17508873951786275
5665.0 0.17392524842475843
5666.0 0.17277642724536932
5667.0 0.17163628761267
5668.0 0.17047642774770524
5669.0 0.16925292707767567
5670.0 0.16803229989150298
5671.0 0.16679983146528135
5672.0 0.1655668105481969
5673.0 0.1643235399021974
5674.0 0.16305930271771812
5675.0 0.16179728710782412
5676.0 0.16061454440416784
5677.0 0.15944109247204946
5678.0 0.15821823792847595
5679.0 0.15693999273950016
5680.0 0.1556622084374995
5681.0 0.1543340521385415
5682.0 0.15300850423964787
5683.0 0.15173646730168566
5684.0 0.15050267591746325
5685.0 0.1492667667249294
5686.0 0.1480084366197717
5687.0 0.14675249872643734
5688.0 0.1454629741265373
5689.0 0.1441606148687804
5690.0 0.14285233195278632
5691.0 0.14152615744950825
5692.0 0.14020129483520832
5693.0 0.1388664248874824
5694.0 0.13753014083981072
5695.0 0.13620853981910644
5696.0 0.13490941778313298
5697.0 0.13361195388249966
5698.0 0.13227079454490365
5699.0 0.13092740654505505
5700.0 0.12957978562796865
5701.0 0.1282281422960132
5702.0 0.126879781539784
5703.0 0.12558351025373582
5704.0 0.12428876038713942
5705.0 0.12296077538625183
5706.0 0.12161087369450232
5707.0 0.12024987575424272
5708.0 0.11882816536886662
5709.0 0.11740675907061389
5710.0 0.11608694406308981
5711.0 0.11480898578957645
5712.0 0.11351032252593687
5713.0 0.11215673736708122
5714.0 0.11080347231060843
5715.0 0.10937408063515468
5716.0 0.10792913711447336
5717.0 0.10648829582049106
5718.0 0.10505327581300307
5719.0 0.10361836388357737
5720.0 0.10233655873511653
5721.0 0.10106496424160868
5722.0 0.0997673359319831
5723.0 0.09844409110783837
5724.0 0.09712144637516414
5725.0 0.09580460619146598
5726.0 0.09448738094251141
5727.0 0.09318356201182026
5728.0 0.09188780448857874
5729.0 0.09057646693319421
5730.0 0.0891901723136985
5731.0 0.08780410410898135
5732.0 0.08649389464924846
5733.0 0.08521169610022437
5734.0 0.0839250673723627
5735.0 0.08262713780362937
5736.0 0.08132930873156738
5737.0 0.08007389769565584
5738.0 0.07882696710091248
5739.0 0.07758710711542774
5740.0 0.0763577930581645
5741.0 0.07512927652820231
5742.0 0.07384363256244757
5743.0 0.07255564537719934
5744.0 0.071305988579082
5745.0 0.07009364752764531
5746.0 0.06888138647496148
5747.0 0.06766198686868381
5748.0 0.06644381840597456
5749.0 0.06529720665873835
5750.0 0.06419288938876774
5751.0 0.06309532239315907
5752.0 0.06202372063760484
5753.0 0.06095384828395642
5754.0 0.059819873800206695
5755.0 0.05866484473024609
5756.0 0.0575120780505703
5757.0 0.056362600583968116
5758.0 0.05521521767220382
5759.0 0.05418590009710854
5760.0 0.05317906501016268
5761.0 0.05223657250056914
5762.0 0.05138528160012469
5763.0 0.050536058681543386
5764.0 0.04959682930482916
5765.0 0.048657099044862775
5766.0 0.047666176511269365
5767.0 0.04662830529178519
5768.0 0.04560031810741936
5769.0 0.04465973776126066
5770.0 0.0437215107855326
5771.0 0.04284542707687409
5772.0 0.04200537664949757
5773.0 0.04116568703719804
5774.0 0.0403219743098064
5775.0 0.03948003833937475
5776.0 0.03877012633471583
5777.0 0.03810497923065923
5778.0 0.03740892362933624
5779.0 0.03664232898421934
5780.0 0.03587655261056659
5781.0 0.034465127998560045
5782.0 0.03295721596274941
5783.0 0.031665386938529605
5784.0 0.03067178494479857
5785.0 0.029677584845373504
5786.0 0.028990240410961234
5787.0 0.02830776417029481
5788.0 0.027684991096963353
5789.0 0.027112276628203726
5790.0 0.02653235239589308
5791.0 0.02590301102146311
5792.0 0.02527020585682761
5793.0 0.024606496849756423
5794.0 0.023923973734427593
5795.0 0.023262047769994628
5796.0 0.022690138220159018
5797.0 0.022112334367131666
5798.0 0.021633872502196973
5799.0 0.021179398452487622
5800.0 0.02069316376182003
