# %ECSV 1.0
# ---
# datatype:
# - {name: WAV, unit: Angstrom, datatype: float32}
# - {name: EFF, datatype: float64}
# meta: !!omap
# - {GRISM: 600/4000}
# - {DICHROIC: D560}
# schema: astropy-2.0
WAV EFF
3200.0 0.06286326461211322
3201.0 0.06340550377176164
3202.0 0.06389844846235111
3203.0 0.06434998579893107
3204.0 0.06476405933902624
3205.0 0.06514757030830484
3206.0 0.06550249048552927
3207.0 0.06583572109636776
3208.0 0.06614923391958266
3209.0 0.06644598662331752
3210.0 0.06673090865447823
3211.0 0.0670040000130648
3212.0 0.06726821836722076
3213.0 0.06752652138508965
3214.0 0.06777989495605265
3215.0 0.06803031085887208
3216.0 0.068277769093548
3217.0 0.06852522732822391
3218.0 0.06877169967351865
3219.0 0.06902014379757575
3220.0 0.06926957381101403
3221.0 0.06952097560321466
3222.0 0.06977434917417764
3223.0 0.07003166630266536
3224.0 0.0702909552099154
3225.0 0.07055517356407137
3226.0 0.07082234958637086
3227.0 0.07109346916619508
3228.0 0.07136951819292518
3229.0 0.07164852488779883
3230.0 0.07193246102957836
3231.0 0.07222034072888261
3232.0 0.07251314987509276
3233.0 0.07280990257882762
3234.0 0.07311059884008721
3235.0 0.07341622454825268
3236.0 0.07372579381394287
3237.0 0.07403930663715777
3238.0 0.07435774890727857
3239.0 0.07468112062430526
3240.0 0.07500843589885667
3241.0 0.0753396947309328
3242.0 0.07567588300991482
3243.0 0.07601700073580275
3244.0 0.07636107612983419
3245.0 0.07671106686015272
3246.0 0.07706500114799596
3247.0 0.07742386488274511
3248.0 0.07778765806440013
3249.0 0.07815539480357987
3250.0 0.07852806098966553
3251.0 0.07890565662265706
3252.0 0.07928916759193566
3253.0 0.079676622118739
3254.0 0.08006900609244821
3255.0 0.08046730540244451
3256.0 0.0808705341593467
3257.0 0.08127869236315478
3258.0 0.08169276590324995
3259.0 0.08211275477963217
3260.0 0.0825376731029203
3261.0 0.08296752087311432
3262.0 0.0834042698689766
3263.0 0.08384594831174476
3264.0 0.08429452798018118
3265.0 0.08474803709552349
3266.0 0.08520844743653408
3267.0 0.08567378722445054
3268.0 0.08614602823803524
3269.0 0.08662418458790704
3270.0 0.0871082562740659
3271.0 0.08759922918589301
3272.0 0.08809513154462603
3273.0 0.08859892101840847
3274.0 0.08910763993909682
3275.0 0.08962326008545339
3276.0 0.09014479556809706
3277.0 0.0906722463870278
3278.0 0.09120659843162678
3279.0 0.09174686581251285
3280.0 0.09229403441906717
3281.0 0.09284613247252736
3282.0 0.09340513175165584
3283.0 0.09396906047769019
3284.0 0.09453989042939281
3285.0 0.09511663571738248
3286.0 0.09569831045227807
3287.0 0.0962868864128419
3288.0 0.09688039182031162
3289.0 0.09747981256406843
3290.0 0.09808416275473111
3291.0 0.09869442828168089
3292.0 0.09930863736615538
3293.0 0.09992974767629811
3294.0 0.10055480154396557
3295.0 0.1011847848585389
3296.0 0.10181969762001815
3297.0 0.10245855393902212
3298.0 0.10310233970493196
3299.0 0.10375006902836653
3300.0 0.104402727798707
3301.0 0.105058344237191
3302.0 0.10571889012258089
3303.0 0.10638239367611432
3304.0 0.10704984078717247
3305.0 0.10772024556637415
3306.0 0.10839360801371938
3307.0 0.10906992812920813
3308.0 0.10974920591284043
3309.0 0.11043144136461626
3310.0 0.11111564859515445
3311.0 0.11180182760445499
3312.0 0.1124899783925179
3313.0 0.11318010095934317
3314.0 0.11387219530493078
3315.0 0.11456527553989959
3316.0 0.11526032755363075
3317.0 0.11595636545674308
3318.0 0.1166533892492366
3319.0 0.1173504130417301
3320.0 0.1180484227236048
3321.0 0.11874741829486068
3322.0 0.11944641386611655
3323.0 0.12014540943737242
3324.0 0.12084440500862831
3325.0 0.12154340057988418
3326.0 0.12224239615114005
3327.0 0.12294139172239593
3328.0 0.12363841551488942
3329.0 0.12433543930738296
3330.0 0.12503246309987645
3331.0 0.12572751511360764
3332.0 0.12642158123795763
3333.0 0.12711564736230757
3334.0 0.12780675581851403
3335.0 0.12849786427472049
3336.0 0.12918700095216457
3337.0 0.12987515174022746
3338.0 0.130561330749528
3339.0 0.1312455379800662
3340.0 0.1319287593212232
3341.0 0.13261000888361785
3342.0 0.133288300777869
3343.0 0.13396560678273892
3344.0 0.1346409410088465
3345.0 0.13531430345619172
3346.0 0.13598569412477457
3347.0 0.1366551130145951
3348.0 0.13732256012565322
3349.0 0.13798803545794902
3350.0 0.13865055312210128
3351.0 0.13931109900749114
3352.0 0.13997065900349986
3353.0 0.14062726133136505
3354.0 0.14128189188046786
3355.0 0.14193455065080834
3356.0 0.14258523764238645
3357.0 0.14323395285520218
3358.0 0.14388069628925557
3359.0 0.14452546794454663
3360.0 0.14516826782107528
3361.0 0.1458090959188416
3362.0 0.14644893812722676
3363.0 0.14708680855684952
3364.0 0.14772369309709113
3365.0 0.14835860585857036
3366.0 0.14899154684128726
3367.0 0.14962448782400414
3368.0 0.15025447113857748
3369.0 0.15088445445315085
3370.0 0.15151246598896184
3371.0 0.15214047752477283
3372.0 0.15276651728182145
3373.0 0.1533925570388701
3374.0 0.1540176109065375
3375.0 0.1546416788848238
3376.0 0.15526574686311007
3377.0 0.155887843062634
3378.0 0.15651092515153908
3379.0 0.157133021351063
3380.0 0.15775610343996807
3381.0 0.158378199639492
3382.0 0.15899930994963474
3383.0 0.15962140614915865
3384.0 0.16024448823806375
3385.0 0.16086658443758767
3386.0 0.16148966652649277
3387.0 0.16211274861539784
3388.0 0.16273681659368414
3389.0 0.16336088457197043
3390.0 0.16398593843963788
3391.0 0.1646119781966865
3392.0 0.1652390038431163
3393.0 0.16586701537892728
3394.0 0.16649601280411946
3395.0 0.1671259961186928
3396.0 0.16775696532264733
3397.0 0.16838892041598305
3398.0 0.16902284728808112
3399.0 0.16965776004956035
3400.0 0.17029464458980195
3401.0 0.17093251501942472
3402.0 0.17157235722780986
3403.0 0.17221318532557617
3404.0 0.17285598520210488
3405.0 0.1734997709680147
3406.0 0.17414454262330573
3407.0 0.17479030016797795
3408.0 0.17543704360203133
3409.0 0.17608477292546593
3410.0 0.17673348813828166
3411.0 0.1773822033510974
3412.0 0.1780319044532943
3413.0 0.17868160555549126
3414.0 0.17933229254706937
3415.0 0.17998297953864748
3416.0 0.18063366653022556
3417.0 0.1812833676324225
3418.0 0.18193306873461942
3419.0 0.18258276983681634
3420.0 0.18323148504963208
3421.0 0.18387921437306667
3422.0 0.18452595780712006
3423.0 0.18517171535179225
3424.0 0.1858164870070833
3425.0 0.18645830099423077
3426.0 0.1870991290919971
3427.0 0.18773798541100106
3428.0 0.18837486995124264
3429.0 0.1890087968233407
3430.0 0.18964075191667643
3431.0 0.19026876345248742
3432.0 0.19089381732015487
3433.0 0.1915159135196788
3434.0 0.192134066161678
3435.0 0.19274827524615246
3436.0 0.19335755488372106
3437.0 0.19396289096376493
3438.0 0.1945642834862841
3439.0 0.19515976067251617
3440.0 0.19575030841184238
3441.0 0.19633494081488148
3442.0 0.1969136578816335
3443.0 0.19748645961209849
3444.0 0.19805236011689523
3445.0 0.19861234528540483
3446.0 0.19916444333886507
3447.0 0.19970964016665702
3448.0 0.20024793576878072
3449.0 0.2007773583664738
3450.0 0.20129889384911748
3451.0 0.20181155632733053
3452.0 0.202315345801113
3453.0 0.202811248159846
3454.0 0.20329926340352958
3455.0 0.20377840564278252
3456.0 0.20425064665636725
3457.0 0.20471401466552136
3458.0 0.20516949555962605
3459.0 0.20561807522806244
3460.0 0.20605876778144944
3461.0 0.20649255910916817
3462.0 0.2069184633218375
3463.0 0.20733746630883854
3464.0 0.2077505539595525
3465.0 0.20815575449521706
3466.0 0.20855405380521336
3467.0 0.20894742366830374
3468.0 0.20933290641634472
3469.0 0.2097134597174798
3470.0 0.21008711179294662
3471.0 0.21045583442150753
3472.0 0.2108186417137814
3473.0 0.21117553366976818
3474.0 0.21152749617884906
3475.0 0.21187452924102404
3476.0 0.21221663285629314
3477.0 0.21255380702465637
3478.0 0.21288703763549482
3479.0 0.21321632468880858
3480.0 0.2135406822952165
3481.0 0.21386208223348083
3482.0 0.21417953861422043
3483.0 0.21449305143743536
3484.0 0.2148036065925067
3485.0 0.21511120407943454
3486.0 0.21541682978760002
3487.0 0.21571949782762195
3488.0 0.21601920819950035
3489.0 0.21631793268199756
3490.0 0.21661468538573242
3491.0 0.21690946631070493
3492.0 0.21720326134629628
3493.0 0.2174960704925064
3494.0 0.21778887963871654
3495.0 0.21808070289554554
3496.0 0.21837252615237449
3497.0 0.21866434940920346
3498.0 0.21895617266603246
3499.0 0.2192489818122426
3500.0 0.21954376273721507
3501.0 0.21983854366218758
3502.0 0.22013529636592247
3503.0 0.22043303495903852
3504.0 0.22073175944153572
3505.0 0.22103146981341412
3506.0 0.2213321660746737
3507.0 0.22163286233593327
3508.0 0.22193454448657404
3509.0 0.2222362266372148
3510.0 0.22253889467723673
3511.0 0.22284156271725866
3512.0 0.22314423075728063
3513.0 0.22344689879730256
3514.0 0.22374956683732447
3515.0 0.2240522348773464
3516.0 0.22435490291736834
3517.0 0.2246565850680091
3518.0 0.22495826721864987
3519.0 0.2252599493692906
3520.0 0.2255606456305502
3521.0 0.22586134189180979
3522.0 0.22616105226368818
3523.0 0.2264597767461854
3524.0 0.2267585012286826
3525.0 0.22705623982179868
3526.0 0.22735299252553354
3527.0 0.2276487593398872
3528.0 0.22794354026485972
3529.0 0.22823733530045104
3530.0 0.2285301444466612
3531.0 0.22882196770349017
3532.0 0.22911280507093792
3533.0 0.22940167065962339
3534.0 0.2296905362483088
3535.0 0.2299774300582319
3536.0 0.23026333797877377
3537.0 0.2305482600099345
3538.0 0.23083121026233286
3539.0 0.23111317462535003
3540.0 0.23139415309898603
3541.0 0.2316731597938597
3542.0 0.23195118059935216
3543.0 0.23222722962608225
3544.0 0.23250229276343118
3545.0 0.23277637001139892
3546.0 0.2330484754806043
3547.0 0.23331860917104735
3548.0 0.2335877569721092
3549.0 0.23385591888378987
3550.0 0.23412210901670816
3551.0 0.23438731326024534
3552.0 0.2346505457250201
3553.0 0.23491180641103254
3554.0 0.23517208120766375
3555.0 0.23543137011491383
3556.0 0.23568868724340153
3557.0 0.23594501848250807
3558.0 0.2361993779428522
3559.0 0.23645176562443404
3560.0 0.23670316741663466
3561.0 0.23695259743007294
3562.0 0.23720104155413005
3563.0 0.23744849978880594
3564.0 0.23769398624471952
3565.0 0.23793750092187071
3566.0 0.23818002970964072
3567.0 0.23842058671864838
3568.0 0.23866015783827488
3569.0 0.238897757179139
3570.0 0.23913437063062196
3571.0 0.23936901230334254
3572.0 0.23960266808668196
3573.0 0.239834352091259
3574.0 0.24006505020645488
3575.0 0.24029574832165077
3576.0 0.24052546054746543
3577.0 0.24075418688389896
3578.0 0.24098389910971366
3579.0 0.24121262544614716
3580.0 0.24144233767196188
3581.0 0.24167204989777655
3582.0 0.24190274801297243
3583.0 0.2421344320175495
3584.0 0.2423680878008889
3585.0 0.24260272947360947
3586.0 0.24283835703571127
3587.0 0.24307694226595655
3588.0 0.24331651338558302
3589.0 0.24356002806273425
3590.0 0.24380452862926663
3591.0 0.24405297275332372
3592.0 0.24430338865614315
3593.0 0.24455774811648734
3594.0 0.24481605113435623
3595.0 0.24507731182036865
3596.0 0.24534251606390578
3597.0 0.24561166386496763
3598.0 0.24588574111293537
3599.0 0.24616376191842784
3600.0 0.2464467121708262
3601.0 0.24673360598074928
3602.0 0.24702641512695944
3603.0 0.24732513960945665
3604.0 0.2476278076494786
3605.0 0.24793737691516876
3606.0 0.24825187562776485
3607.0 0.24857327556602918
3608.0 0.24890059084058058
3609.0 0.2492338214514191
3610.0 0.2495739532879258
3611.0 0.24992098635010082
3612.0 0.2502739347485629
3613.0 0.25063477026207437
3614.0 0.25100250700125415
3615.0 0.2513781308554833
3616.0 0.2517606559353807
3617.0 0.25215106813032756
3618.0 0.2525493674403239
3619.0 0.25295555386536966
3620.0 0.25336962740546476
3621.0 0.25379257394999055
3622.0 0.25422340760956574
3623.0 0.2546631142735715
3624.0 0.2551107080526268
3625.0 0.25556717483611263
3626.0 0.2560325146240291
3627.0 0.2565067274163762
3628.0 0.25699079910253503
3629.0 0.25748275790374336
3630.0 0.2579855614881446
3631.0 0.2584962521875953
3632.0 0.259017787670239
3633.0 0.25954721026793204
3634.0 0.2600874776488181
3635.0 0.260637603923516
3636.0 0.2611975890920256
3637.0 0.26176644726496584
3638.0 0.2623461502210991
3639.0 0.2629347261816629
3640.0 0.2635341469254197
3641.0 0.26414244067360715
3642.0 0.26476059331560636
3643.0 0.2653876189620361
3644.0 0.26602450350227774
3645.0 0.2666702610469499
3646.0 0.26732587748543396
3647.0 0.26798938103896736
3648.0 0.2686627434863126
3649.0 0.26934497893808845
3650.0 0.27003510150491367
3651.0 0.27073508296555077
3652.0 0.271441965651856
3653.0 0.272157721342592
3654.0 0.27288235003775846
3655.0 0.27361387995859326
3656.0 0.27435428288385866
3657.0 0.2751015870347923
3658.0 0.27585677830077543
3659.0 0.2766198566818079
3660.0 0.27738983628850866
3661.0 0.27816671712087765
3662.0 0.27894951328953377
3663.0 0.27974019657323923
3664.0 0.280537781082613
3665.0 0.2813402950388927
3666.0 0.2821497102208406
3667.0 0.28296504073907564
3668.0 0.2837853007042165
3669.0 0.28461147600564446
3670.0 0.28544356664335946
3671.0 0.2862805867279804
3672.0 0.28712155037012604
3673.0 0.28796842934855876
3674.0 0.2888192518845162
3675.0 0.28967303208861717
3676.0 0.29053174173962404
3677.0 0.2913943949481556
3678.0 0.29226000582483075
3679.0 0.29312857436964934
3680.0 0.29400108647199275
3681.0 0.2948755703530984
3682.0 0.2957530119023477
3683.0 0.2966314393409782
3684.0 0.2975128244477522
3685.0 0.2983961813332885
3686.0 0.299280524108206
3687.0 0.3001658527725047
3688.0 0.30105118143680343
3689.0 0.30193848187986444
3690.0 0.30282578232292545
3691.0 0.3037120968766054
3692.0 0.3045993973196664
3693.0 0.30548571187334633
3694.0 0.30637104053764497
3695.0 0.3072553833125625
3696.0 0.30813775430871765
3697.0 0.30901913941549164
3698.0 0.30989855274350325
3699.0 0.31077599429275254
3700.0 0.3116504781738582
3701.0 0.31252101849743924
3702.0 0.31338958704225794
3703.0 0.314255197918933
3704.0 0.3151158793487023
3705.0 0.3159726172209467
3706.0 0.31682639742504776
3707.0 0.3176752481822428
3708.0 0.31851916949253195
3709.0 0.31935914724529646
3710.0 0.32019419555115497
3711.0 0.3210253002994889
3712.0 0.3218504897115356
3713.0 0.3226717355660577
3714.0 0.3234870660842927
3715.0 0.324298453045003
3716.0 0.325102938780045
3717.0 0.3259034809575623
3718.0 0.32669810779879255
3719.0 0.3274878051931169
3720.0 0.32827158725115413
3721.0 0.3290494539729043
3722.0 0.3298223912477486
3723.0 0.33058842729692467
3724.0 0.3313485480098136
3725.0 0.3321037392757967
3726.0 0.3328520293161115
3727.0 0.33359440402013923
3728.0 0.33432987749849874
3729.0 0.33506042152995236
3730.0 0.3357840643357377
3731.0 0.3365008059158548
3732.0 0.3372116321596848
3733.0 0.3379155571778466
3734.0 0.33861258097034014
3735.0 0.33930368942654654
3736.0 0.33998789665708473
3737.0 0.34066520266195466
3738.0 0.3413356074411564
3739.0 0.34199911099468977
3740.0 0.34265571332255496
3741.0 0.3433054144247519
3742.0 0.3439492001906618
3743.0 0.344584112952141
3744.0 0.34521311037733315
3745.0 0.34583520657685707
3746.0 0.34645040155071277
3747.0 0.34705770940951897
3748.0 0.34765811604265695
3749.0 0.34825162145012667
3750.0 0.3488382256319282
3751.0 0.3494169426986802
3752.0 0.34998875853976397
3753.0 0.35055268726579836
3754.0 0.3511107006555456
3755.0 0.3516608269302435
3756.0 0.35220405197927307
3757.0 0.3527393899132532
3758.0 0.35326782662156514
3759.0 0.3537893621042088
3760.0 0.3543039963611842
3761.0 0.3548107435031102
3762.0 0.35531058941936794
3763.0 0.3558035341099574
3764.0 0.3562885916854974
3765.0 0.3567677339247504
3766.0 0.35723898904895396
3767.0 0.35770334294748923
3768.0 0.3581607956203563
3769.0 0.35861134706755504
3770.0 0.3590540113997044
3771.0 0.3594907603955667
3772.0 0.3599206081657607
3773.0 0.36034256882090526
3774.0 0.36075861413976285
3775.0 0.3611677582329521
3776.0 0.36157000110047305
3777.0 0.3619653427423258
3778.0 0.36235476904789155
3779.0 0.36273729412778893
3780.0 0.36311291798201817
3781.0 0.3634826264999602
3782.0 0.3638454337922341
3783.0 0.36420232574822087
3784.0 0.36455231647853936
3785.0 0.36489639187257084
3786.0 0.36523455193031523
3787.0 0.3655667966517725
3788.0 0.36589214014756155
3789.0 0.3662125541964447
3790.0 0.3665260670196596
3791.0 0.36683465039596863
3792.0 0.36713633254660943
3793.0 0.3674330852503443
3794.0 0.3677239226177921
3795.0 0.36800983053833397
3796.0 0.36828982312258873
3797.0 0.3685648862599377
3798.0 0.3688340340609995
3799.0 0.36909825241515554
3800.0 0.36935754132240556
3801.0 0.36961190078274975
3802.0 0.36986133079618805
3803.0 0.3701058313627204
3804.0 0.3703454024823469
3805.0 0.37058004415506746
3806.0 0.37081074227026334
3807.0 0.37103651093855333
3808.0 0.3712583360493186
3809.0 0.3714762176025591
3810.0 0.37168916970889376
3811.0 0.3718981782577037
3812.0 0.37210324324898897
3813.0 0.37230535057213066
3814.0 0.3725025284483664
3815.0 0.3726967486564587
3816.0 0.3728870253070262
3817.0 0.37307335840006906
3818.0 0.3732567338249683
3819.0 0.3734371515817241
3820.0 0.37361461167033627
3821.0 0.37378911409080495
3822.0 0.3739596729537489
3823.0 0.37412826003793054
3824.0 0.3742938894539686
3825.0 0.3744575470912443
3826.0 0.37461824706037644
3827.0 0.37477697525074627
3828.0 0.37493274577297253
3829.0 0.3750865445164364
3830.0 0.37523935737051917
3831.0 0.37538921255645835
3832.0 0.3755380818530164
3833.0 0.3756839934814309
3834.0 0.3758299051098454
3835.0 0.3759738449594975
3836.0 0.3761158130303872
3837.0 0.37625778110127706
3838.0 0.3763977773934044
3839.0 0.3765377736855319
3840.0 0.3766767840882781
3841.0 0.3768148086016431
3842.0 0.376951847225627
3843.0 0.37708888584961087
3844.0 0.37722592447359476
3845.0 0.3773629630975786
3846.0 0.3774990158321814
3847.0 0.3776360544561652
3848.0 0.3777730930801491
3849.0 0.37791013170413296
3850.0 0.378048156217498
3851.0 0.3781861807308631
3852.0 0.3783251911336093
3853.0 0.3784651874257367
3854.0 0.3786061696072453
3855.0 0.37874813767813503
3856.0 0.3788920775277872
3857.0 0.3790370032668205
3858.0 0.379182914895235
3859.0 0.3793307983024118
3860.0 0.37948065348835097
3861.0 0.3796324804530526
3862.0 0.3797862791965165
3863.0 0.37994204971874274
3864.0 0.38010077790911256
3865.0 0.3802614778782447
3866.0 0.3804241496261393
3867.0 0.38058879315279615
3868.0 0.3807554084582154
3869.0 0.3809249814317782
3870.0 0.3810965261841033
3871.0 0.38127004271519077
3872.0 0.3814465169144219
3873.0 0.381623977003034
3874.0 0.3818043947597898
3875.0 0.3819867842953079
3876.0 0.3821721314989695
3877.0 0.38235846459201234
3878.0 0.38254775535319874
3879.0 0.3827400037825286
3880.0 0.3829332381012397
3881.0 0.3831294300880943
3882.0 0.38332759385371123
3883.0 0.3835277293980906
3884.0 0.3837298367212323
3885.0 0.3839349017125175
3886.0 0.38414193848256506
3887.0 0.3843519329207562
3888.0 0.38456389913770966
3889.0 0.3847778371334255
3890.0 0.3849937469079037
3891.0 0.38521261435052545
3892.0 0.3854334535719095
3893.0 0.385656264572056
3894.0 0.3858820332403459
3895.0 0.3861107595767794
3896.0 0.3863404718025941
3897.0 0.3865731416965524
3898.0 0.38680778336927296
3899.0 0.3870453827101371
3900.0 0.3872849538297636
3901.0 0.38752748261753356
3902.0 0.38777198318406597
3903.0 0.38801845552936065
3904.0 0.38826788554279895
3905.0 0.3885202732243808
3906.0 0.38877364679534376
3907.0 0.38903096392383146
3908.0 0.38929025283108154
3909.0 0.38955151351709394
3910.0 0.3898157318712499
3911.0 0.39008192200416825
3912.0 0.3903510698052301
3913.0 0.3906221893850543
3914.0 0.390896266633022
3915.0 0.39117231565975213
3916.0 0.3914513223546258
3917.0 0.39173230082826177
3918.0 0.39201623697004134
3919.0 0.39230313077996437
3920.0 0.39259199636864983
3921.0 0.3928838196254788
3922.0 0.39317761466107015
3923.0 0.393474367364805
3924.0 0.39377309184730225
3925.0 0.39407477399794294
3926.0 0.39437941381672725
3927.0 0.3946860254142739
3928.0 0.3949955946799641
3929.0 0.39530713572441667
3930.0 0.3956216344370127
3931.0 0.39593909081775236
3932.0 0.39625851897725434
3933.0 0.3965809048048998
3934.0 0.39690526241130775
3935.0 0.3972325776858591
3936.0 0.39756285062855407
3937.0 0.3978950953500114
3938.0 0.3982302977396122
3939.0 0.3985674719079755
3940.0 0.3989076037444822
3941.0 0.3992506932491325
3942.0 0.3995967404219263
3943.0 0.3999437734841012
3944.0 0.40029475010380094
3945.0 0.400647698502263
3946.0 0.40100261867948744
3947.0 0.4013614824142366
3948.0 0.4017213320383669
3949.0 0.4020851252200219
3950.0 0.40244990429105815
3951.0 0.40281862691961906
3952.0 0.40318932132694235
3953.0 0.40356198751302796
3954.0 0.40393761136725714
3955.0 0.4043152070002487
3956.0 0.40469576030138377
3957.0 0.40507927127066234
3958.0 0.40546376812932217
3959.0 0.4058522085455067
3960.0 0.40624163485107234
3961.0 0.40663500471416275
3962.0 0.40702936046663435
3963.0 0.40742667388724946
3964.0 0.40782595908662694
3965.0 0.40822820195414794
3966.0 0.4086314307110501
3967.0 0.40903860302547707
3968.0 0.4094467612292851
3969.0 0.4098578771012367
3970.0 0.4102709647519507
3971.0 0.410686024181427
3972.0 0.41110305538966574
3973.0 0.41152304426604797
3974.0 0.4119440190318114
3975.0 0.4123679514657183
3976.0 0.4127928697890065
3977.0 0.4132207457804381
3978.0 0.41365059355063216
3979.0 0.41408241309958854
3980.0 0.4145162044273073
3981.0 0.4149509816444072
3982.0 0.4153887165296506
3983.0 0.4158274373042753
3984.0 0.41626812985766226
3985.0 0.4167107941898116
3986.0 0.41715543030072333
3987.0 0.4176010523010162
3988.0 0.4180486460800715
3989.0 0.41849821163788903
3990.0 0.4189487630850878
3991.0 0.41940128631104895
3992.0 0.41985479542639126
3993.0 0.42031027632049595
3994.0 0.42076674310398177
3995.0 0.42122419577684883
3996.0 0.4216836202284782
3997.0 0.4221440305694888
3998.0 0.4226054267998805
3999.0 0.42306780891965345
4000.0 0.42353216281818873
4001.0 0.423996516716724
4002.0 0.42446284239402166
4003.0 0.4249291680713193
4004.0 0.4253974655273793
4005.0 0.4258657629834393
4006.0 0.42633504632888053
4007.0 0.42680432967432164
4008.0 0.42727459890914404
4009.0 0.42774585403334753
4010.0 0.42821809504693226
4011.0 0.428690336060517
4012.0 0.4291625770741017
4013.0 0.42963481808768644
4014.0 0.4301080449906523
4015.0 0.4305812718936182
4016.0 0.4310544987965841
4017.0 0.4315287115889312
4018.0 0.43200193849189705
4019.0 0.43247516539486297
4020.0 0.4329483922978289
4021.0 0.4334206333114136
4022.0 0.4338938602143795
4023.0 0.4343661012279642
4024.0 0.43483834224154894
4025.0 0.4353095973657524
4026.0 0.4357798666005748
4027.0 0.4362501358353972
4028.0 0.43671941918083834
4029.0 0.4371877166368983
4030.0 0.43765502820357716
4031.0 0.4381213538808748
4032.0 0.43858669366879127
4033.0 0.43905104756732655
4034.0 0.4395144155764807
4035.0 0.4399758118068724
4036.0 0.44043622214788297
4037.0 0.4408946607101312
4038.0 0.4413521133829982
4039.0 0.44180759427710287
4040.0 0.44226110339244523
4041.0 0.44271362661840635
4042.0 0.4431641780656051
4043.0 0.4436137436234227
4044.0 0.444061337402478
4045.0 0.44450695940277085
4046.0 0.4449515955136826
4047.0 0.44539425984583186
4048.0 0.4458349523992189
4049.0 0.4462746590632247
4050.0 0.4467123939484682
4051.0 0.44714815705494926
4052.0 0.44758293427204915
4053.0 0.4480147538210056
4054.0 0.44844657336996196
4055.0 0.4488754352507747
4056.0 0.44930232535282527
4057.0 0.4497282295654945
4058.0 0.4501511761100203
4059.0 0.4505731367651649
4060.0 0.45099312564154714
4061.0 0.451411142739167
4062.0 0.4518271880580245
4063.0 0.45224126159811967
4064.0 0.4526543492488337
4065.0 0.4530644792314041
4066.0 0.4534726374352122
4067.0 0.4538798097496391
4068.0 0.4542840243959224
4069.0 0.45468626726344347
4070.0 0.45508653835220214
4071.0 0.4554858235515796
4072.0 0.45588215108281355
4073.0 0.45627650683528514
4074.0 0.4566679049196132
4075.0 0.45705831711456
4076.0 0.45744675753074454
4077.0 0.4578322402787855
4078.0 0.45821575124806413
4079.0 0.45859729043858033
4080.0 0.45897685785033426
4081.0 0.45935346759394463
4082.0 0.45972909144817375
4083.0 0.46010077174487823
4084.0 0.4604714661522015
4085.0 0.46083920289138125
4086.0 0.46120496785179865
4087.0 0.46156876103345373
4088.0 0.4619295965469652
4089.0 0.46228846028171433
4090.0 0.46264436634831996
4091.0 0.4629983006361632
4092.0 0.4633502631452441
4093.0 0.4636992679861814
4094.0 0.46404531515897524
4095.0 0.4643893905530067
4096.0 0.46473149416827575
4097.0 0.46506965422602015
4098.0 0.46540682839438335
4099.0 0.46574104489460305
4100.0 0.4660723037266792
4101.0 0.46640060489061175
4102.0 0.466726934275782
4103.0 0.4670512918821898
4104.0 0.467371705931073
4105.0 0.467691134090575
4106.0 0.4680066186925522
4107.0 0.46831914562638594
4108.0 0.4686297007814573
4109.0 0.46893828415776634
4110.0 0.46924292397655065
4111.0 0.4695455920165726
4112.0 0.46984530238845096
4113.0 0.4701420550921858
4114.0 0.47043585012777717
4115.0 0.4707276733846061
4116.0 0.4710165389732916
4117.0 0.4713014610044523
4118.0 0.47158441125685063
4119.0 0.47186538973048664
4120.0 0.4721424246465979
4121.0 0.4724165018945657
4122.0 0.47268860736377105
4123.0 0.4729577551648329
4124.0 0.47322295940837
4125.0 0.47348619187314483
4126.0 0.47374646666977605
4127.0 0.47400378379826374
4128.0 0.47425814325860793
4129.0 0.47450954505080856
4130.0 0.4747589750642468
4131.0 0.4750044615201604
4132.0 0.47524699030793044
4133.0 0.4754865614275569
4134.0 0.475724160768421
4135.0 0.47595781655176045
4136.0 0.47618851466695633
4137.0 0.4764162551140087
4138.0 0.47664202378229864
4139.0 0.4768638488930639
4140.0 0.4770837022250668
4141.0 0.47729961199954496
4142.0 0.47751256410587967
4143.0 0.47772354443345194
4144.0 0.4779305812034995
4145.0 0.4781346603054036
4146.0 0.4783357817391641
4147.0 0.4785349313941622
4148.0 0.4787301374916357
4149.0 0.4789233718103467
4150.0 0.47911266257153307
4151.0 0.4792989956645759
4152.0 0.47948335697885636
4153.0 0.4796637747356121
4154.0 0.4798422207136055
4155.0 0.4800167231340742
4156.0 0.4801892537757805
4157.0 0.48035784085996214
4158.0 0.4805244561653813
4159.0 0.48068712791327584
4160.0 0.48084782788240804
4161.0 0.4810055701833966
4162.0 0.48116035481624175
4163.0 0.4813121817809433
4164.0 0.4814610510775013
4165.0 0.4816069627059158
4166.0 0.48175090255556796
4167.0 0.48189089884769537
4168.0 0.4820289233610604
4169.0 0.48216300431690073
4170.0 0.48229511349397874
4171.0 0.4824242650029132
4172.0 0.48255144473308526
4173.0 0.4826746809057326
4174.0 0.4827959452996176
4175.0 0.4829142520253591
4176.0 0.48302861519357587
4177.0 0.48314199247241146
4178.0 0.4832514261937223
4179.0 0.4833579022468896
4180.0 0.4834624065212946
4181.0 0.483563953127556
4182.0 0.48366254206567394
4183.0 0.4837581733356483
4184.0 0.4838518328268603
4185.0 0.48394154876054757
4186.0 0.4840292929154725
4187.0 0.48411506529163506
4188.0 0.4841968941102729
4189.0 0.4842767511501484
4190.0 0.48435365052188034
4191.0 0.4844275922254688
4192.0 0.4844995621502948
4193.0 0.48456857440697737
4194.0 0.48463462899551635
4195.0 0.484698711805293
4196.0 0.4847598369469261
4197.0 0.48481800442041567
4198.0 0.4848742001151428
4199.0 0.48492743814172656
4200.0 0.4849787043895478
4201.0 0.48502701296922557
4202.0 0.4850723638807598
4203.0 0.4851157430135317
4204.0 0.48515616447816
4205.0 0.485194614164026
4206.0 0.48523109207112963
4207.0 0.4852646123100897
4208.0 0.4852961607702875
4209.0 0.4853247515623416
4210.0 0.48535038468625225
4211.0 0.48537503192078174
4212.0 0.48539672148716767
4213.0 0.4854164392747913
4214.0 0.4854331993942713
4215.0 0.485447987734989
4216.0 0.4854608042969443
4217.0 0.4854716490801373
4218.0 0.4854795361951867
4219.0 0.48548545153147377
4220.0 0.4854893950889985
4221.0 0.48549136686776084
4222.0 0.48549136686776084
4223.0 0.4854893950889985
4224.0 0.48548446564209263
4225.0 0.48547855030580556
4226.0 0.48546967730137497
4227.0 0.48545981840756314
4228.0 0.485447987734989
4229.0 0.4854331993942713
4230.0 0.48541742516417247
4231.0 0.4853996791553112
4232.0 0.4853799613676877
4233.0 0.4853582718013017
4234.0 0.48533461045615345
4235.0 0.48530996322162395
4236.0 0.48528334420833213
4237.0 0.48525475341627794
4238.0 0.4852241908454614
4239.0 0.48519264238526366
4240.0 0.4851591221463036
4241.0 0.4851246160179623
4242.0 0.48508813811085866
4243.0 0.4850496884249927
4244.0 0.4850102528497455
4245.0 0.4849698313851172
4246.0 0.48492743814172656
4247.0 0.4848840590089546
4248.0 0.4848387080974204
4249.0 0.484792371296505
4250.0 0.48474406271682724
4251.0 0.4846947682477683
4252.0 0.4846444878893281
4253.0 0.48459322164150687
4254.0 0.48454096950430436
4255.0 0.48448674558833954
4256.0 0.48443153578299347
4257.0 0.4843753400882663
4258.0 0.48431815850415794
4259.0 0.48425999103066836
4260.0 0.4842008376677976
4261.0 0.4841406984155457
4262.0 0.4840795732739126
4263.0 0.4840174622428984
4264.0 0.4839543653225029
4265.0 0.48389028251272626
4266.0 0.4838261997029496
4267.0 0.4837601451144106
4268.0 0.48369409052587164
4269.0 0.4836270500479515
4270.0 0.4835590236806502
4271.0 0.48349099731334877
4272.0 0.4834209991672851
4273.0 0.48335100102122136
4274.0 0.4832810028751577
4275.0 0.48321001883971276
4276.0 0.48313804891488676
4277.0 0.4830660789900607
4278.0 0.4829931231758534
4279.0 0.48292016736164617
4280.0 0.48284622565805774
4281.0 0.48277228395446936
4282.0 0.48269735636149974
4283.0 0.4826224287685302
4284.0 0.48254750117556056
4285.0 0.48247158769320975
4286.0 0.482395674210859
4287.0 0.48231976072850824
4288.0 0.48224286135677624
4289.0 0.48216596198504424
4290.0 0.4820890626133123
4291.0 0.48201216324158036
4292.0 0.4819352638698484
4293.0 0.4818573786087353
4294.0 0.48177949334762216
4295.0 0.48170259397589016
4296.0 0.48162470871477703
4297.0 0.4815468234536639
4298.0 0.48146893819255077
4299.0 0.48139105293143764
4300.0 0.4813131676703245
4301.0 0.4812352824092113
4302.0 0.4811573971480982
4303.0 0.48107951188698506
4304.0 0.4810016266258719
4305.0 0.48092472725414
4306.0 0.48084684199302685
4307.0 0.4807699426212949
4308.0 0.4806930432495629
4309.0 0.4806151579884498
4310.0 0.48053924450609903
4311.0 0.4804623451343671
4312.0 0.4803854457626351
4313.0 0.48030953228028433
4314.0 0.4802336187979336
4315.0 0.48015869120496396
4316.0 0.48008277772261315
4317.0 0.48000785012964353
4318.0 0.47993292253667397
4319.0 0.47985898083308554
4320.0 0.4797850391294971
4321.0 0.4797110974259087
4322.0 0.4796381416117015
4323.0 0.47956518579749424
4324.0 0.47949222998328694
4325.0 0.4794202600584609
4326.0 0.47934829013363484
4327.0 0.47927730609818997
4328.0 0.4792063220627451
4329.0 0.4791353380273002
4330.0 0.4790653398812365
4331.0 0.47899632762455396
4332.0 0.4789273153678714
4333.0 0.4788583031111889
4334.0 0.4787902767438876
4335.0 0.4787222503765862
4336.0 0.47865520989866606
4337.0 0.47858816942074583
4338.0 0.4785221148322069
4339.0 0.47845704613304907
4340.0 0.4783909915445101
4341.0 0.4783269087347335
4342.0 0.47826282592495684
4343.0 0.4781987431151802
4344.0 0.4781356461947847
4345.0 0.4780735351637705
4346.0 0.47801142413275616
4347.0 0.47794931310174193
4348.0 0.47788917384949003
4349.0 0.47782804870785694
4350.0 0.4777688953449862
4351.0 0.4777087560927342
4352.0 0.47764960272986356
4353.0 0.477591435256374
4354.0 0.4775332677828844
4355.0 0.4774770720881572
4356.0 0.4774198905040488
4357.0 0.4773636948093216
4358.0 0.4773074991145944
4359.0 0.4772522893092484
4360.0 0.4771980653932836
4361.0 0.4771438414773187
4362.0 0.4770896175613539
4363.0 0.47703736542415137
4364.0 0.47698412739756774
4365.0 0.4769318752603653
4366.0 0.476880609012544
4367.0 0.4768293427647226
4368.0 0.4767780765169013
4369.0 0.4767277961584612
4370.0 0.4766785016894023
4371.0 0.47662920722034335
4372.0 0.47657991275128436
4373.0 0.4765316041716066
4374.0 0.4764832955919288
4375.0 0.4764359729016322
4376.0 0.47638865021133564
4377.0 0.4763423134104202
4378.0 0.47629597660950485
4379.0 0.4762496398085894
4380.0 0.4762042888970552
4381.0 0.47615893798552095
4382.0 0.47611358707398677
4383.0 0.47606922205183366
4384.0 0.4760248570296806
4385.0 0.47598147789690876
4386.0 0.4759380987641369
4387.0 0.47589471963136504
4388.0 0.4758513404985931
4389.0 0.47580894725520245
4390.0 0.4757665540118117
4391.0 0.47572514665780224
4392.0 0.4756827534144115
4393.0 0.47564134606040204
4394.0 0.47559993870639244
4395.0 0.47555853135238296
4396.0 0.4755181098877546
4397.0 0.4754776884231263
4398.0 0.475437266958498
4399.0 0.4753968454938696
4400.0 0.4753564240292413
4401.0 0.475316002564613
4402.0 0.47527656698936577
4403.0 0.4752371314141186
4404.0 0.47519670994949026
4405.0 0.47515727437424315
4406.0 0.475117838798996
4407.0 0.4750784032237488
4408.0 0.47503995353788286
4409.0 0.47500051796263565
4410.0 0.47496108238738854
4411.0 0.4749216468121414
4412.0 0.4748822112368942
4413.0 0.47484376155102825
4414.0 0.47480432597578104
4415.0 0.47476489040053393
4416.0 0.4747254548252868
4417.0 0.4746870051394208
4418.0 0.47464756956417364
4419.0 0.4746081339889265
4420.0 0.47456771252429814
4421.0 0.474528276949051
4422.0 0.4744888413738038
4423.0 0.47444940579855666
4424.0 0.4744089843339283
4425.0 0.47436954875868115
4426.0 0.4743291272940528
4427.0 0.47428870582942445
4428.0 0.47424828436479616
4429.0 0.4742078629001678
4430.0 0.4741664555461583
4431.0 0.47412603408153
4432.0 0.47408462672752044
4433.0 0.47404223348412977
4434.0 0.47400082613012023
4435.0 0.4739594187761107
4436.0 0.47391702553272
4437.0 0.47387463228932936
4438.0 0.4738312531565575
4439.0 0.47378885991316677
4440.0 0.4737454807803949
4441.0 0.47370210164762305
4442.0 0.47365773662546995
4443.0 0.4736133716033169
4444.0 0.47356900658116385
4445.0 0.4735246415590108
4446.0 0.47347929064747657
4447.0 0.4734339397359424
4448.0 0.4733885888244081
4449.0 0.4733422520234927
4450.0 0.4732959152225773
4451.0 0.4732485925322807
4452.0 0.47320126984198413
4453.0 0.4731539471516875
4454.0 0.47310662446139096
4455.0 0.47305831588171315
4456.0 0.47301000730203535
4457.0 0.4729607128329764
4458.0 0.4729114183639175
4459.0 0.4728611380054774
4460.0 0.4728118435364184
4461.0 0.4727615631779783
4462.0 0.472710296930157
4463.0 0.4726590306823357
4464.0 0.4726077644345144
4465.0 0.4725555122973119
4466.0 0.47250326016010946
4467.0 0.47245002213352577
4468.0 0.4723967841069421
4469.0 0.4723435460803584
4470.0 0.47228932216439357
4471.0 0.47223509824842874
4472.0 0.4721798884430827
4473.0 0.47212467863773666
4474.0 0.4720684829430095
4475.0 0.4720122872482823
4476.0 0.4719551056641739
4477.0 0.4718979240800656
4478.0 0.4718407424959572
4479.0 0.47178158913308643
4480.0 0.47172342165959685
4481.0 0.4716642682967261
4482.0 0.47160412904447424
4483.0 0.47154398979222234
4484.0 0.4714828646505892
4485.0 0.4714217395089561
4486.0 0.4713596284779418
4487.0 0.4712965315575464
4488.0 0.47123343463715095
4489.0 0.4711693518273743
4490.0 0.4711062549069789
4491.0 0.47104118620782104
4492.0 0.470975131619282
4493.0 0.4709100629201243
4494.0 0.47084302244220405
4495.0 0.4707759819642839
4496.0 0.4707089414863637
4497.0 0.47064091511906236
4498.0 0.4705719028623798
4499.0 0.47050289060569733
4500.0 0.4704328924596336
4501.0 0.47045572579151307
4502.0 0.4704775452149946
4503.0 0.47058362545816784
4504.0 0.47075664296505665
4505.0 0.47094311025607577
4506.0 0.47123693264788236
4507.0 0.47153162853335034
4508.0 0.47183199920396907
4509.0 0.4721360760302305
4510.0 0.4724370980767711
4511.0 0.47272718744593245
4512.0 0.473016165182705
4513.0 0.47330128195490595
4514.0 0.47358522497657063
4515.0 0.4738935899870304
4516.0 0.47425039155394133
4517.0 0.47460704640462104
4518.0 0.4749912385503586
4519.0 0.47537845875530726
4520.0 0.475739002394138
4521.0 0.47606944401825124
4522.0 0.4763990746850657
4523.0 0.476761546500619
4524.0 0.4771228588717583
4525.0 0.47744971287410776
4526.0 0.4777495444767978
4527.0 0.4780442852841491
4528.0 0.47830574921866087
4529.0 0.47856507341243687
4530.0 0.47879190174426767
4531.0 0.4790019033567246
4532.0 0.47917996266148
4533.0 0.47925612796386247
4534.0 0.47933223206412046
4535.0 0.47933391506015793
4536.0 0.4793172298133021
4537.0 0.4792903830404028
4538.0 0.4792436848757083
4539.0 0.4791959589201311
4540.0 0.47915494104804746
4541.0 0.4791134580167687
4542.0 0.47900766054156924
4543.0 0.47882836839288995
4544.0 0.47864495725793055
4545.0 0.478326332867664
4546.0 0.4780088065658316
4547.0 0.4777210332578468
4548.0 0.4774555447526287
4549.0 0.47717498397819225
4550.0 0.47680770940303885
4551.0 0.47644054312571527
4552.0 0.475971511582258
4553.0 0.47545936735287164
4554.0 0.47496073035560415
4555.0 0.4745022668166479
4556.0 0.4740429457755342
4557.0 0.47354440243279505
4558.0 0.4730367895792458
4559.0 0.47257271294750863
4560.0 0.4721816150328478
4561.0 0.47179063795363957
4562.0 0.47134815608981645
4563.0 0.470901328026781
4564.0 0.4703980063407196
4565.0 0.4698345889952613
4566.0 0.46927282940724224
4567.0 0.4687205208448652
4568.0 0.46816939638357435
4569.0 0.46767189498555023
4570.0 0.46721183016883205
4571.0 0.46676945011784005
4572.0 0.4664321671819769
4573.0 0.46609498481801664
4574.0 0.4657228653348264
4575.0 0.46533655300452564
4576.0 0.4649555797360558
4577.0 0.4645888298289288
4578.0 0.46422219312127794
4579.0 0.4639184527517811
4580.0 0.4636285779038245
4581.0 0.4633148285864022
4582.0 0.46296307871398323
4583.0 0.4626104504839129
4584.0 0.46228082511740626
4585.0 0.46195171152826964
4586.0 0.4616813250338574
4587.0 0.46147099765400657
4588.0 0.461255130983068
4589.0 0.4609341682078237
4590.0 0.4606123167580764
4591.0 0.4603530612829659
4592.0 0.46013417947634633
4593.0 0.4599092446458345
4594.0 0.45966033723503663
4595.0 0.45941149320807106
4596.0 0.4591877927745989
4597.0 0.45897487674497284
4598.0 0.45876140986349323
4599.0 0.45854743006045773
4600.0 0.4583334992019467
4601.0 0.4581924883763208
4602.0 0.4580653746430584
4603.0 0.457920629606852
4604.0 0.45774776010895124
4605.0 0.457574923190316
4606.0 0.45737580857663535
4607.0 0.4571763304037219
4608.0 0.4570422831975253
4609.0 0.45697204295759714
4610.0 0.4568973736335323
4611.0 0.4567534307681531
4612.0 0.4566104871713001
4613.0 0.4564397076425879
4614.0 0.45625129041872803
4615.0 0.45607087674802355
4616.0 0.45592232625757095
4617.0 0.4557737994590995
4618.0 0.45561362987030185
4619.0 0.45544772739911854
4620.0 0.4553109000268052
4621.0 0.4552437757683399
4622.0 0.45517664614387493
4623.0 0.45505476414155577
4624.0 0.4549240411287002
4625.0 0.4546437114434166
4626.0 0.45414817684286474
4627.0 0.45365376256701584
4628.0 0.45346493058381393
4629.0 0.4532908083906786
4630.0 0.4533647581336316
4631.0 0.4536694484655256
4632.0 0.4539494765990752
4633.0 0.45393609020162246
4634.0 0.45392365855343864
4635.0 0.4537751694944119
4636.0 0.45354779869069056
4637.0 0.45334991819822984
4638.0 0.4532734103262076
4639.0 0.45319690354527037
4640.0 0.45313516623912925
4641.0 0.4530780226808963
4642.0 0.45301864280501086
4643.0 0.45295309810403245
4644.0 0.45288755195808217
4645.0 0.45276749650643533
4646.0 0.45263842586462905
4647.0 0.4525009840426194
4648.0 0.4523529539306668
4649.0 0.4522059222613826
4650.0 0.45214046372735667
4651.0 0.45207666869217866
4652.0 0.45204282944652435
4653.0 0.4520346783198732
4654.0 0.45201830489242056
4655.0 0.45190911107104426
4656.0 0.45180090442963206
4657.0 0.45172545214016313
4658.0 0.45166860522892555
4659.0 0.4515997286727065
4660.0 0.4514885951620727
4661.0 0.4513765008567918
4662.0 0.4512888725474447
4663.0 0.45120963852436713
4664.0 0.4511216484052535
4665.0 0.45101809469472887
4666.0 0.450915526398435
4667.0 0.4508489586735364
4668.0 0.45078729957612473
4669.0 0.4507121597135031
4670.0 0.45062012971104126
4671.0 0.4505281083095753
4672.0 0.4505191953159175
4673.0 0.45051110828958196
4674.0 0.4504544033695972
4675.0 0.4503571390877336
4676.0 0.4502623102580139
4677.0 0.45018931643355525
4678.0 0.45011730013427076
4679.0 0.4500674343172315
4680.0 0.45002897404665754
4681.0 0.4499763173452316
4682.0 0.44987335023565117
4683.0 0.4497713683653364
4684.0 0.44973738508750905
4685.0 0.449724965592315
4686.0 0.4496971758820508
4687.0 0.4496381991524391
4688.0 0.4495792230496367
4689.0 0.44947182339946934
4690.0 0.4493584522865148
4691.0 0.4492821835509504
4692.0 0.44925124396852395
4693.0 0.44922127161631115
4694.0 0.44913669058817357
4695.0 0.44905309015338085
4696.0 0.4489974580436125
4697.0 0.448964557384943
4698.0 0.44892881349766084
4699.0 0.448864147756149
4700.0 0.4487994840767508
4701.0 0.4487008418810982
4702.0 0.448586449068852
4703.0 0.44850706552633685
4704.0 0.4485480869984707
4705.0 0.4485890839299959
4706.0 0.4486103936597059
4707.0 0.44862645767521714
4708.0 0.4485972965531852
4709.0 0.4484832498174313
4710.0 0.4483692175793104
4711.0 0.4482751829165024
4712.0 0.4481834858675659
4713.0 0.4481310079134297
4714.0 0.4481245522850051
4715.0 0.44811574150782485
4716.0 0.4479921714400112
4717.0 0.4478676446651099
4718.0 0.44777983858922615
4719.0 0.4477206987358287
4720.0 0.4476707114100551
4721.0 0.4476884772362261
4722.0 0.4477052492319723
4723.0 0.4476621716843193
4724.0 0.4475908022529104
4725.0 0.4475166671270951
4726.0 0.4474337689907922
4727.0 0.4473508770917767
4728.0 0.4473227506300008
4729.0 0.44730854682284177
4730.0 0.4472866348892409
4731.0 0.44725103324244914
4732.0 0.44721542490023164
4733.0 0.44714350049130547
4734.0 0.447068084774569
4735.0 0.4470007958539193
4736.0 0.4469426672124891
4737.0 0.44688596754262677
4738.0 0.44687451818658547
4739.0 0.44686402898184857
4740.0 0.4468115306940023
4741.0 0.44673315326383756
4742.0 0.4466561753349667
4743.0 0.4466007109551678
4744.0 0.44654427031014343
4745.0 0.4465033713162463
4746.0 0.4464691265585392
4747.0 0.4464219249161992
4748.0 0.44633689568538637
4749.0 0.4462528468216961
4750.0 0.44617130846113157
4751.0 0.44609059100558834
4752.0 0.4460241161984682
4753.0 0.445978274373597
4754.0 0.4459334012608306
4755.0 0.4458785077241595
4756.0 0.4458228577761239
4757.0 0.44580587221198653
4758.0 0.4458327857454614
4759.0 0.44585525539415805
4760.0 0.44579508882970764
4761.0 0.44573589571639527
4762.0 0.445673769629692
4763.0 0.44561033845552694
4764.0 0.44555132570618056
4765.0 0.4455155073471283
4766.0 0.44548065545064247
4767.0 0.44543640876282964
4768.0 0.4453887208788002
4769.0 0.44533561150793083
4770.0 0.4452642453172657
4771.0 0.44519385609397333
4772.0 0.4451132484921695
4773.0 0.44502957748998623
4774.0 0.4449562628231779
4775.0 0.4448982460053151
4776.0 0.44484022735319667
4777.0 0.44486178824070827
4778.0 0.444888341621826
4779.0 0.4448890677903819
4780.0 0.4448669043353227
4781.0 0.4448403215603286
4782.0 0.4447485262022801
4783.0 0.44465771463699194
4784.0 0.44461293240701016
4785.0 0.4445959654709243
4786.0 0.44457134291430467
4787.0 0.4445056119583748
4788.0 0.44443890652805945
4789.0 0.44440131896034635
4790.0 0.4443741318766714
4791.0 0.4443574795573565
4792.0 0.44436541522462764
4793.0 0.4443743092162611
4794.0 0.44432685667487554
4795.0 0.44427081190899936
4796.0 0.44423156222675997
4797.0 0.44421993841318214
4798.0 0.4442083026694813
4799.0 0.44425735849350867
4800.0 0.4443095304645402
4801.0 0.44434648688151007
4802.0 0.4443678907559041
4803.0 0.44438458167907263
4804.0 0.44433988197555707
4805.0 0.4442951797950731
4806.0 0.44429072354240956
4807.0 0.4443103215430908
4808.0 0.44434288428631086
4809.0 0.4444355400170037
4810.0 0.4445281611553217
4811.0 0.4446040896356559
4812.0 0.44467379214322394
4813.0 0.4447137811797098
4814.0 0.4446822065353988
4815.0 0.44465062745465367
4816.0 0.44466202546540023
4817.0 0.44468180089368436
4818.0 0.44471099982849405
4819.0 0.44475376249502496
4820.0 0.44479748546727965
4821.0 0.44486453321205666
4822.0 0.44493325905219105
4823.0 0.4449973687497754
4824.0 0.4450563118926034
4825.0 0.4451140165254061
4826.0 0.44515869063300095
4827.0 0.445203346509917
4828.0 0.4452478563768377
4829.0 0.4452917242491954
4830.0 0.4453454453370821
4831.0 0.4454380178180354
4832.0 0.4455305647088464
4833.0 0.4455765599257721
4834.0 0.44560801485942525
4835.0 0.445625691117636
4836.0 0.4456105313361324
4837.0 0.4455953669962962
4838.0 0.44558063138904463
4839.0 0.44556467836741626
4840.0 0.4455308701289165
4841.0 0.44546871012764794
4842.0 0.44540852211059206
4843.0 0.44538309121241226
4844.0 0.44535836771162635
4845.0 0.44532415483677734
4846.0 0.4452810223265976
4847.0 0.4452301426693474
4848.0 0.4450919624808424
4849.0 0.4449537980315094
4850.0 0.44484331156478185
4851.0 0.4447472010469472
4852.0 0.4446401172079526
4853.0 0.44449369723370685
4854.0 0.4443463106643382
4855.0 0.44418376028867673
4856.0 0.44401483193072516
4857.0 0.44386728247059204
4858.0 0.44376403121874614
4859.0 0.44366078955998656
4860.0 0.44352726711399465
4861.0 0.4433904745888254
4862.0 0.44324049376161373
4863.0 0.4430759554390848
4864.0 0.44291241354653166
4865.0 0.4427832122995812
4866.0 0.4426553491590524
4867.0 0.4425333242102743
4868.0 0.4424160771347878
4869.0 0.44230447294798053
4870.0 0.44223052937507146
4871.0 0.44215756980002324
4872.0 0.442077497261063
4873.0 0.44199474224502683
4874.0 0.4419004327660602
4875.0 0.4417705697967697
4876.0 0.4416397392595355
4877.0 0.4415674281009154
4878.0 0.4415113477625682
4879.0 0.441448915872172
4880.0 0.44137062429488977
4881.0 0.4412942924661957
4882.0 0.44117894312358
4883.0 0.4410598769992115
4884.0 0.44097662462069936
4885.0 0.4409361613001879
4886.0 0.44089795460667164
4887.0 0.4408886438606323
4888.0 0.44088030889574253
4889.0 0.4408270198585312
4890.0 0.44073841459961516
4891.0 0.4406518380785489
4892.0 0.44058010234138534
4893.0 0.4405083709240432
4894.0 0.4404800517158874
4895.0 0.44047313572019714
4896.0 0.44045496566073855
4897.0 0.4404023901203264
4898.0 0.44034981737254386
4899.0 0.4402675105741039
4900.0 0.4401760694810705
4901.0 0.440121918537994
4902.0 0.4401370099417929
4903.0 0.4401520987407531
4904.0 0.4401447433911282
4905.0 0.4401339182570036
4906.0 0.4401070693128784
4907.0 0.44005929138100236
4908.0 0.44001101031630857
4909.0 0.4399369833014761
4910.0 0.4398639362929715
4911.0 0.43982307002361126
4912.0 0.43980621062377934
4913.0 0.43979197418998917
4914.0 0.43980181722971423
4915.0 0.4398106821669845
4916.0 0.43978613856859444
4917.0 0.4397465877007955
4918.0 0.4397081792301098
4919.0 0.4396761195346236
4920.0 0.4396430856681454
4921.0 0.43964227356647445
4922.0 0.4396497573587553
4923.0 0.4396326024184257
4924.0 0.4395733870002022
4925.0 0.4395132003435437
4926.0 0.43942649589931376
4927.0 0.43933757751521174
4928.0 0.43927805406652004
4929.0 0.43925179564375716
4930.0 0.43922393476562016
4931.0 0.43917481948461207
4932.0 0.4391247320104738
4933.0 0.43908106861736285
4934.0 0.4390408942516377
4935.0 0.4390004804523983
4936.0 0.4389622783421886
4937.0 0.4389240765834088
4938.0 0.4388860108333929
4939.0 0.43884883858509466
4940.0 0.43879768199284697
4941.0 0.4387075546764461
4942.0 0.438617436539116
4943.0 0.43856506864131434
4944.0 0.43852043971403826
4945.0 0.4384671423215302
4946.0 0.4384024058528222
4947.0 0.4383357247275291
4948.0 0.43823353321467784
4949.0 0.4381257585436959
4950.0 0.438047871290515
4951.0 0.4379981582872339
4952.0 0.4379486294937593
4953.0 0.43790256881161627
4954.0 0.43785358385551476
4955.0 0.4377951785442706
4956.0 0.4377285474801853
4957.0 0.43765594330464813
4958.0 0.4375612293924906
4959.0 0.4374645769724962
4960.0 0.4374010422832977
4961.0 0.4373497853179634
4962.0 0.43729308799405897
4963.0 0.43722861670916596
4964.0 0.43716316965516966
4965.0 0.437041235372367
4966.0 0.4369073746233442
4967.0 0.4367966860244518
4968.0 0.43672179045388904
4969.0 0.43664397285223566
4970.0 0.4365479974523521
4971.0 0.4364499571966665
4972.0 0.4363176181380011
4973.0 0.4361500264529814
4974.0 0.4359861614951214
4975.0 0.4358772783585679
4976.0 0.4357664567521818
4977.0 0.43567399805314433
4978.0 0.43559097436872696
4979.0 0.43549503443517545
4980.0 0.4353388791293061
4981.0 0.43518080410214754
4982.0 0.43505980278385015
4983.0 0.4349512829004677
4984.0 0.43485520325485283
4985.0 0.4347933529476107
4986.0 0.4347285606789048
4987.0 0.4345777375725448
4988.0 0.43440995389653
4989.0 0.4342532372739343
4990.0 0.4341164991115427
4991.0 0.4339768533691778
4992.0 0.43380638900973917
4993.0 0.43363377614066856
4994.0 0.43347002261188594
4995.0 0.4333166028690975
4996.0 0.4331636153051262
4997.0 0.43305394396032854
4998.0 0.4329413425725528
4999.0 0.4327975284366974
5000.0 0.4326330561588294
5001.0 0.4324614004250925
5002.0 0.4322584861195837
5003.0 0.43205366806515627
5004.0 0.43191016398934257
5005.0 0.4317865777215966
5006.0 0.4316300277524086
5007.0 0.4314024605472002
5008.0 0.43117300387817364
5009.0 0.4309679860360974
5010.0 0.43076631734533966
5011.0 0.4305777982494168
5012.0 0.4304113891869072
5013.0 0.43024304285320825
5014.0 0.43006916075886853
5015.0 0.42989420431583125
5016.0 0.4297160424647938
5017.0 0.42953482070524435
5018.0 0.42934741032328094
5019.0 0.4291110812472338
5020.0 0.42887189227366634
5021.0 0.4287000990942889
5022.0 0.4285647729500406
5023.0 0.42841891697731344
5024.0 0.4282339775365197
5025.0 0.42804710219810627
5026.0 0.427829795762666
5027.0 0.4276017316147514
5028.0 0.4273744638545346
5029.0 0.4271522662471858
5030.0 0.4269281602598283
5031.0 0.4267338613802874
5032.0 0.4265441606382148
5033.0 0.4263412005221475
5034.0 0.42612228256739854
5035.0 0.4259014496160784
5036.0 0.42568079546701443
5037.0 0.42545920000722937
5038.0 0.42523195042136014
5039.0 0.42499878080267206
5040.0 0.42476615696422443
5041.0 0.4245371982134912
5042.0 0.4243072994080227
5043.0 0.42409605400314604
5044.0 0.4238929049694726
5045.0 0.4236936013272596
5046.0 0.4235077746602794
5047.0 0.4233209640329046
5048.0 0.42311061721059096
5049.0 0.4228922861445023
5050.0 0.42265599826219324
5051.0 0.4223836298189461
5052.0 0.42211035826170407
5053.0 0.42184872811844054
5054.0 0.42158873095227123
5055.0 0.4213530020409023
5056.0 0.42114836959833385
5057.0 0.42094470447275917
5058.0 0.4207418071496932
5059.0 0.4205379373079892
5060.0 0.4203353758425173
5061.0 0.4201321218032121
5062.0 0.419929365061847
5063.0 0.4197306583223872
5064.0 0.4195309738619862
5065.0 0.41929622588289783
5066.0 0.4190428015661617
5067.0 0.41879284576226783
5068.0 0.41855163130160505
5069.0 0.41830948168041565
5070.0 0.41809365662412384
5071.0 0.41788621946556137
5072.0 0.41767514243343246
5073.0 0.41745985398522706
5074.0 0.417244573469889
5075.0 0.4170421424456584
5076.0 0.4168412929581991
5077.0 0.416637061543386
5078.0 0.41642752108296466
5079.0 0.416217871647204
5080.0 0.41599712756665824
5081.0 0.415777366393114
5082.0 0.41554074222322906
5083.0 0.4152914233115302
5084.0 0.41504784006397355
5085.0 0.4148389199025352
5086.0 0.41463000427277247
5087.0 0.41444343376627957
5088.0 0.4142668994070062
5089.0 0.41408220665096285
5090.0 0.41386966070932685
5091.0 0.4136561571688442
5092.0 0.4134510021529245
5093.0 0.41324658397601594
5094.0 0.4130501335516609
5095.0 0.41286486976800807
5096.0 0.41267959223596146
5097.0 0.4124746072043001
5098.0 0.41226855427601483
5099.0 0.4120619762925833
5100.0 0.41185574972296907
5101.0 0.41164958102417204
5102.0 0.41144677345884445
5103.0 0.4112449410676443
5104.0 0.4110334027774811
5105.0 0.410815818718608
5106.0 0.4106054918798324
5107.0 0.41043365767238466
5108.0 0.41026277219232704
5109.0 0.4100387535733106
5110.0 0.40979188172725034
5111.0 0.4095636202861373
5112.0 0.4093881407093969
5113.0 0.40921361598538836
5114.0 0.4090622888920064
5115.0 0.40891614332518933
5116.0 0.40875385534322384
5117.0 0.40856217598925976
5118.0 0.40837050188234586
5119.0 0.4081686227412901
5120.0 0.40796780709383795
5121.0 0.40777082897039874
5122.0 0.40758098541795723
5123.0 0.4073908761078875
5124.0 0.4071919851661042
5125.0 0.4069950446428189
5126.0 0.40679576553284685
5127.0 0.4065965080317427
5128.0 0.4064017491109354
5129.0 0.40622690940103134
5130.0 0.406053033048297
5131.0 0.4059001458479414
5132.0 0.40575677477204264
5133.0 0.4055801007621241
5134.0 0.40530876861897946
5135.0 0.4050384860464939
5136.0 0.4048325202882819
5137.0 0.4046394949787165
5138.0 0.40448396846772733
5139.0 0.4043889467874663
5140.0 0.40429385569923043
5141.0 0.404129195528426
5142.0 0.40396130534968633
5143.0 0.4037857110778511
5144.0 0.40360408290993377
5145.0 0.403422193088059
5146.0 0.403235219537419
5147.0 0.4030492249267059
5148.0 0.40287409464884844
5149.0 0.4027078105555312
5150.0 0.40253788792237805
5151.0 0.4023488998024288
5152.0 0.40215992522417715
5153.0 0.401990063269438
5154.0 0.40182762261308025
5155.0 0.4016593629609768
5156.0 0.40147616628432
5157.0 0.4012929781845894
5158.0 0.4011058674622891
5159.0 0.4009179638751575
5160.0 0.4007314732523301
5161.0 0.4005471833468508
5162.0 0.4003619352791291
5163.0 0.40017615906525517
5164.0 0.39999133231626627
5165.0 0.39980888507146645
5166.0 0.39962978066776017
5167.0 0.39945072115064745
5168.0 0.3992884212137874
5169.0 0.3991251432318213
5170.0 0.3989388715798148
5171.0 0.398740089058307
5172.0 0.3985447834167505
5173.0 0.39837108309041624
5174.0 0.398197380646538
5175.0 0.39799187178445006
5176.0 0.3977740205357809
5177.0 0.39756417295337515
5178.0 0.39736955206120006
5179.0 0.39717591252610224
5180.0 0.39699412895157055
5181.0 0.3968146073567042
5182.0 0.39662271323803155
5183.0 0.39641276189866254
5184.0 0.3962028370964166
5185.0 0.39599346736585045
5186.0 0.3957831787734059
5187.0 0.39559064255281534
5188.0 0.3954135044249247
5189.0 0.39523457299187775
5190.0 0.3950309256473377
5191.0 0.39482633001315914
5192.0 0.3946214507746858
5193.0 0.39441641303177016
5194.0 0.3942133727968508
5195.0 0.3940219318216909
5196.0 0.39383049545902776
5197.0 0.3936266149491354
5198.0 0.39341871768287257
5199.0 0.3932127031054932
5200.0 0.3930091187424352
5201.0 0.3928065144719048
5202.0 0.39259215520841745
5203.0 0.39237718513769815
5204.0 0.3921564834552989
5205.0 0.39192823348432215
5206.0 0.39170001956518535
5207.0 0.39150489167657815
5208.0 0.3913117842044202
5209.0 0.3911267815429225
5210.0 0.39095066546752477
5211.0 0.39076697193976834
5212.0 0.3905068612456294
5213.0 0.3902458509062902
5214.0 0.3899970612452561
5215.0 0.38975419374408515
5216.0 0.38952170966465466
5217.0 0.38932576023992577
5218.0 0.389129811740946
5219.0 0.3889160980952025
5220.0 0.3886980648970974
5221.0 0.38847315131271265
5222.0 0.38823505637377653
5223.0 0.3879979690542604
5224.0 0.3877700597773818
5225.0 0.38754369136663985
5226.0 0.3873244588102402
5227.0 0.38711466343157797
5228.0 0.38690584694717456
5229.0 0.38668442211009046
5230.0 0.38646387015372535
5231.0 0.3862286426742514
5232.0 0.3859809388099197
5233.0 0.38573708158675235
5234.0 0.38551775831328666
5235.0 0.38530038821531487
5236.0 0.38507476237689797
5237.0 0.38484636556281804
5238.0 0.384619464148472
5239.0 0.38439446200156946
5240.0 0.38417045673642575
5241.0 0.383940348337711
5242.0 0.38370941060772773
5243.0 0.383489580598394
5244.0 0.38328736656795853
5245.0 0.3830870925543936
5246.0 0.3828564407872567
5247.0 0.3826215589508127
5248.0 0.38238935249663086
5249.0 0.3821580850701626
5250.0 0.3819287888444368
5251.0 0.38169796253889887
5252.0 0.3814681460486443
5253.0 0.381236023122696
5254.0 0.38100327054220423
5255.0 0.380771388250291
5256.0 0.3805403201998189
5257.0 0.3803102661077758
5258.0 0.3801038994258146
5259.0 0.37990921536059585
5260.0 0.3797067681662087
5261.0 0.379477965621302
5262.0 0.37925017913388254
5263.0 0.37904390119227516
5264.0 0.3788438575443431
5265.0 0.37863295424407517
5266.0 0.3783991509755079
5267.0 0.37816733235645383
5268.0 0.3779509907799611
5269.0 0.377738119377559
5270.0 0.3775414654791302
5271.0 0.37736417642816233
5272.0 0.3771891650915223
5273.0 0.3769542083066659
5274.0 0.376721240342826
5275.0 0.376494572491854
5276.0 0.3762740988650564
5277.0 0.37606290783909724
5278.0 0.3758951781292995
5279.0 0.37573130823497836
5280.0 0.3755462851839299
5281.0 0.3753547213940599
5282.0 0.3751581532109282
5283.0 0.37494149897882845
5284.0 0.3747277797771604
5285.0 0.374537191620088
5286.0 0.374354570121112
5287.0 0.3741689986852812
5288.0 0.37397723282078726
5289.0 0.3737883856518475
5290.0 0.37359826856261913
5291.0 0.3734106544607126
5292.0 0.3732391217598291
5293.0 0.37308641673540627
5294.0 0.3729361270347247
5295.0 0.3727651348137541
5296.0 0.37259704772315855
5297.0 0.37243314319636955
5298.0 0.37227306563200485
5299.0 0.37211511270675235
5300.0 0.3719553042584767
5301.0 0.3717983925310659
5302.0 0.3716218332848501
5303.0 0.3714375615502455
5304.0 0.37126306367368267
5305.0 0.37110921596657237
5306.0 0.3709582568180218
5307.0 0.37080945885942035
5308.0 0.37066242279087447
5309.0 0.37050726205141615
5310.0 0.37033462311223025
5311.0 0.37016486890145744
5312.0 0.3700116955126986
5313.0 0.36986362333319395
5314.0 0.3697229413025779
5315.0 0.36959200248291446
5316.0 0.369462547629952
5317.0 0.369325583049696
5318.0 0.3691914818662501
5319.0 0.36904526284152633
5320.0 0.3688914948966751
5321.0 0.36874351420648943
5322.0 0.3686203648445908
5323.0 0.3685000659664508
5324.0 0.3683713397895407
5325.0 0.3682399065532574
5326.0 0.36809952884017033
5327.0 0.3679301205458111
5328.0 0.36776260244215775
5329.0 0.36762925111874123
5330.0 0.36750676241731256
5331.0 0.3673906204241412
5332.0 0.3672861299599736
5333.0 0.3671835197154149
5334.0 0.36706673299263975
5335.0 0.3669507353180509
5336.0 0.36682852149417894
5337.0 0.36669975771827396
5338.0 0.36657236481917943
5339.0 0.36643838011271207
5340.0 0.3663053120406676
5341.0 0.36616544093630926
5342.0 0.36602034172932485
5343.0 0.3658737550514902
5344.0 0.36571149751477244
5345.0 0.36555013938031455
5346.0 0.3654117243991507
5347.0 0.3652820521706678
5348.0 0.3651675306090448
5349.0 0.3650881480534135
5350.0 0.36501061036604343
5351.0 0.36487929653613754
5352.0 0.364738456378976
5353.0 0.3645852904159832
5354.0 0.36441087226793006
5355.0 0.3642382612053642
5356.0 0.3641279946679573
5357.0 0.36402190046089483
5358.0 0.36391976661689557
5359.0 0.36381964156635666
5360.0 0.3637180611273345
5361.0 0.3635651333944174
5362.0 0.3634130716408815
5363.0 0.363252273318965
5364.0 0.36308551871941624
5365.0 0.36293093550655803
5366.0 0.36282266568876476
5367.0 0.36271619897212487
5368.0 0.36258897909002447
5369.0 0.36245403933646775
5370.0 0.36229859037260237
5371.0 0.3620907369938756
5372.0 0.36188279100792214
5373.0 0.3617249396994784
5374.0 0.36157570632291086
5375.0 0.3614210769794089
5376.0 0.36125871193376613
5377.0 0.36109719187012496
5378.0 0.3609248990999412
5379.0 0.36075303953779025
5380.0 0.3605954341857938
5381.0 0.3604527607852308
5382.0 0.36031068846511427
5383.0 0.3601878028033531
5384.0 0.3600639318858829
5385.0 0.35990191252522574
5386.0 0.35971598495363627
5387.0 0.359528417769055
5388.0 0.3593341404185578
5389.0 0.3591388575859628
5390.0 0.35897551259741367
5391.0 0.35882154580661046
5392.0 0.35866581281166043
5393.0 0.3585060555524299
5394.0 0.35834622276607064
5395.0 0.35817469793311113
5396.0 0.3580002898253692
5397.0 0.3578178740884733
5398.0 0.35762442576294556
5399.0 0.35742998165803425
5400.0 0.35722734953795277
5401.0 0.3570244451059893
5402.0 0.35683108362231614
5403.0 0.3566469867518319
5404.0 0.35646649782715617
5405.0 0.35632322976244707
5406.0 0.35617989479240225
5407.0 0.3560033549885458
5408.0 0.3558088908698257
5409.0 0.3556141725611581
5410.0 0.3554232119509736
5411.0 0.3552321687885569
5412.0 0.35506080339080376
5413.0 0.3548965050374935
5414.0 0.3547238345052966
5415.0 0.3545362698038129
5416.0 0.354348622251904
5417.0 0.3541541886404794
5418.0 0.353959566935721
5419.0 0.3537893389151985
5420.0 0.3536523865073305
5421.0 0.3535153657345272
5422.0 0.35338997386827853
5423.0 0.35326462552955284
5424.0 0.3530962237425751
5425.0 0.35289272366048097
5426.0 0.35268789729393263
5427.0 0.35246384939155995
5428.0 0.3522405890387608
5429.0 0.35206664624248485
5430.0 0.35191940294454543
5431.0 0.3517718739663999
5432.0 0.35162532394576834
5433.0 0.3514786885553683
5434.0 0.3513632590500476
5435.0 0.35125834934001604
5436.0 0.3511363404930421
5437.0 0.3509814531707936
5438.0 0.35082824324061723
5439.0 0.3506521828934335
5440.0 0.350473975160164
5441.0 0.350348578062596
5442.0 0.3502899776263417
5443.0 0.3502330819772857
5444.0 0.3501146415951486
5445.0 0.3499987558394334
5446.0 0.34984214898850363
5447.0 0.3496545667110416
5448.0 0.34947932642212803
5449.0 0.3493843391642476
5450.0 0.34929101453389627
5451.0 0.34923214378082784
5452.0 0.3491919854359753
5453.0 0.34912881478167157
5454.0 0.34898461441958495
5455.0 0.3488420273466904
5456.0 0.34871987562489787
5457.0 0.3486052246548396
5458.0 0.3484965618227272
5459.0 0.34839800424892126
5460.0 0.3483019401725028
5461.0 0.3482362409571936
5462.0 0.3481743932632889
5463.0 0.34812517651278524
5464.0 0.34809035935886523
5465.0 0.3480567316196307
5466.0 0.3479812909391977
5467.0 0.3479074486326784
5468.0 0.3478281670362566
5469.0 0.34774603524625264
5470.0 0.3476690402593008
5471.0 0.34761161107673555
5472.0 0.3475557695040658
5473.0 0.34750764278468727
5474.0 0.34746433478685984
5475.0 0.3474137833580166
5476.0 0.3473377100018145
5477.0 0.34726231410806885
5478.0 0.347211877760195
5479.0 0.34716755424958096
5480.0 0.3471309426905512
5481.0 0.34710288593590993
5482.0 0.3470772579795006
5483.0 0.3470662880702383
5484.0 0.3470581835834566
5485.0 0.34702847683634463
5486.0 0.3469731961650992
5487.0 0.34692160840532216
5488.0 0.34691329734484005
5489.0 0.3469073973703137
5490.0 0.34692453044191546
5491.0 0.3469587959943658
5492.0 0.3469862461586061
5493.0 0.3469645361189709
5494.0 0.3469434769080522
5495.0 0.34689981452752394
5496.0 0.3468481517405721
5497.0 0.3468058503848568
5498.0 0.34679080974127574
5499.0 0.34677640633963364
5500.0 0.3467650497931111
5501.0 0.3467544900560492
5502.0 0.34675529455054355
5503.0 0.346772106795446
5504.0 0.3467904280109067
5505.0 0.3467945708621587
5506.0 0.3467980980410884
5507.0 0.3467904624007659
5508.0 0.3467705846201853
5509.0 0.3467509039370236
5510.0 0.34670273444579425
5511.0 0.34665596433591706
5512.0 0.3466164452605894
5513.0 0.3465822311697263
5514.0 0.3465493648118358
5515.0 0.3465175977965784
5516.0 0.34648722326996717
5517.0 0.3464737401716763
5518.0 0.346468844686841
5519.0 0.3464593563592893
5520.0 0.34643816664399274
5521.0 0.346418354012395
5522.0 0.3464134293104842
5523.0 0.34641350599695997
5524.0 0.34639353127123235
5525.0 0.3463429744238269
5526.0 0.34629288153774024
5527.0 0.3462783346103157
5528.0 0.34626810509613215
5529.0 0.3462387671318989
5530.0 0.34619027454207996
5531.0 0.3461415043704501
5532.0 0.34604933899332835
5533.0 0.34595837107896593
5534.0 0.3459296367176632
5535.0 0.3459415306151731
5536.0 0.34594683785817343
5537.0 0.34591480336435615
5538.0 0.3458856846633321
5539.0 0.34581279598778336
5540.0 0.3457235592831537
5541.0 0.3456472874626245
5542.0 0.345600459179303
5543.0 0.34555564753668555
5544.0 0.34549890437225955
5545.0 0.34544164592422427
5546.0 0.3453643406828591
5547.0 0.34525757445032007
5548.0 0.34515269124530534
5549.0 0.34512924856719923
5550.0 0.3451112599735105
5551.0 0.3450745713323826
5552.0 0.345019882569461
5553.0 0.3449574062716144
5554.0 0.34478779115718405
5555.0 0.3446182757667984
5556.0 0.344440315626272
5557.0 0.34425606628737415
5558.0 0.3440896885350625
5559.0 0.34400291351470136
5560.0 0.3439147422325851
5561.0 0.3437615061959824
5562.0 0.34358357667962613
5563.0 0.3433962423106695
5564.0 0.3431892443554141
5565.0 0.3429798874208083
5566.0 0.3427995859062719
5567.0 0.3426210650283389
5568.0 0.34242366420306536
5569.0 0.34220041651525934
5570.0 0.34197244138005706
5571.0 0.34176503237129413
5572.0 0.34155371942668444
5573.0 0.3413170191299641
5574.0 0.3410557585594076
5575.0 0.34078504541736204
5576.0 0.3404446498357556
5577.0 0.3401011200474951
5578.0 0.33976440728614726
5579.0 0.3394310928083975
5580.0 0.33909517708539955
5581.0 0.3387623776455303
5582.0 0.33842732813438564
5583.0 0.338069957671674
5584.0 0.33770545852056216
5585.0 0.33730462472009665
5586.0 0.3368233161383706
5587.0 0.3363466110915034
5588.0 0.33583730483906993
5589.0 0.33533005908660296
5590.0 0.33488461897089006
5591.0 0.3345217830800367
5592.0 0.3341765721405773
5593.0 0.3337959113177135
5594.0 0.3334391161227243
5595.0 0.3330493766072657
5596.0 0.33264091778644034
5597.0 0.33228226524428106
5598.0 0.33206642189830216
5599.0 0.3319034918400522
5600.0 0.3317914406184591
