# %ECSV 1.0
# ---
# datatype:
# - {name: WAV, unit: Angstrom, datatype: float32}
# - {name: EFF, datatype: float64}
# meta: !!omap
# - {GRISM: 300/5000}
# - {DICHROIC: D560}
# schema: astropy-2.0
WAV EFF
3500.0 0.051036535595490574
3501.0 0.051850880224344385
3502.0 0.05260311382218392
3503.0 0.053298165835915075
3504.0 0.05394096571244375
3505.0 0.05453644289867583
3506.0 0.05508854095213605
3507.0 0.055603175209111455
3508.0 0.05608133155898324
3509.0 0.05652892533803849
3510.0 0.05694792832503954
3511.0 0.057342284077511116
3512.0 0.05771396437421558
3513.0 0.05806691277267764
3514.0 0.05840211516227849
3515.0 0.058722529211161646
3516.0 0.05903111258747065
3517.0 0.05932786529120552
3518.0 0.05961673087989095
3519.0 0.05989770935352695
3520.0 0.060172772490875874
3521.0 0.06044389207070009
3522.0 0.06071106809299959
3523.0 0.06097627233653672
3524.0 0.06124049069069268
3525.0 0.061504709044848636
3526.0 0.061768927399004595
3527.0 0.062035117531922916
3528.0 0.06230327944360358
3529.0 0.06257341313404662
3530.0 0.06284650449263318
3531.0 0.06312353940874446
3532.0 0.06340353199299928
3533.0 0.06368845402416001
3534.0 0.06397633372346426
3535.0 0.06427012875905558
3536.0 0.06456786735217163
3537.0 0.06486954950281237
3538.0 0.06517714698974021
3539.0 0.06548868803419276
3540.0 0.06580417263617003
3541.0 0.06612557257443437
3542.0 0.06645091607022342
3543.0 0.06678118901291837
3544.0 0.06711540551313802
3545.0 0.0674535655708824
3546.0 0.06779566918615149
3547.0 0.06814171635894531
3548.0 0.06849170708926385
3549.0 0.0688446554877259
3550.0 0.06920154744371268
3551.0 0.0695604111784618
3552.0 0.0699222325813545
3553.0 0.07028602576300952
3554.0 0.0706527766128081
3555.0 0.07102149924136902
3556.0 0.07139120775931113
3557.0 0.07176288805601558
3558.0 0.07213555424210122
3559.0 0.07250920631756805
3560.0 0.07288285839303488
3561.0 0.07325749635788287
3562.0 0.07363213432273087
3563.0 0.0740057863981977
3564.0 0.07438042436304569
3565.0 0.0747540764385125
3566.0 0.07512575673521697
3567.0 0.07549743703192142
3568.0 0.07586813143924472
3569.0 0.07623685406780564
3570.0 0.07660360491760422
3571.0 0.07696838398864042
3572.0 0.07733119128091427
3573.0 0.07769202679442577
3574.0 0.07805089052917491
3575.0 0.07840679659578051
3576.0 0.07876073088362376
3577.0 0.07911170750332346
3578.0 0.07945972645487963
3579.0 0.07980577362767344
3580.0 0.08014886313232371
3581.0 0.08048998085821163
3582.0 0.08082715502657482
3583.0 0.08116235741617567
3584.0 0.08149558802701415
3585.0 0.08182487508032792
3586.0 0.08215219035487933
3587.0 0.0824765479612872
3588.0 0.08279794789955154
3589.0 0.08311737605905353
3590.0 0.08343384655041196
3591.0 0.08374834526300805
3592.0 0.08406087219684177
3593.0 0.08437044146253196
3594.0 0.08467803894945979
3595.0 0.08498366465762526
3596.0 0.08528731858702839
3597.0 0.08558998662705032
3598.0 0.08588969699892872
3599.0 0.08618842148142594
3600.0 0.0864851741851608
3601.0 0.08678094099951449
3602.0 0.087075721924487
3603.0 0.08736951696007833
3604.0 0.08766232610628846
3605.0 0.08795414936311743
3606.0 0.0882459726199464
3607.0 0.08853680998739419
3608.0 0.08882764735484198
3609.0 0.08911848472228978
3610.0 0.08940932208973756
3611.0 0.08970114534656652
3612.0 0.0899929686033955
3613.0 0.09028479186022448
3614.0 0.0905785868958158
3615.0 0.09087238193140712
3616.0 0.0911681487457608
3617.0 0.09146490144949566
3618.0 0.09176362593199289
3619.0 0.09206432219325247
3620.0 0.09236600434389322
3621.0 0.09267064416267752
3622.0 0.09297725576022417
3623.0 0.09328682502591436
3624.0 0.09359935195974808
3625.0 0.09391385067234417
3626.0 0.09423130705308379
3627.0 0.09455270699134814
3628.0 0.09487805048713718
3629.0 0.09520635165106978
3630.0 0.09553859637252708
3631.0 0.09587379876212793
3632.0 0.09621491648801583
3633.0 0.0965589918820473
3634.0 0.09690799672298463
3635.0 0.09726193101082789
3636.0 0.09761980885619582
3637.0 0.09798360203785086
3638.0 0.09835232466641179
3639.0 0.09872597674187862
3640.0 0.09910455826425134
3641.0 0.09948905512291112
3642.0 0.0998784814284768
3643.0 0.10027382307032956
3644.0 0.1006750800484694
3645.0 0.10108126647351512
3646.0 0.10149336823484792
3647.0 0.1019113853324678
3648.0 0.10233531776637475
3649.0 0.10276516553656875
3650.0 0.10320092864304985
3651.0 0.1036435929751992
3652.0 0.10409118675425444
3653.0 0.10454469586959676
3654.0 0.10500510621060734
3655.0 0.10547143188790498
3656.0 0.10594268701210852
3657.0 0.10642182925136148
3658.0 0.10690590093752035
3659.0 0.10739687384934746
3660.0 0.10789376209746164
3661.0 0.10839656568186291
3662.0 0.10890627049193242
3663.0 0.10942090474890784
3664.0 0.1099424402315515
3665.0 0.11046989105048223
3666.0 0.11100325720570005
3667.0 0.11154253869720493
3668.0 0.11208773552499689
3669.0 0.11263884768907592
3670.0 0.11319488930006084
3671.0 0.11375783213671403
3672.0 0.1143257044202731
3673.0 0.11489949204011925
3674.0 0.11547919499625246
3675.0 0.11606382739929158
3676.0 0.11665437513861777
3677.0 0.11724886643546868
3678.0 0.11785025895798784
3679.0 0.1184555950380317
3680.0 0.11906586056498149
3681.0 0.11968105553883715
3682.0 0.12030117995959871
3683.0 0.12092524793788498
3684.0 0.12155424536307714
3685.0 0.12218718634579404
3686.0 0.1228250567754168
3687.0 0.12346588487318313
3688.0 0.12411164241785533
3689.0 0.12476035763067107
3690.0 0.12541301640101152
3691.0 0.1260696187288767
3692.0 0.12672917872488543
3693.0 0.1273907104996565
3694.0 0.1280561858319523
3695.0 0.1287246188323916
3696.0 0.1293950236115933
3697.0 0.13006838605893853
3698.0 0.13074372028504613
3699.0 0.13142201217929722
3700.0 0.13210128996292952
3701.0 0.132781553635943
3702.0 0.1334647749771
3703.0 0.13414799631825702
3704.0 0.13483318943817638
3705.0 0.13551936844747692
3706.0 0.13620653334615865
3707.0 0.13689369824484038
3708.0 0.1375818490329033
3709.0 0.13826999982096622
3710.0 0.13895815060902908
3711.0 0.1396472872864732
3712.0 0.14033642396391727
3713.0 0.14102556064136135
3714.0 0.14171469731880545
3715.0 0.14240284810686835
3716.0 0.14309099889493124
3717.0 0.14377914968299416
3718.0 0.1444663145816759
3719.0 0.14515249359097643
3720.0 0.1458376867108958
3721.0 0.146521893941434
3722.0 0.147205115282591
3723.0 0.14788735073436682
3724.0 0.14856860029676147
3725.0 0.14924787808039378
3726.0 0.14992518408526373
3727.0 0.15060150420075247
3728.0 0.15127683842686004
3729.0 0.1519492149848241
3730.0 0.15261961976402577
3731.0 0.1532880527644651
3732.0 0.15395549987552323
3733.0 0.15461900342905668
3734.0 0.15528152109320895
3735.0 0.15594108108921767
3736.0 0.15659768341708283
3737.0 0.15725231396618566
3738.0 0.15790398684714493
3739.0 0.15855270205996067
3740.0 0.15919944549401407
3741.0 0.15984224537054273
3742.0 0.1604820875789279
3743.0 0.16111995800855064
3744.0 0.16175289899126755
3745.0 0.16238386819522208
3746.0 0.16301089384165188
3747.0 0.16363496181993817
3748.0 0.1642560721300809
3749.0 0.16487225299331773
3750.0 0.16548646207779222
3751.0 0.16609574171536082
3752.0 0.16670206368478585
3753.0 0.16730444209668618
3754.0 0.16790386284044298
3755.0 0.16849835413729392
3756.0 0.1690889018766201
3757.0 0.16967649194780277
3758.0 0.1702591525720795
3759.0 0.1708388555282127
3760.0 0.17141362903744004
3761.0 0.17198544487852382
3762.0 0.17255233127270175
3763.0 0.17311527410935493
3764.0 0.1736742733884834
3765.0 0.17422834322070593
3766.0 0.17477945538478498
3767.0 0.17532563810195811
3768.0 0.17586787726160652
3769.0 0.17640518697434907
3770.0 0.17693953901894804
3771.0 0.17746896161664114
3772.0 0.17799345476742837
3773.0 0.17851499025007203
3774.0 0.17903159628580978
3775.0 0.17954425876402283
3776.0 0.18005199179533
3777.0 0.18055676715849361
3778.0 0.18105661307475135
3779.0 0.18155152954410317
3780.0 0.18204348834531148
3781.0 0.18253051769961387
3782.0 0.18301360349639154
3783.0 0.18349274573564453
3784.0 0.18396695852799158
3785.0 0.18443821365219512
3786.0 0.18490453932949277
3787.0 0.1853669214492657
3788.0 0.18582536001151392
3789.0 0.1862798550162374
3790.0 0.18673040646343617
3791.0 0.18717701435311024
3792.0 0.18761967868525958
3793.0 0.18805839945988423
3794.0 0.18849317667698415
3795.0 0.1889249962259405
3796.0 0.18935188632799102
3797.0 0.18977581876189795
3798.0 0.19019580763828017
3799.0 0.1906128388465189
3800.0 0.19102494060785166
3801.0 0.1914350705904221
3802.0 0.19184125701546786
3803.0 0.19224349988298886
3804.0 0.19264278508236632
3805.0 0.19303911261360027
3806.0 0.1934314965873095
3807.0 0.19382092289287517
3808.0 0.1942073915302973
3809.0 0.19459090249957592
3810.0 0.19497145580071099
3811.0 0.19534905143370251
3812.0 0.19572368939855053
3813.0 0.19609536969525498
3814.0 0.19646409232381593
3815.0 0.1968308431736145
3816.0 0.19719463635526951
3817.0 0.19755547186878103
3818.0 0.19791433560353017
3819.0 0.19827122755951695
3820.0 0.19862516184736018
3821.0 0.19897712435644108
3822.0 0.1993271150867596
3823.0 0.19967513403831574
3824.0 0.20002118121110957
3825.0 0.20036427071575985
3826.0 0.20070637433102895
3827.0 0.20104650616753567
3828.0 0.20138565211466122
3829.0 0.20172184039364327
3830.0 0.20205802867262526
3831.0 0.20239125928346377
3832.0 0.20272448989430225
3833.0 0.20305574872637838
3834.0 0.20338602166907332
3835.0 0.2037153087223871
3836.0 0.2040426239969385
3837.0 0.20436993927148991
3838.0 0.20469626865666013
3839.0 0.20502161215244918
3840.0 0.20534695564823824
3841.0 0.2056713132546461
3842.0 0.2059946849716728
3843.0 0.2063180566886995
3844.0 0.20664142840572622
3845.0 0.2069638142333717
3846.0 0.2072871859503984
3847.0 0.20760957177804393
3848.0 0.20793195760568944
3849.0 0.20825532932271615
3850.0 0.20857870103974283
3851.0 0.20890207275676953
3852.0 0.2092254444737962
3853.0 0.20954980208020407
3854.0 0.20987514557599316
3855.0 0.2102004890717822
3856.0 0.2105278043463336
3857.0 0.21085511962088502
3858.0 0.2111834207848176
3859.0 0.21151369372751258
3860.0 0.21184396667020752
3861.0 0.2121762113916648
3862.0 0.2125094420025033
3863.0 0.21284464439210413
3864.0 0.21318181856046733
3865.0 0.2135199786182117
3866.0 0.2138591245653373
3867.0 0.21420024229122517
3868.0 0.21454333179587545
3869.0 0.2148874071899069
3870.0 0.2152344402520819
3871.0 0.2155814733142569
3872.0 0.21593146404457542
3873.0 0.21628244066427513
3874.0 0.2166353890627372
3875.0 0.21699030923996163
3876.0 0.2173462153065672
3877.0 0.21770507904131634
3878.0 0.21806492866544666
3879.0 0.21842675006833934
3880.0 0.2187905432499944
3881.0 0.21915532232103058
3882.0 0.21952305906021033
3883.0 0.21989276757815243
3884.0 0.2202644478748569
3885.0 0.22063711406094252
3886.0 0.2210127379151717
3887.0 0.22138934765878207
3888.0 0.22176891507053598
3889.0 0.22215045426105223
3890.0 0.22253396523033084
3891.0 0.2229194479783718
3892.0 0.22330690250517513
3893.0 0.2236963288107408
3894.0 0.22408772689506884
3895.0 0.22448208264754044
3896.0 0.2248774242893932
3897.0 0.2252757235993895
3898.0 0.22567599468814814
3899.0 0.22607922344505033
3900.0 0.2264834380913337
3901.0 0.2268906104057606
3902.0 0.22729975449894987
3903.0 0.22771185626028267
3904.0 0.22812494391099666
3905.0 0.22854098922985416
3906.0 0.2289599922168552
3907.0 0.22938096698261864
3908.0 0.22980391352714438
3909.0 0.23022883185043252
3910.0 0.23065670784186418
3911.0 0.23108754150143937
3912.0 0.23152034693977694
3913.0 0.23195512415687686
3914.0 0.23239285904212031
3915.0 0.23283256570612612
3916.0 0.23327424414889428
3917.0 0.23371986614918716
3918.0 0.23416647403886123
3919.0 0.23461603959667882
3920.0 0.23506856282263996
3921.0 0.23552305782736346
3922.0 0.23598051050023047
3923.0 0.2364399349518599
3924.0 0.23690133118225165
3925.0 0.23736667097016811
3926.0 0.23783299664746574
3927.0 0.23830326588228812
3928.0 0.2387755068958728
3929.0 0.2392497196882199
3930.0 0.23972689014871051
3931.0 0.24020701827734464
3932.0 0.24068911818474115
3933.0 0.24117318987090003
3934.0 0.24166120511458358
3935.0 0.24215020624764835
3936.0 0.24264315093823782
3937.0 0.24313806740758967
3938.0 0.24363495565570387
3939.0 0.24413578746134273
3940.0 0.24463760515636282
3941.0 0.24514336640890766
3942.0 0.2456501135508336
3943.0 0.2461608042502843
3944.0 0.24667346672849735
3945.0 0.24718810098547278
3946.0 0.24770569291059172
3947.0 0.24822624250385417
3948.0 0.24874876387587905
3949.0 0.24927325702666622
3950.0 0.24980070784559696
3951.0 0.25033111633267124
3952.0 0.2508634965985079
3953.0 0.251398834532488
3954.0 0.2519361442452306
3955.0 0.2524754257367355
3956.0 0.2530176648963839
3957.0 0.25356187583479467
3958.0 0.25410904444134896
3959.0 0.25465818482666563
3960.0 0.25521028288012587
3961.0 0.25576435271234843
3962.0 0.25632039432333337
3963.0 0.2568793936024618
3964.0 0.2574393787709715
3965.0 0.2580033074970058
3966.0 0.2585682221124213
3967.0 0.25913609439598045
3968.0 0.25970593845830187
3969.0 0.26027775429938566
3970.0 0.26085252780861296
3971.0 0.2614282872072215
3972.0 0.26200700427397355
3973.0 0.26258769311948793
3974.0 0.2631703537437647
3975.0 0.2637549861468038
3976.0 0.26434159032860527
3977.0 0.2649301662891691
3978.0 0.26552071402849525
3979.0 0.26611323354658384
3980.0 0.26670772484343475
3981.0 0.267304187919048
3982.0 0.26790262277342364
3983.0 0.26850204351718043
3984.0 0.26910442192908074
3985.0 0.2697077862303623
3986.0 0.27031312231040616
3987.0 0.2709194442798312
3988.0 0.27152872391739985
3989.0 0.27213898944434955
3990.0 0.2727502408606805
3991.0 0.27336346405577383
3992.0 0.2739786590296295
3993.0 0.27459483989286637
3994.0 0.27521200664548434
3995.0 0.27583114517686474
3996.0 0.2764512695976263
3997.0 0.2770733657971502
3998.0 0.2776964478860553
3999.0 0.2783205158643416
4000.0 0.27894556973200907
4001.0 0.2795725953784388
4002.0 0.2801996210248687
4003.0 0.2808286184500608
4004.0 0.281457615875253
4005.0 0.2820885850792075
4006.0 0.28271955428316203
4007.0 0.2833515093764978
4008.0 0.2839844503592146
4009.0 0.28461837723131267
4010.0 0.28525230410341074
4011.0 0.2858882027542712
4012.0 0.2865231155157504
4013.0 0.2871590141666108
4014.0 0.2877958987068524
4015.0 0.28843278324709404
4016.0 0.28907065367671686
4017.0 0.28970753821695844
4018.0 0.2903454086465812
4019.0 0.29098426496558516
4020.0 0.2916221353952079
4021.0 0.29226000582483075
4022.0 0.29289886214383465
4023.0 0.29353673257345747
4024.0 0.29417460300308024
4025.0 0.294812473432703
4026.0 0.29545034386232577
4027.0 0.29608821429194854
4028.0 0.29672509883219017
4029.0 0.2973609974830506
4030.0 0.2979978820232922
4031.0 0.2986327947847714
4032.0 0.2992677075462507
4033.0 0.2999016344183488
4034.0 0.30053556129044684
4035.0 0.30116751638378253
4036.0 0.30179947147711816
4037.0 0.30242945479169153
4038.0 0.3030594381062649
4039.0 0.3036884355314571
4040.0 0.3043154611778868
4041.0 0.3049424868243167
4042.0 0.30556754069198416
4043.0 0.30619160867027045
4044.0 0.3068156766485567
4045.0 0.3074377728480806
4046.0 0.3080588831582234
4047.0 0.30867802168960373
4048.0 0.3092971602209841
4049.0 0.30991432697360216
4050.0 0.31053050783683894
4051.0 0.31114570281069465
4052.0 0.3117599118951691
4053.0 0.31237214920088124
4054.0 0.3129834006172122
4055.0 0.31359268025478076
4056.0 0.3142019598923494
4057.0 0.3148092677511556
4058.0 0.3154146038311995
4059.0 0.3160199399112434
4060.0 0.3166233042125249
4061.0 0.31722469673504405
4062.0 0.317825103368182
4063.0 0.3184245241119388
4064.0 0.31902197307693325
4065.0 0.3196174502631653
4066.0 0.32021194156001626
4067.0 0.3208054469674859
4068.0 0.3213969805961933
4069.0 0.3219875283355195
4070.0 0.32257610429608335
4071.0 0.32316270847788486
4072.0 0.32374832677030513
4073.0 0.324331973283963
4074.0 0.3249146339082398
4075.0 0.3254953227537542
4076.0 0.32607403982050626
4077.0 0.3266517709978771
4078.0 0.3272275303964856
4079.0 0.3278013180163317
4080.0 0.3283741197467967
4081.0 0.3289449496984993
4082.0 0.32951380787143963
4083.0 0.33008069426561754
4084.0 0.3306465947704142
4085.0 0.3312105234964486
4086.0 0.3317724804437206
4087.0 0.33233246561223023
4088.0 0.3328914648913587
4089.0 0.3334475065023436
4090.0 0.33400256222394736
4091.0 0.33455564616678873
4092.0 0.3351077442202489
4093.0 0.33565688460556564
4094.0 0.33620405321211994
4095.0 0.33675023592929304
4096.0 0.3372934609783227
4097.0 0.3378357001379711
4098.0 0.3383759675188572
4099.0 0.33891426312098083
4100.0 0.33945058694434216
4101.0 0.3399849389889412
4102.0 0.34051731925477785
4103.0 0.3410477277418521
4104.0 0.34157616445016403
4105.0 0.3421036152690947
4106.0 0.34262810841988195
4107.0 0.3431506297919068
4108.0 0.3436711793851693
4109.0 0.3441897571996694
4110.0 0.34470734912478834
4111.0 0.34522198338176374
4112.0 0.3457346458599768
4113.0 0.3462453365594275
4114.0 0.34675405548011584
4115.0 0.34726080262204184
4116.0 0.3477655779852054
4117.0 0.3482683815696067
4118.0 0.34876921337524563
4119.0 0.3492680734021222
4120.0 0.34976397576085516
4121.0 0.350258892230207
4122.0 0.3507518369207965
4123.0 0.35124182394324244
4124.0 0.351729839186926
4125.0 0.3522168685412284
4126.0 0.35270094022738724
4127.0 0.35318304013478374
4128.0 0.3536631682634179
4129.0 0.3541413246132897
4130.0 0.3546175091843991
4131.0 0.3550907360873651
4132.0 0.3555629771009497
4133.0 0.3560332463357721
4134.0 0.35650055790245094
4135.0 0.3569668835797486
4136.0 0.3574302515889026
4137.0 0.35789164781929445
4138.0 0.35835107227092383
4139.0 0.35880852494379084
4140.0 0.35926400583789553
4141.0 0.35971751495323784
4142.0 0.36016806640043664
4143.0 0.36061763195825425
4144.0 0.3610642398479283
4145.0 0.36150986184822115
4146.0 0.3619525261803705
4147.0 0.3623932187337575
4148.0 0.36283292539776335
4149.0 0.36326967439362556
4150.0 0.3637044516107255
4151.0 0.364137257049063
4152.0 0.36456809070863827
4153.0 0.3649959667000699
4154.0 0.3654228568021204
4155.0 0.36584777512540856
4156.0 0.3662707216699343
4157.0 0.3666916964356977
4158.0 0.36710971353331756
4159.0 0.3675267447415563
4160.0 0.3679418041710326
4161.0 0.36835390593236544
4162.0 0.36876502180431703
4163.0 0.3691741658975063
4164.0 0.369580352322552
4165.0 0.36998555285821655
4166.0 0.3703887816151188
4167.0 0.3707900385932586
4168.0 0.3711893237926361
4169.0 0.3715866372132512
4170.0 0.3719819788551039
4171.0 0.37237534871819433
4172.0 0.37276674680252236
4173.0 0.373156173108088
4174.0 0.37354461352427254
4175.0 0.37393009627231355
4176.0 0.37431360724159213
4177.0 0.3746961323214896
4178.0 0.37507569973324345
4179.0 0.3754542812556162
4180.0 0.37583089099922656
4181.0 0.37620454307469336
4182.0 0.37657819515016017
4183.0 0.37694790366810227
4184.0 0.3773166262966632
4185.0 0.3776833771464618
4186.0 0.3780491421068792
4187.0 0.378411949399153
4188.0 0.37877278491266453
4189.0 0.3791326345367948
4190.0 0.3794895264927816
4191.0 0.37984543255938724
4192.0 0.3801993668472305
4193.0 0.38055132935631136
4194.0 0.38090132008662986
4195.0 0.38124933903818603
4196.0 0.3815953862109798
4197.0 0.3819394616050113
4198.0 0.3822825511096616
4199.0 0.3826236688355495
4200.0 0.3829628147826751
4201.0 0.38329900306165704
4202.0 0.3836351913406391
4203.0 0.38396842195147757
4204.0 0.3843006666729349
4205.0 0.38462995372624864
4206.0 0.3849582548901812
4207.0 0.3852845842753515
4208.0 0.3856089418817593
4209.0 0.38593231359878605
4210.0 0.3862537135370504
4211.0 0.3865731416965524
4212.0 0.386890598077292
4213.0 0.3872060826792692
4214.0 0.38752058139186535
4215.0 0.38783310832569906
4216.0 0.38814366348077045
4217.0 0.3884532327464606
4218.0 0.3887608302333884
4219.0 0.3890664559415539
4220.0 0.389370109870957
4221.0 0.389672777910979
4222.0 0.38997347417223854
4223.0 0.3902721986547358
4224.0 0.39056993724785183
4225.0 0.3908657040622055
4226.0 0.391160484987178
4227.0 0.39145329413338814
4228.0 0.3917441315008359
4229.0 0.3920339829789026
4230.0 0.3923218626782068
4231.0 0.3926077705987487
4232.0 0.3928926926299094
4233.0 0.39317662877168896
4234.0 0.39345760724532497
4235.0 0.393738585718961
4236.0 0.39401759241383455
4237.0 0.3942946273299459
4238.0 0.394570676356676
4239.0 0.3948447536046438
4240.0 0.39511784496323027
4241.0 0.3953889645430545
4242.0 0.39565909823349754
4243.0 0.3959282460345594
4244.0 0.39619542205685887
4245.0 0.396460626300396
4246.0 0.3967258305439331
4247.0 0.39698906300870795
4248.0 0.39725032369472035
4249.0 0.3975105984913516
4250.0 0.3977698873986017
4251.0 0.39802819041647053
4252.0 0.39828452165557704
4253.0 0.3985398670053024
4254.0 0.3987932405762654
4255.0 0.3990466141472284
4256.0 0.39929801593942904
4257.0 0.3995484318422485
4258.0 0.3997968759663056
4259.0 0.40004532009036264
4260.0 0.40029179243565743
4261.0 0.400537278891571
4262.0 0.40078177945810334
4263.0 0.4010243082458734
4264.0 0.40126683703364335
4265.0 0.40150739404265107
4266.0 0.40174696516227754
4267.0 0.4019855503925229
4268.0 0.40222413562276815
4269.0 0.4024597631848699
4270.0 0.4026953907469717
4271.0 0.4029300324196923
4272.0 0.4031636882030317
4273.0 0.40339635809698987
4274.0 0.40362705621218575
4275.0 0.4038577543273817
4276.0 0.4040864806638152
4277.0 0.4043152070002487
4278.0 0.404542947447301
4279.0 0.4047697020049722
4280.0 0.40499547067326214
4281.0 0.40522025345217094
4282.0 0.40544405034169856
4283.0 0.405666861341845
4284.0 0.4058886864526103
4285.0 0.4061105115633755
4286.0 0.4063303648953785
4287.0 0.40655021822738135
4288.0 0.4067690856700031
4289.0 0.4069869672232437
4290.0 0.40720386288710303
4291.0 0.4074197726615812
4292.0 0.4076356824360594
4293.0 0.4078506063211564
4294.0 0.4080655302062534
4295.0 0.40827848231258806
4296.0 0.4084914344189227
4297.0 0.4087034006358762
4298.0 0.4089153668528297
4299.0 0.4091253612910208
4300.0 0.4093353557292119
4301.0 0.409545350167403
4302.0 0.40975435871621296
4303.0 0.40996238137564167
4304.0 0.41017040403507044
4305.0 0.410377440805118
4306.0 0.41058447757516564
4307.0 0.410790528455832
4308.0 0.4109955934471173
4309.0 0.4112006584384025
4310.0 0.4114057234296877
4311.0 0.41160980253159174
4312.0 0.41181289574411456
4313.0 0.41201598895663744
4314.0 0.4122190821691603
4315.0 0.412421189492302
4316.0 0.4126232968154437
4317.0 0.41282441824920424
4318.0 0.4130255396829647
4319.0 0.4132266611167252
4320.0 0.41342679666110455
4321.0 0.41362693220548385
4322.0 0.413826081860482
4323.0 0.41402621740486134
4324.0 0.4142253670598595
4325.0 0.41442353082547645
4326.0 0.4146226804804746
4327.0 0.41482084424609156
4328.0 0.41501900801170855
4329.0 0.41521618588794434
4330.0 0.4154143496535613
4331.0 0.4156115275297971
4332.0 0.4158087054060329
4333.0 0.4160058832822687
4334.0 0.4162020752691233
4335.0 0.416399253145359
4336.0 0.41659544513221364
4337.0 0.41679163711906825
4338.0 0.4169888149953041
4339.0 0.41718500698215866
4340.0 0.41738021307963213
4341.0 0.41757640506648674
4342.0 0.41777259705334135
4343.0 0.41796878904019596
4344.0 0.4181649810270506
4345.0 0.418360187124524
4346.0 0.4185563791113786
4347.0 0.4187525710982332
4348.0 0.41894777719570664
4349.0 0.41914396918256125
4350.0 0.41934016116941586
4351.0 0.41953635315627047
4352.0 0.4197325451431251
4353.0 0.4199287371299797
4354.0 0.4201249291168343
4355.0 0.4203211211036889
4356.0 0.4205173130905435
4357.0 0.4207144909667793
4358.0 0.42091068295363393
4359.0 0.4211078608298697
4360.0 0.42130503870610553
4361.0 0.42150221658234127
4362.0 0.42169939445857707
4363.0 0.42189657233481287
4364.0 0.42209473610042986
4365.0 0.42229289986604684
4366.0 0.4224910636316637
4367.0 0.4226892273972807
4368.0 0.4228873911628977
4369.0 0.4230865408178959
4370.0 0.423285690472894
4371.0 0.4234848401278921
4372.0 0.4236849756722715
4373.0 0.4238851112166508
4374.0 0.42408524676103015
4375.0 0.4242863681947906
4376.0 0.4244874896285511
4377.0 0.42468861106231165
4378.0 0.42489071838545334
4379.0 0.42509282570859497
4380.0 0.4252949330317367
4381.0 0.4254970403548784
4382.0 0.4257001335674012
4383.0 0.4259042126693053
4384.0 0.42610829177120935
4385.0 0.4263123708731134
4386.0 0.4265174358643986
4387.0 0.4267225008556838
4388.0 0.426927565846969
4389.0 0.42713361672763545
4390.0 0.427340653497683
4391.0 0.4275476902677306
4392.0 0.42775472703777817
4393.0 0.4279627496972069
4394.0 0.4281707723566357
4395.0 0.4283797809054456
4396.0 0.42858977534363674
4397.0 0.4287997697818279
4398.0 0.42900976422001896
4399.0 0.42922074454759124
4400.0 0.42943172487516357
4401.0 0.42964369109211703
4402.0 0.4298566431984517
4403.0 0.43006959530478633
4404.0 0.4302835333005022
4405.0 0.430497471296218
4406.0 0.43071239518131504
4407.0 0.430927319066412
4408.0 0.4311432288408902
4409.0 0.4313591386153684
4410.0 0.43157702016860894
4411.0 0.4317939158324683
4412.0 0.43201278327509
4413.0 0.43223165071771175
4414.0 0.4324505181603335
4415.0 0.4326713573817176
4416.0 0.4328912107137205
4417.0 0.43311303582448574
4418.0 0.43333486093525103
4419.0 0.43355767193539746
4420.0 0.43378048293554394
4421.0 0.4340042798250715
4422.0 0.4342290626039803
4423.0 0.4344538453828891
4424.0 0.4346796140511791
4425.0 0.43490636860885024
4426.0 0.4351331231665214
4427.0 0.43536086361357373
4428.0 0.43558958995000724
4429.0 0.43581930217582193
4430.0 0.4360490144016367
4431.0 0.4362797125168325
4432.0 0.4365104106320284
4433.0 0.43674209463660546
4434.0 0.43697476453056366
4435.0 0.4372084203139031
4436.0 0.4374420760972425
4437.0 0.4376767177699631
4438.0 0.4379123453320649
4439.0 0.4381479728941666
4440.0 0.4383845863456496
4441.0 0.43862218568651373
4442.0 0.438860770916759
4443.0 0.4390993561470043
4444.0 0.4393389272666308
4445.0 0.4395794842756385
4446.0 0.43982004128464613
4447.0 0.44006257007241617
4448.0 0.44030509886018615
4449.0 0.4405476276479562
4450.0 0.4407921282144886
4451.0 0.44103662878102096
4452.0 0.4412821152369345
4453.0 0.44152760169284805
4454.0 0.44177505992752397
4455.0 0.4420225181621999
4456.0 0.4422699763968758
4457.0 0.44251940641031406
4458.0 0.44276883642375237
4459.0 0.4430192523265718
4460.0 0.4432706541187724
4461.0 0.4435230418003543
4462.0 0.44377542948193605
4463.0 0.44402880305289905
4464.0 0.44428217662386205
4465.0 0.4445375219735874
4466.0 0.4447928673233127
4467.0 0.44504919856241926
4468.0 0.44530552980152577
4469.0 0.44556383281939466
4470.0 0.4458221358372636
4471.0 0.44608043885513243
4472.0 0.4463397277623825
4473.0 0.4466000025590138
4474.0 0.4468612632450262
4475.0 0.4471225239310386
4476.0 0.4473847705064322
4477.0 0.4476470170818258
4478.0 0.4479102495466005
4479.0 0.44817348201137536
4480.0 0.44843770036553127
4481.0 0.4487029046090684
4482.0 0.44896810885260563
4483.0 0.44923331309614273
4484.0 0.449499503229061
4485.0 0.44976667925136055
4486.0 0.45003385527366
4487.0 0.4503010312959595
4488.0 0.45056919320764016
4489.0 0.45083834100870207
4490.0 0.45110650292038273
4491.0 0.4513766366108257
4492.0 0.45164578441188763
4493.0 0.45191591810233067
4494.0 0.45218605179277366
4495.0 0.45245717137259783
4496.0 0.4527282909524221
4497.0 0.4529994105322463
4498.0 0.45327151600145166
4499.0 0.4535426355812759
4500.0 0.4538147410504813
4501.0 0.45417745181805647
4502.0 0.45453928410248157
4503.0 0.4549846588610536
4504.0 0.4554950604181111
4505.0 0.45601884285066535
4506.0 0.4566489494288681
4507.0 0.45728047279040956
4508.0 0.45791897516217667
4509.0 0.45856262086722394
4510.0 0.4592038575722772
4511.0 0.45983598105373624
4512.0 0.46046853225253426
4513.0 0.4610978666665102
4514.0 0.4617265958774211
4515.0 0.4623806626973449
4516.0 0.4630835757740599
4517.0 0.46378699868967843
4518.0 0.4645189813384584
4519.0 0.4652546258602966
4520.0 0.4659658247710692
4521.0 0.46664718308914005
4522.0 0.4673303507646872
4523.0 0.4680453804443975
4524.0 0.46876193328661786
4525.0 0.46944427680557305
4526.0 0.47010164234583096
4527.0 0.47075457962850165
4528.0 0.4713752996961247
4529.0 0.47199541673736306
4530.0 0.47258299265193515
4531.0 0.4731554206622155
4532.0 0.47369672598077145
4533.0 0.47413762036256507
4534.0 0.4745787060009981
4535.0 0.4749473049088432
4536.0 0.4752968192372748
4537.0 0.47563636143075255
4538.0 0.4759562779224475
4539.0 0.47627624540371133
4540.0 0.4766019474351487
4541.0 0.4769272582822079
4542.0 0.4771885762715394
4543.0 0.4773765982509593
4544.0 0.4775603784218619
4545.0 0.4776090080499756
4546.0 0.47765738147935244
4547.0 0.47773516531392973
4548.0 0.47783394596084033
4549.0 0.4779183791695845
4550.0 0.47791460460475
4551.0 0.47791052242799453
4552.0 0.47780377040299477
4553.0 0.47765213012615587
4554.0 0.477512429359984
4555.0 0.47741253506786097
4556.0 0.47731123168720957
4557.0 0.477169853003812
4558.0 0.4770167121673061
4559.0 0.4769068833181844
4560.0 0.4768692095425071
4561.0 0.4768322128411218
4562.0 0.4767406778119155
4563.0 0.4766432236849118
4564.0 0.4764880303991305
4565.0 0.4762713071214396
4566.0 0.47605256294765746
4567.0 0.4758447370364997
4568.0 0.47563443509935865
4569.0 0.4754789834241734
4570.0 0.47535902261836804
4571.0 0.47525555469058955
4572.0 0.475258661271521
4573.0 0.47526052477897307
4574.0 0.47522440460511817
4575.0 0.4751733872759199
4576.0 0.47512641200706446
4577.0 0.4750925772859307
4578.0 0.4750574763885101
4579.0 0.47508441867628887
4580.0 0.4751252702003251
4581.0 0.47514037187126396
4582.0 0.47511416476311497
4583.0 0.47508671331167435
4584.0 0.4750805369292246
4585.0 0.47507457948992654
4586.0 0.4751267307873857
4587.0 0.47523950109940655
4588.0 0.4753454173081848
4589.0 0.47534078638293653
4590.0 0.4753349503575823
4591.0 0.47539144059366334
4592.0 0.47548742539086447
4593.0 0.47557799091805675
4594.0 0.4756405916381169
4595.0 0.4757020620672319
4596.0 0.4757883901073731
4597.0 0.4758837245050215
4598.0 0.4759783223717429
4599.0 0.47606924632458686
4600.0 0.47615907558055165
4601.0 0.4763235655816801
4602.0 0.47650146659896764
4603.0 0.4766599483691121
4604.0 0.4767860866333163
4605.0 0.4769111695970027
4606.0 0.4770087364233048
4607.0 0.47710280164549046
4608.0 0.4772650469177951
4609.0 0.4774909273353365
4610.0 0.4777122001740337
4611.0 0.47785906000370093
4612.0 0.4780058695466088
4613.0 0.4781204691198252
4614.0 0.4782164728944765
4615.0 0.4783187370613272
4616.0 0.47845236323431417
4617.0 0.4785859335813687
4618.0 0.478704161253047
4619.0 0.47881631497866417
4620.0 0.4789569473605241
4621.0 0.4791688749396929
4622.0 0.479379838911893
4623.0 0.4795311184514271
4624.0 0.47967102018746194
4625.0 0.4796530237352661
4626.0 0.4794056583058716
4627.0 0.4791569691759662
4628.0 0.47923072487438145
4629.0 0.4793168699344097
4630.0 0.479664444772774
4631.0 0.48025543124455905
4632.0 0.4808187389880455
4633.0 0.4810705355908419
4634.0 0.481321407632024
4635.0 0.48142702833633794
4636.0 0.4814468190552303
4637.0 0.48149671912248343
4638.0 0.481673503887885
4639.0 0.4818502859619436
4640.0 0.4820407636207415
4641.0 0.48223516737824323
4642.0 0.482425193090127
4643.0 0.48260664952439636
4644.0 0.48278713448818905
4645.0 0.4829084465624238
4646.0 0.48301813262288584
4647.0 0.4831188156521532
4648.0 0.48320609798301634
4649.0 0.48329331945411397
4650.0 0.4834657309910482
4651.0 0.48363992407128537
4652.0 0.483843192237422
4653.0 0.48407497818392575
4654.0 0.48429502284987364
4655.0 0.4844146472612065
4656.0 0.4845342393011151
4657.0 0.4846879556059424
4658.0 0.48485961243526954
4659.0 0.4850184282228023
4660.0 0.48512973956812433
4661.0 0.4852400412848531
4662.0 0.48537458513973586
4663.0 0.48551611350617546
4664.0 0.4856492463472545
4665.0 0.4857635675406734
4666.0 0.48587688491726755
4667.0 0.486028970133819
4668.0 0.48618536937793005
4669.0 0.48632624746377606
4670.0 0.4864468528794769
4671.0 0.48656743573518874
4672.0 0.4867768100029069
4673.0 0.48698712620872453
4674.0 0.4871428871315771
4675.0 0.4872537934603192
4676.0 0.4873672986716131
4677.0 0.4875024662413716
4678.0 0.48763859778896673
4679.0 0.48779774917890195
4680.0 0.4879683010604755
4681.0 0.4881224971010891
4682.0 0.48822307232230394
4683.0 0.48832166997245713
4684.0 0.4884951412967257
4685.0 0.4886900348868079
4686.0 0.48886826026694774
4687.0 0.48901259420910803
4688.0 0.48915497889362286
4689.0 0.48924562654155546
4690.0 0.4893277773698109
4691.0 0.48945126918675524
4692.0 0.48962317195358535
4693.0 0.48979411744734697
4694.0 0.48990658245344415
4695.0 0.49001805602021253
4696.0 0.49016109935534036
4697.0 0.4903289692119535
4698.0 0.4904917166046366
4699.0 0.49062393342392346
4700.0 0.49075517150256803
4701.0 0.4908492319419855
4702.0 0.490924951947481
4703.0 0.4910390406857213
4704.0 0.49128498587126557
4705.0 0.4915309915621036
4706.0 0.49175453013206205
4707.0 0.4919723855919709
4708.0 0.4921407854436536
4709.0 0.49221595257775624
4710.0 0.4922901103403451
4711.0 0.49238627812664565
4712.0 0.49248595576619786
4713.0 0.4926277424433383
4714.0 0.49282014610383457
4715.0 0.49301000408235346
4716.0 0.49307262407797126
4717.0 0.4931361777890473
4718.0 0.4932391473924757
4719.0 0.4933726071601268
4720.0 0.49351625495560975
4721.0 0.4937356057908086
4722.0 0.49395500269257914
4723.0 0.49410635985800716
4724.0 0.4942275664149659
4725.0 0.49434570718252946
4726.0 0.49445415087916783
4727.0 0.4945625804652216
4728.0 0.4947326358145341
4729.0 0.4949181246974979
4730.0 0.4950951231185629
4731.0 0.4952569970636351
4732.0 0.4954179117302077
4733.0 0.4955406557464956
4734.0 0.4956595194323799
4735.0 0.4957864100527734
4736.0 0.49592443361872945
4737.0 0.496064046346301
4738.0 0.4962549956534645
4739.0 0.4964459755849616
4740.0 0.49659247827383696
4741.0 0.4967080499134533
4742.0 0.4968273303187894
4743.0 0.49697042826643734
4744.0 0.49711255605300503
4745.0 0.4972729733341053
4746.0 0.4974398507875384
4747.0 0.4975942618953886
4748.0 0.4977066188988107
4749.0 0.4978189633308973
4750.0 0.4979361521529644
4751.0 0.4980532671008476
4752.0 0.49818713548724075
4753.0 0.4983452597754177
4754.0 0.49850437035678286
4755.0 0.49865229275030293
4756.0 0.4987993776920542
4757.0 0.4989908385581737
4758.0 0.4992313853189215
4759.0 0.4994691070954664
4760.0 0.49961332506092665
4761.0 0.49975852118944536
4762.0 0.49990152596900944
4763.0 0.5000440442645552
4764.0 0.5001915246532415
4765.0 0.5003660361113522
4766.0 0.500540566296503
4767.0 0.5007066356453681
4768.0 0.5008688555788119
4769.0 0.5010238959976315
4770.0 0.5011604715128882
4771.0 0.5012980183466488
4772.0 0.5014240482165211
4773.0 0.5015477087773471
4774.0 0.5016838788138186
4775.0 0.5018363206232258
4776.0 0.5019907168360076
4777.0 0.502233861009873
4778.0 0.5024827275826259
4779.0 0.502705552986714
4780.0 0.5028993858516758
4781.0 0.5030913156269768
4782.0 0.5032094975827411
4783.0 0.5033286360721183
4784.0 0.5034987669856136
4785.0 0.503703484773958
4786.0 0.5038984649672121
4787.0 0.5040467365572968
4788.0 0.5041950045231368
4789.0 0.5043771589779792
4790.0 0.5045711460074394
4791.0 0.5047770012279835
4792.0 0.5050108435124188
4793.0 0.5052457099439097
4794.0 0.5054186382516295
4795.0 0.5055805549999555
4796.0 0.505762706426076
4797.0 0.5059762083126358
4798.0 0.5061907202486362
4799.0 0.5064733568860849
4800.0 0.5067606327428079
4801.0 0.507030520329218
4802.0 0.5072827483986193
4803.0 0.5075306506013679
4804.0 0.5077073645334429
4805.0 0.507885063674962
4806.0 0.5081086595780286
4807.0 0.5083608060615258
4808.0 0.5086278688531726
4809.0 0.5089627183832554
4810.0 0.5092996357666089
4811.0 0.5096164483856706
4812.0 0.5099262535785668
4813.0 0.5102019512243529
4814.0 0.5103956037869454
4815.0 0.5105912306197008
4816.0 0.5108341451317737
4817.0 0.5110866051785176
4818.0 0.5113509520229615
4819.0 0.5116319636765057
4820.0 0.5119120672121872
4821.0 0.5122210834114072
4822.0 0.5125310225605999
4823.0 0.5128346311428053
4824.0 0.5131333782470454
4825.0 0.5134308057531205
4826.0 0.5137131525571534
4827.0 0.5139965536340177
4828.0 0.5142777626663863
4829.0 0.5145602864978058
4830.0 0.5148521742748525
4831.0 0.5151899263684638
4832.0 0.5155268052173352
4833.0 0.5158109174131614
4834.0 0.5160781258070547
4835.0 0.5163283048430835
4836.0 0.516540480984263
4837.0 0.5167536617413051
4838.0 0.5169650827290581
4839.0 0.5171762570843783
4840.0 0.5173654200679357
4841.0 0.5175227923248125
4842.0 0.5176801448295398
4843.0 0.5178788715483458
4844.0 0.5180794164173574
4845.0 0.5182668003984191
4846.0 0.5184447844005641
4847.0 0.5186125903380118
4848.0 0.5186784830137919
4849.0 0.5187433037926605
4850.0 0.5188411200474046
4851.0 0.5189546482697941
4852.0 0.5190562850702688
4853.0 0.5191086280148937
4854.0 0.5191618555224056
4855.0 0.5191949446194388
4856.0 0.5192225718976293
4857.0 0.5192739212826138
4858.0 0.5193758490056827
4859.0 0.5194777128851075
4860.0 0.5195428818221465
4861.0 0.5196039440630348
4862.0 0.5196496034223334
4863.0 0.5196778965898694
4864.0 0.5197060712445045
4865.0 0.5197744205432667
4866.0 0.5198430879470929
4867.0 0.5199185122750063
4868.0 0.5200004349653382
4869.0 0.5200867709132447
4870.0 0.520218300960827
4871.0 0.5203488088233323
4872.0 0.520471871523584
4873.0 0.5205905657917675
4874.0 0.5206967380820243
4875.0 0.5207576455078428
4876.0 0.5208194367663984
4877.0 0.520949007402864
4878.0 0.5210976842179446
4879.0 0.521237672753035
4880.0 0.5213590629991296
4881.0 0.5214813808050729
4882.0 0.5215586718216274
4883.0 0.5216293423691072
4884.0 0.5217422896502911
4885.0 0.521907953818327
4886.0 0.5220729806810653
4887.0 0.5222733745122989
4888.0 0.5224737762869952
4889.0 0.5226208917397792
4890.0 0.522726087256362
4891.0 0.5228326459320006
4892.0 0.5229577307334237
4893.0 0.523081793046951
4894.0 0.5232573743701026
4895.0 0.5234562453415638
4896.0 0.5236438820125222
4897.0 0.523789622257946
4898.0 0.5239353327153202
4899.0 0.5240444566680977
4900.0 0.5241428281550201
4901.0 0.5242855511492428
4902.0 0.5245107557091695
4903.0 0.5247359879093293
4904.0 0.5249335075060908
4905.0 0.5251270852326234
4906.0 0.5253013557053368
4907.0 0.5254508166013095
4908.0 0.525598673639026
4909.0 0.5257178777492661
4910.0 0.5258360610017697
4911.0 0.5259928699137469
4912.0 0.5261783803490512
4913.0 0.5263672245270955
4914.0 0.5265849054606042
4915.0 0.526802611405005
4916.0 0.5269793383561182
4917.0 0.5271370974950322
4918.0 0.5272973791580543
4919.0 0.5274642870707936
4920.0 0.5276311871660809
4921.0 0.5278369594600267
4922.0 0.5280527179196022
4923.0 0.5282390983449788
4924.0 0.5283739538422327
4925.0 0.52850878229793
4926.0 0.5286118769309944
4927.0 0.5287112762989113
4928.0 0.5288471798475872
4929.0 0.5290233165960614
4930.0 0.5291986999628858
4931.0 0.5293476924747783
4932.0 0.5294966710646887
4933.0 0.5296524070734577
4934.0 0.5298125440677423
4935.0 0.5299735619893886
4936.0 0.5301386245306665
4937.0 0.5303017360897869
4938.0 0.530467366102034
4939.0 0.5306331017643431
4940.0 0.5307831013431537
4941.0 0.5308863396975849
4942.0 0.5309885671238743
4943.0 0.5311388258066996
4944.0 0.531298657703124
4945.0 0.5314483954044409
4946.0 0.5315842553357237
4947.0 0.5317191272375253
4948.0 0.5318099132791201
4949.0 0.5318954673386687
4950.0 0.5320172638008127
4951.0 0.5321758417047019
4952.0 0.532332699344669
4953.0 0.5324949626840011
4954.0 0.5326552838043613
4955.0 0.5328031746641073
4956.0 0.5329434214153264
4957.0 0.5330768101825751
4958.0 0.5331824849888018
4959.0 0.5332881383192535
4960.0 0.533433387377364
4961.0 0.5335948059812967
4962.0 0.5337512179521693
4963.0 0.5338973914102709
4964.0 0.5340435684689671
4965.0 0.5341223395105036
4966.0 0.53418669546521
4967.0 0.5342795508820383
4968.0 0.5344166055043252
4969.0 0.534552688302422
4970.0 0.5346657805385148
4971.0 0.5347775206646835
4972.0 0.5348476400303571
4973.0 0.5348761106844849
4974.0 0.5349080946870861
4975.0 0.535009120338838
4976.0 0.5351091625158163
4977.0 0.5352319662239033
4978.0 0.5353680089028306
4979.0 0.5354884076387421
4980.0 0.5355342084771396
4981.0 0.5355799790491759
4982.0 0.5356717840612354
4983.0 0.5357793950881367
4984.0 0.5359037581589743
4985.0 0.5360695895658052
4986.0 0.536233498064948
4987.0 0.5362927201984304
4988.0 0.5363302150526451
4989.0 0.5363839506806272
4990.0 0.5364606132382781
4991.0 0.5365362943737633
4992.0 0.5365742950428785
4993.0 0.5366098129352802
4994.0 0.5366579093954585
4995.0 0.5367180221050138
4996.0 0.5367803102036075
4997.0 0.5368955358113109
4998.0 0.5370097979158374
4999.0 0.5370836411810037
5000.0 0.5371344754004483
5001.0 0.5371756188725133
5002.0 0.5371795580243183
5003.0 0.5371815308994774
5004.0 0.537258965911995
5005.0 0.5373626375617152
5006.0 0.5374260082224835
5007.0 0.5374011427851385
5008.0 0.5373743088768251
5009.0 0.5373783352525806
5010.0 0.5373857478828573
5011.0 0.5374112113544322
5012.0 0.5374644891232756
5013.0 0.5375148510296595
5014.0 0.5375597417152921
5015.0 0.5376025479292214
5016.0 0.5376418183528591
5017.0 0.5376787039119995
5018.0 0.5377083129097239
5019.0 0.5376736923136721
5020.0 0.5376390566969008
5021.0 0.5376871740305931
5022.0 0.5377825199519213
5023.0 0.5378639731219897
5024.0 0.5378956501051412
5025.0 0.5379253837949467
5026.0 0.537917096867879
5027.0 0.5378945115848711
5028.0 0.5378743436851375
5029.0 0.5378588158932575
5030.0 0.537842311940649
5031.0 0.5378635831236405
5032.0 0.5378877326044759
5033.0 0.5378966286634876
5034.0 0.5378856189249696
5035.0 0.5378716948474513
5036.0 0.537856990721347
5037.0 0.5378413174939463
5038.0 0.5378167742985329
5039.0 0.5377861838064839
5040.0 0.537755268013498
5041.0 0.5377282376925744
5042.0 0.5376992657366896
5043.0 0.5376929342507326
5044.0 0.537698346713943
5045.0 0.5377057258954598
5046.0 0.5377314487875129
5047.0 0.5377542626885498
5048.0 0.5377462120794907
5049.0 0.5377282618828767
5050.0 0.5376867426878905
5051.0 0.5375982915004894
5052.0 0.5375079018746701
5053.0 0.5374303209613616
5054.0 0.5373547521877085
5055.0 0.5373093606063811
5056.0 0.5373029036126061
5057.0 0.5372954774885246
5058.0 0.5372883333511663
5059.0 0.5372802199467152
5060.0 0.5372706062801771
5061.0 0.5372613507914881
5062.0 0.5372498291638512
5063.0 0.5372434968927946
5064.0 0.5372352256158675
5065.0 0.5371798322792117
5066.0 0.5370997728800785
5067.0 0.537021897251078
5068.0 0.5369542176173339
5069.0 0.5368846044653213
5070.0 0.5368477853334626
5071.0 0.5368195196062787
5072.0 0.5367868520923335
5073.0 0.5367455837166002
5074.0 0.536703347869129
5075.0 0.5366766699491566
5076.0 0.5366500962256879
5077.0 0.5366179261847338
5078.0 0.5365769802482052
5079.0 0.5365349216277846
5080.0 0.5364766141994246
5081.0 0.5364183095236891
5082.0 0.5363372556352883
5083.0 0.5362378391694915
5084.0 0.5361435654866115
5085.0 0.536093076697815
5086.0 0.5360416205787101
5087.0 0.5360158704632453
5088.0 0.5360031231709788
5089.0 0.5359776217323968
5090.0 0.5359128808409962
5091.0 0.5358471742426901
5092.0 0.5357897652969066
5093.0 0.535732625495044
5094.0 0.5356823358454815
5095.0 0.5356465626362491
5096.0 0.5356088487586889
5097.0 0.5355433353319604
5098.0 0.5354751707376679
5099.0 0.5354043788845241
5100.0 0.5353327764303513
5101.0 0.535259303296621
5102.0 0.5351889335168006
5103.0 0.5351166292113623
5104.0 0.5350316843227596
5105.0 0.5349366223335412
5106.0 0.5348487622449146
5107.0 0.534810075307757
5108.0 0.5347713816856986
5109.0 0.5346614882307724
5110.0 0.5345204941718129
5111.0 0.5344005345659807
5112.0 0.5343494344474065
5113.0 0.5342983294779082
5114.0 0.5342743345298215
5115.0 0.5342571403363571
5116.0 0.5342166505078548
5117.0 0.5341355220462939
5118.0 0.5340534273877516
5119.0 0.5339579779491197
5120.0 0.5338604048425987
5121.0 0.5337681405161293
5122.0 0.5336826729933783
5123.0 0.5335958837565283
5124.0 0.5334966151654768
5125.0 0.5333973527036022
5126.0 0.533295313034886
5127.0 0.5331920188088745
5128.0 0.5330923737572677
5129.0 0.5330178858794461
5130.0 0.5329433959212511
5131.0 0.5328954980213881
5132.0 0.5328578774227488
5133.0 0.5327775034838406
5134.0 0.5325708147631399
5135.0 0.5323641647684286
5136.0 0.5322397653860119
5137.0 0.5321346020748328
5138.0 0.5320755468040946
5139.0 0.5320948453365423
5140.0 0.5321141097402068
5141.0 0.5320421490950091
5142.0 0.531963393638676
5143.0 0.5318748017570566
5144.0 0.5317769840706248
5145.0 0.531678816366657
5146.0 0.5315729735879463
5147.0 0.531467136433825
5148.0 0.531376896779402
5149.0 0.5312960824152475
5150.0 0.5312104712426003
5151.0 0.5310987280494137
5152.0 0.5309879598497861
5153.0 0.5309004867841388
5154.0 0.5308237876362899
5155.0 0.5307394068833684
5156.0 0.5306343192371368
5157.0 0.5305292361429053
5158.0 0.5304189590161762
5159.0 0.5303066558462223
5160.0 0.5301962121614849
5161.0 0.5300896396656816
5162.0 0.5299821045194555
5163.0 0.5298738624488679
5164.0 0.5297646206171267
5165.0 0.5296607728052241
5166.0 0.5295603813504419
5167.0 0.5294613285762702
5168.0 0.5293841779901713
5169.0 0.5293060541930471
5170.0 0.5291987208536507
5171.0 0.5290734962651957
5172.0 0.5289541539521041
5173.0 0.5288634806148746
5174.0 0.5287718385796653
5175.0 0.5286402035177861
5176.0 0.5284934351695685
5177.0 0.5283559894398101
5178.0 0.5282413334846262
5179.0 0.5281266849275544
5180.0 0.5280290807872983
5181.0 0.5279344839892429
5182.0 0.5278247086357304
5183.0 0.5276921747543734
5184.0 0.5275596546382618
5185.0 0.5274288192462381
5186.0 0.5272970596278193
5187.0 0.5271899034612957
5188.0 0.5271035875139054
5189.0 0.5270158515077823
5190.0 0.5268964417783744
5191.0 0.5267780082432721
5192.0 0.5266582138316113
5193.0 0.5265391588007994
5194.0 0.5264230794021492
5195.0 0.5263247381514404
5196.0 0.5262273658327143
5197.0 0.526113682345692
5198.0 0.5259955818922409
5199.0 0.5258799827711682
5200.0 0.5257702056801948
5201.0 0.5256614015853652
5202.0 0.5255384710830707
5203.0 0.5254153413350406
5204.0 0.5252848407819485
5205.0 0.5251464614667277
5206.0 0.525008098902867
5207.0 0.5249163265160259
5208.0 0.5248249996590438
5209.0 0.5247490692532654
5210.0 0.5246841064196045
5211.0 0.5246099519271589
5212.0 0.5244331810293723
5213.0 0.5242574057319861
5214.0 0.5240989589658366
5215.0 0.5239487565159535
5216.0 0.5238121411469272
5217.0 0.5237269020414871
5218.0 0.5236416633347607
5219.0 0.5235338091312013
5220.0 0.5234197872335454
5221.0 0.5232987413716046
5222.0 0.5231599060657407
5223.0 0.5230210885698336
5224.0 0.5228968743676768
5225.0 0.5227756734046911
5226.0 0.5226640727463977
5227.0 0.522565189087308
5228.0 0.5224672759920541
5229.0 0.5223545856180165
5230.0 0.5222417465344411
5231.0 0.5221100088372905
5232.0 0.5219623248440831
5233.0 0.521818488703751
5234.0 0.5217100743990349
5235.0 0.521601669666137
5236.0 0.5214843307992134
5237.0 0.5213628649158276
5238.0 0.52124208451949
5239.0 0.5211248087597217
5240.0 0.5210085092495242
5241.0 0.5208838973617884
5242.0 0.5207577773794555
5243.0 0.5206450450373526
5244.0 0.5205575151417144
5245.0 0.5204709535068737
5246.0 0.5203437096635382
5247.0 0.520209707935187
5248.0 0.5200776408624512
5249.0 0.519947767956138
5250.0 0.5198188740919749
5251.0 0.5196875035792751
5252.0 0.5195561496512191
5253.0 0.5194222194296519
5254.0 0.5192847571020613
5255.0 0.5191471169744009
5256.0 0.5190098349422421
5257.0 0.5188725707522387
5258.0 0.5187668806709259
5259.0 0.518675794905949
5260.0 0.5185737326736296
5261.0 0.518431693102049
5262.0 0.5182915948374344
5263.0 0.5181778630518856
5264.0 0.5180713034823731
5265.0 0.5179481863152618
5266.0 0.5177920197628892
5267.0 0.5176377952934466
5268.0 0.51750206673354
5269.0 0.5173684073970559
5270.0 0.517256205361175
5271.0 0.5171678718961101
5272.0 0.5170796486187287
5273.0 0.5169084865815053
5274.0 0.5167373465429991
5275.0 0.5165721457694932
5276.0 0.5164133476795868
5277.0 0.5162632793324079
5278.0 0.5161734343901824
5279.0 0.5160835972136664
5280.0 0.5159643137244269
5281.0 0.5158307318190138
5282.0 0.5156895060952448
5283.0 0.5155179775851643
5284.0 0.5153474265934951
5285.0 0.5152056366626047
5286.0 0.5150717645373999
5287.0 0.5149311533593497
5288.0 0.5147789739066563
5289.0 0.5146277669148124
5290.0 0.5144717664132967
5291.0 0.5143161676061385
5292.0 0.5141800391588716
5293.0 0.5140668168692043
5294.0 0.5139529405526935
5295.0 0.5138084579866354
5296.0 0.5136639883428795
5297.0 0.5135222507540425
5298.0 0.5133818028037319
5299.0 0.5132422091175601
5300.0 0.5130960711783943
5301.0 0.5129499453295535
5302.0 0.512774635164036
5303.0 0.5125860092414855
5304.0 0.5124065209750943
5305.0 0.5122515525800208
5306.0 0.5120975488400787
5307.0 0.5119435078588382
5308.0 0.5117901953057609
5309.0 0.5116203788251116
5310.0 0.5114234078835023
5311.0 0.5112264501868614
5312.0 0.511050691257938
5313.0 0.5108776537723329
5314.0 0.5107121793059329
5315.0 0.5105558467605584
5316.0 0.5103998759328118
5317.0 0.5102295812795999
5318.0 0.510060245326181
5319.0 0.5098702236548602
5320.0 0.5096667801425154
5321.0 0.5094687050259838
5322.0 0.5093019516427877
5323.0 0.5091361535955741
5324.0 0.5089547842422549
5325.0 0.5087680069142377
5326.0 0.5085649508726131
5327.0 0.5083197641096575
5328.0 0.5080736393015216
5329.0 0.5078730620104214
5330.0 0.5076822797364801
5331.0 0.5074999196918932
5332.0 0.5073306991450327
5333.0 0.5071614828369894
5334.0 0.5069687929509318
5335.0 0.50677555300406
5336.0 0.5065720913034456
5337.0 0.506357008275472
5338.0 0.5061421888375891
5339.0 0.505913456856207
5340.0 0.5056866123738606
5341.0 0.5054465175169353
5342.0 0.5051979522071552
5343.0 0.5049457258346882
5344.0 0.5046693298130067
5345.0 0.5043929358361174
5346.0 0.5041462462060415
5347.0 0.5039094389439226
5348.0 0.5036919343273527
5349.0 0.5035216509859208
5350.0 0.5033523049823478
5351.0 0.5031075608860311
5352.0 0.5028484544272865
5353.0 0.5025707799580185
5354.0 0.502262598672698
5355.0 0.5019553497986886
5356.0 0.5017331571454839
5357.0 0.5015173566206547
5358.0 0.5013035672072328
5359.0 0.5010935407482582
5360.0 0.5008790027158387
5361.0 0.500594761625941
5362.0 0.5003105151564012
5363.0 0.5000130477197131
5364.0 0.4997074747056767
5365.0 0.49941711541280154
5366.0 0.4991918473221398
5367.0 0.49896657407344863
5368.0 0.49871375792443295
5369.0 0.4984504062201188
5370.0 0.4981576632697233
5371.0 0.49779297092487573
5372.0 0.4974291950400824
5373.0 0.49713218505281837
5374.0 0.49684803982041315
5375.0 0.49655749827635315
5376.0 0.49625550033842913
5377.0 0.49595441650351724
5378.0 0.49563990500245836
5379.0 0.49532482362018326
5380.0 0.4950306789105368
5381.0 0.494756781578624
5382.0 0.49448414121086454
5383.0 0.4942375739230658
5384.0 0.49399099711282496
5385.0 0.4936909092287423
5386.0 0.4933593876994681
5387.0 0.4930266410451211
5388.0 0.49268479900880113
5389.0 0.49234202616831113
5390.0 0.492042797856581
5391.0 0.4917577711346115
5392.0 0.49147041299652466
5393.0 0.4911776307929602
5394.0 0.4908848361894193
5395.0 0.49057611855048794
5396.0 0.49026571009922687
5397.0 0.48994351911487394
5398.0 0.4896072332061878
5399.0 0.4892700213044846
5400.0 0.488921368163094
5401.0 0.48857244718431825
5402.0 0.48823702284122344
5403.0 0.4879152810995244
5404.0 0.4875985697566396
5405.0 0.48733285804630105
5406.0 0.4870671339842082
5407.0 0.48675608876012466
5408.0 0.4864197265624077
5409.0 0.48608525775279476
5410.0 0.4857547864365823
5411.0 0.48542429987995783
5412.0 0.4851207966718483
5413.0 0.4848249035532517
5414.0 0.4845197974283243
5415.0 0.4841932102726968
5416.0 0.48386660805335563
5417.0 0.4835299393525067
5418.0 0.48319278770874197
5419.0 0.4828881357660252
5420.0 0.48262866173726227
5421.0 0.4823682784334128
5422.0 0.4821226190555057
5423.0 0.48187799432319905
5424.0 0.48157261135433566
5425.0 0.4812173504461104
5426.0 0.48086007385096996
5427.0 0.48047671357622757
5428.0 0.48009333721370706
5429.0 0.4797751893990574
5430.0 0.47949110050261873
5431.0 0.4792076155191999
5432.0 0.47892224815233675
5433.0 0.4786368698406314
5434.0 0.4783916623779922
5435.0 0.47815755890652245
5436.0 0.47790116435542046
5437.0 0.47759682550792537
5438.0 0.47729247620656146
5439.0 0.47695596490302594
5440.0 0.47661546821618134
5441.0 0.47634450982534243
5442.0 0.4761611763904547
5443.0 0.4759787222564316
5444.0 0.4757097586090878
5445.0 0.4754416717419709
5446.0 0.4751172101645834
5447.0 0.47474756745525726
5448.0 0.47439246558710724
5449.0 0.4741440602745327
5450.0 0.4738956483359203
5451.0 0.4736908304201812
5452.0 0.4735079167048708
5453.0 0.4732915230229233
5454.0 0.4729630520955342
5455.0 0.4726336951072577
5456.0 0.4723307088754924
5457.0 0.47203273908468457
5458.0 0.47174156009936236
5459.0 0.4714609879171761
5460.0 0.47118041151035284
5461.0 0.4709375291648667
5462.0 0.47069795691662536
5463.0 0.4704729440104606
5464.0 0.47026224749275203
5465.0 0.4700518187727813
5466.0 0.46978068083638097
5467.0 0.4695095408709833
5468.0 0.469228908997588
5469.0 0.4689402442914674
5470.0 0.46865520057023485
5471.0 0.4683943957797081
5472.0 0.4681327198456184
5473.0 0.4678781265251167
5474.0 0.4676267152484009
5475.0 0.4673625609322107
5476.0 0.46706080578875503
5477.0 0.4667581841416884
5478.0 0.4664855627309392
5479.0 0.4662193584255531
5480.0 0.46595822359404476
5481.0 0.4657076402828022
5482.0 0.4654570597373701
5483.0 0.4652231745547016
5484.0 0.46499102922786345
5485.0 0.4647267015862597
5486.0 0.4644252202314862
5487.0 0.4641255074050948
5488.0 0.4638819410079201
5489.0 0.4636392418253621
5490.0 0.4634243886537118
5491.0 0.4632294637269024
5492.0 0.46302248222841075
5493.0 0.4627475637913153
5494.0 0.4624717925687268
5495.0 0.46216390596116574
5496.0 0.461841402708774
5497.0 0.4615305612010672
5498.0 0.46125203284736205
5499.0 0.46097351453155144
5500.0 0.4606959335560879
5501.0 0.4604177240234852
5502.0 0.4601506414908361
5503.0 0.4599048091552109
5504.0 0.4596572770605305
5505.0 0.4593887019740572
5506.0 0.4591176356594969
5507.0 0.4588290008795231
5508.0 0.4585222592312477
5509.0 0.458213886099514
5510.0 0.457865153915476
5511.0 0.4575155895870397
5512.0 0.45717461857907354
5513.0 0.4568379647730105
5514.0 0.4565004120918945
5515.0 0.4561616402334551
5516.0 0.45582373790836717
5517.0 0.4555053898100849
5518.0 0.45519453961921585
5519.0 0.4548769420633686
5520.0 0.45454106725966026
5521.0 0.4542043700540507
5522.0 0.4538845593525018
5523.0 0.4535683988725759
5524.0 0.45322531508268715
5525.0 0.45283745028263084
5526.0 0.45244961571866066
5527.0 0.4521045796514784
5528.0 0.45176151422134114
5529.0 0.4513926572909515
5530.0 0.45099549226751995
5531.0 0.4505960856433767
5532.0 0.45013584994330563
5533.0 0.44967565667765735
5534.0 0.4492936998720948
5535.0 0.4489609326450776
5536.0 0.4486179382952741
5537.0 0.4482240595318265
5538.0 0.4478302193954104
5539.0 0.4473773537711126
5540.0 0.4469018902712764
5541.0 0.4464398458162761
5542.0 0.44601436660278704
5543.0 0.4455881022950347
5544.0 0.4451449901268293
5545.0 0.44469788012843614
5546.0 0.4442246256577012
5547.0 0.44371130832504013
5548.0 0.4431980507453053
5549.0 0.4427882242213522
5550.0 0.442383929715606
5551.0 0.44195445425307417
5552.0 0.44150158454246746
5553.0 0.4410376197216405
5554.0 0.4404365006692548
5555.0 0.43983381879362193
5556.0 0.43922218889804165
5557.0 0.43860378635514635
5558.0 0.43800811930313227
5559.0 0.43751490303418106
5560.0 0.4370217538563342
5561.0 0.43644701965700683
5562.0 0.43584396584654783
5563.0 0.43523122362048744
5564.0 0.4345958200542277
5565.0 0.4339613200980883
5566.0 0.4333668311900759
5567.0 0.4327788093942841
5568.0 0.4321709372188359
5569.0 0.4315336612585405
5570.0 0.43089648410592074
5571.0 0.43028941595144066
5572.0 0.4296833965772343
5573.0 0.42905039140792817
5574.0 0.428391690674219
5575.0 0.42772609203112
5576.0 0.42697846005104584
5577.0 0.42623175098161525
5578.0 0.42549960363611267
5579.0 0.4247749052610089
5580.0 0.4240511153933166
5581.0 0.42333417478570406
5582.0 0.42261735830088365
5583.0 0.42187285515357986
5584.0 0.4211194770000344
5585.0 0.4203198753199956
5586.0 0.41941646009811373
5587.0 0.41851242732950766
5588.0 0.4175611858454607
5589.0 0.41660150065479873
5590.0 0.4157045551962585
5591.0 0.4148933860598538
5592.0 0.4140823695078426
5593.0 0.41320133412526533
5594.0 0.4123190520646517
5595.0 0.41135985564288335
5596.0 0.41033441942947696
5597.0 0.40932171782374754
5598.0 0.4084274104282974
5599.0 0.4075325159085302
5600.0 0.40662453845791857
5601.0 0.4057096022926617
5602.0 0.4047629370709944
5603.0 0.40369566881776153
5604.0 0.4026286190893286
5605.0 0.4015939015827383
5606.0 0.40056878580730326
5607.0 0.39953290896839033
5608.0 0.3984739299566593
5609.0 0.39741442721376624
5610.0 0.39636353398750584
5611.0 0.39531316120511717
5612.0 0.39421277058971055
5613.0 0.39304774281714583
5614.0 0.39188222860421806
5615.0 0.3906376228572826
5616.0 0.38939248576455354
5617.0 0.3881411731733581
5618.0 0.3868854587278169
5619.0 0.38563350140416963
5620.0 0.3844033987816761
5621.0 0.3831728488441922
5622.0 0.38187742716482215
5623.0 0.38054765196143664
5624.0 0.3792140313474427
5625.0 0.37786601857942
5626.0 0.3765183091972438
5627.0 0.3752383061924263
5628.0 0.3739785047783951
5629.0 0.3726658383870114
5630.0 0.3712469986036578
5631.0 0.36982848404467694
5632.0 0.36839061914445237
5633.0 0.36694996339942804
5634.0 0.3655261082676633
5635.0 0.3641211781540127
5636.0 0.36271725680523786
5637.0 0.3611093420878622
5638.0 0.3595018036201362
5639.0 0.357979667769722
5640.0 0.35652468610881966
5641.0 0.3550487926915359
5642.0 0.3534167541881037
5643.0 0.3517857655101602
5644.0 0.35009835121604194
5645.0 0.3483839477218361
5646.0 0.34668674354669693
5647.0 0.3450461490792532
5648.0 0.3434065916453658
5649.0 0.3416679344404397
5650.0 0.3399034211910661
5651.0 0.3381154861159742
5652.0 0.3362818819034274
5653.0 0.33444871629719636
5654.0 0.3326949185658708
5655.0 0.33095030896547023
5656.0 0.32919418040279436
5657.0 0.3274231108004237
5658.0 0.32565203904122364
5659.0 0.3238605207970179
5660.0 0.32207003848148824
5661.0 0.3201251754878463
5662.0 0.3180644676021418
5663.0 0.31601809365155353
5664.0 0.31406022725414645
5665.0 0.31210341967696625
5666.0 0.3101702954017084
5667.0 0.3082474782971291
5668.0 0.3062862148100042
5669.0 0.3042069713405809
5670.0 0.3021282209972207
5671.0 0.3000255952261077
5672.0 0.2979173770637313
5673.0 0.2957867261111055
5674.0 0.29361426139222313
5675.0 0.29144286309567824
5676.0 0.2894093241778157
5677.0 0.2873888004587785
5678.0 0.2852759587792916
5679.0 0.28305898807327257
5680.0 0.2808395797119846
5681.0 0.27852561440308743
5682.0 0.2762121834361886
5683.0 0.27399168897403914
5684.0 0.2718373064109165
5685.0 0.26967559769489474
5686.0 0.2674695144726164
5687.0 0.26526444238729036
5688.0 0.2629957882782956
5689.0 0.26070018922270155
5690.0 0.25839196454522445
5691.0 0.2560473322808066
5692.0 0.2537027456075142
5693.0 0.2513374597842826
5694.0 0.24896735539544876
5695.0 0.2466203895045314
5696.0 0.24431290085622326
5697.0 0.24200592132324206
5698.0 0.23961779033853486
5699.0 0.23722354883809496
5700.0 0.2348204886465882
5701.0 0.23240819985424657
5702.0 0.22999987365783298
5703.0 0.227685681438799
5704.0 0.22537241034948743
5705.0 0.22299774869056938
5706.0 0.2205830477814214
5707.0 0.2181474916821098
5708.0 0.2156007146633686
5709.0 0.21305446373641684
5710.0 0.21069221912703598
5711.0 0.20840483057203824
5712.0 0.20608135463791502
5713.0 0.2036570059886765
5714.0 0.20123353093844248
5715.0 0.19867233727871342
5716.0 0.1960837226954047
5717.0 0.19350228402600744
5718.0 0.19093214321322882
5719.0 0.18836249602032393
5720.0 0.1860721184326579
5721.0 0.18380032173382832
5722.0 0.18148303038760294
5723.0 0.17911956439216858
5724.0 0.17675793950198818
5725.0 0.17440809858682757
5726.0 0.17205868289709858
5727.0 0.16973386513210154
5728.0 0.16742470681794142
5729.0 0.16508803689455404
5730.0 0.16261609090262677
5731.0 0.16014426083005195
5732.0 0.15781192326121685
5733.0 0.15553088636876197
5734.0 0.1532427642932242
5735.0 0.15093430277616546
5736.0 0.14862621634510154
5737.0 0.14639605485522825
5738.0 0.14418096467074498
5739.0 0.1419793500628933
5740.0 0.13979667790309105
5741.0 0.13761460569071193
5742.0 0.13532786428105464
5743.0 0.13303617383229593
5744.0 0.1308138100219768
5745.0 0.12865805232906577
5746.0 0.12650196500249217
5747.0 0.12433104617286338
5748.0 0.1221608961115317
5749.0 0.12011996145035421
5750.0 0.11815523645150186
5751.0 0.1162009498673749
5752.0 0.11429229804388966
5753.0 0.11238388489741732
5754.0 0.11035511306759353
5755.0 0.10828406251254961
5756.0 0.10621436528688168
5757.0 0.10414702160673417
5758.0 0.10208030166665821
5759.0 0.10022785766839484
5760.0 0.09841379815332815
5761.0 0.09671470793706144
5762.0 0.09518114059442885
5763.0 0.09364790275822195
5764.0 0.09194375921640784
5765.0 0.09023447554087928
5766.0 0.08842633852220537
5767.0 0.08652697961118731
5768.0 0.08464153737143958
5769.0 0.08291461988205537
5770.0 0.08118799474743973
5771.0 0.07957319516511718
5772.0 0.07802140141753797
5773.0 0.07646697100457292
5774.0 0.07490181859625489
5775.0 0.07333704661262318
5776.0 0.07201435649584582
5777.0 0.07077272364796237
5778.0 0.06947144758186673
5779.0 0.06803760207630323
5780.0 0.06660382202594595
5781.0 0.06397090385784007
5782.0 0.06115900627261884
5783.0 0.05874879460224601
5784.0 0.05689344210986105
5785.0 0.055038146122973954
5786.0 0.053754181291484536
5787.0 0.05248210701701592
5788.0 0.0513236480987806
5789.0 0.050262251885557774
5790.0 0.04919243274135201
5791.0 0.048036441712102744
5792.0 0.04688045948780256
5793.0 0.045674504416851044
5794.0 0.04444154236685603
5795.0 0.043255870548289596
5796.0 0.04224747257320938
5797.0 0.04123914545442864
5798.0 0.040428548029130804
5799.0 0.03967705693459208
5800.0 0.03888159709041816
5801.0 0.03799262964766056
5802.0 0.037103709149263746
5803.0 0.03614746832765803
5804.0 0.035182075793589215
5805.0 0.03424622243393717
5806.0 0.03334795333950343
5807.0 0.03244970494720022
5808.0 0.031670484779999966
5809.0 0.03089254642424914
5810.0 0.030217401029743293
5811.0 0.02962636623010252
5812.0 0.02900448798176279
5813.0 0.02813286975023937
5814.0 0.02726129550951511
5815.0 0.026518691116018577
5816.0 0.025842526476189048
5817.0 0.02521166836630977
5818.0 0.024741425476098932
5819.0 0.02427123370874398
5820.0 0.02366947517782015
5821.0 0.02303053128989013
5822.0 0.022376452170903876
5823.0 0.021693007769295843
5824.0 0.02100952777682002
5825.0 0.02052350021241617
5826.0 0.020061863889983093
5827.0 0.019636856158993844
5828.0 0.019256542188453386
5829.0 0.018874885704945926
5830.0 0.01835803598208611
5831.0 0.01784118316554461
5832.0 0.017366433680578122
5833.0 0.016924762369044825
5834.0 0.016487182454099948
5835.0 0.016079834988056728
5836.0 0.015672452048766643
5837.0 0.015309691573261449
5838.0 0.014967916998213109
5839.0 0.014652244536095435
5840.0 0.014423918936232728
5841.0 0.014195606265723098
5842.0 0.013911119452382669
5843.0 0.013611674715803374
5844.0 0.013267777910849893
5845.0 0.012841336587171069
5846.0 0.012414832706823748
5847.0 0.012179977865634503
5848.0 0.011964033279525846
5849.0 0.011699355801873253
5850.0 0.011377407124263748
5851.0 0.011056456778486917
5852.0 0.010785808996469153
5853.0 0.010515118199006988
5854.0 0.010298057939024823
5855.0 0.010119856704873236
5856.0 0.0099204684194978
5857.0 0.009579391929344133
5858.0 0.009238264765982945
5859.0 0.009003029970885016
5860.0 0.008815363169367383
5861.0 0.00861681252345257
5862.0 0.00838560362303993
5863.0 0.008154362196951504
5864.0 0.007852408589197555
5865.0 0.007532734290626451
5866.0 0.007252551905072976
5867.0 0.007042658872885642
5868.0 0.0068327293788944055
5869.0 0.006670979896051219
5870.0 0.006513401516215108
5871.0 0.00630946652612218
5872.0 0.006055316738142382
5873.0 0.005805929304725019
5874.0 0.005712748662257532
5875.0 0.005619558648295257
5876.0 0.0054764546358862624
5877.0 0.005298652725694407
5878.0 0.005120261506631589
5879.0 0.004938832821957892
5880.0 0.004757349702831564
5881.0 0.0045934128637517505
5882.0 0.004436958100400913
5883.0 0.0042825959547358235
5884.0 0.004134287863287315
5885.0 0.003985924567483326
5886.0 0.0039008260218539224
5887.0 0.0038296012283848624
5888.0 0.00375349837591414
5889.0 0.003669100036160393
5890.0 0.00358468212883543
5891.0 0.003291662191838247
5892.0 0.0029828353443278823
5893.0 0.0027401442763651126
5894.0 0.0025663281217718336
5895.0 0.0023917037479536333
5896.0 0.002202829619804137
5897.0 0.002013880057799904
5898.0 0.0018332892195612016
5899.0 0.0016582522452218108
5900.0 0.0015081001030084985
5901.0 0.0014889582853865402
5902.0 0.0014698134964992841
5903.0 0.0014214435749389002
5904.0 0.0013616926637978588
5905.0 0.0012651019147240869
5906.0 0.0010689091220797817
5907.0 0.0008726278202573145
5908.0 0.0007741994651220384
5909.0 0.0006957916435657189
5910.0 0.0006659854264707005
5911.0 0.0007122581911174528
5912.0 0.0007585543792033632
5913.0 0.0006496465581246264
5914.0 0.0005307763459133826
5915.0 0.0003927425956476701
5916.0 0.00023552867095572028
5917.0 7.275361677307426e-05
5918.0 -0.00017603088743758873
5919.0 -0.0004249413449010558
5920.0 -0.0005497739309087007
5921.0 -0.0005985272344152089
5922.0 -0.0006444769859200144
5923.0 -0.0006766374539021462
5924.0 -0.0007088159031597653
5925.0 -0.0008109994286527233
5926.0 -0.0009391291044311153
5927.0 -0.0010462950348631484
5928.0 -0.0011020101168808386
5929.0 -0.0011577572183692653
5930.0 -0.001202631065612272
5931.0 -0.0012454537367696022
5932.0 -0.0012385104628601443
5933.0 -0.0011568549690299935
5934.0 -0.0010751581632059862
5935.0 -0.0011299576067259486
5936.0 -0.0011904828590274218
5937.0 -0.0012440710106974993
5938.0 -0.0012909919992970754
5939.0 -0.0013354418758627802
5940.0 -0.0013466933723529793
5941.0 -0.0013579536768688295
5942.0 -0.0014078852710092719
5943.0 -0.0014805657656608618
5944.0 -0.001510310533423257
5945.0 -0.0013567981053643119
5946.0 -0.0012031968004801038
5947.0 -0.0011891723104322223
5948.0 -0.001224225931411368
5949.0 -0.0012718780534569012
5950.0 -0.0013489125624232441
5951.0 -0.0014259961539353505
5952.0 -0.0014650920746438253
5953.0 -0.0014980176908564943
5954.0 -0.001539052582778196
5955.0 -0.00159175573789236
5956.0 -0.0016444912578658854
5957.0 -0.0015473821911615858
5958.0 -0.0014455722429479662
5959.0 -0.0013900114520733232
5960.0 -0.0013754937906080703
5961.0 -0.001364668130964009
5962.0 -0.001396386173353489
5963.0 -0.0014281266676934778
5964.0 -0.0013519453402847945
5965.0 -0.0012149790133146484
5966.0 -0.0010669852935210223
5967.0 -0.00087512781816378
5968.0 -0.000683146001607228
5969.0 -0.00053848102173477
5970.0 -0.0004087078444614791
5971.0 -0.000295398705400385
5972.0 -0.0002188604931411989
5973.0 -0.00014227193560159868
5974.0 -0.00012147964554565115
5975.0 -0.00010902123008331952
5976.0 -3.042030954439259e-05
5977.0 0.00013592800277552707
5978.0 0.0003023872063173415
5979.0 0.0005887860651160934
5980.0 0.0008778236481331868
5981.0 0.0011025919462499928
5982.0 0.0012725794432813483
5983.0 0.0014337445282884393
5984.0 0.0015145431220420975
5985.0 0.0015953986764504922
5986.0 0.0016395678122748303
5987.0 0.0016639793307383266
5988.0 0.001717512923551639
5989.0 0.0018806313454819963
5990.0 0.00204385695917565
5991.0 0.0022437341595992937
5992.0 0.0024546646531268517
5993.0 0.002638503052223998
5994.0 0.0027671368049801987
5995.0 0.0028958629006147142
5996.0 0.0031716234162031598
5997.0 0.003467617398902955
5998.0 0.003786586730031562
5999.0 0.004134782822432247
6000.0 0.0044832256206315865
6001.0 0.004539743590079987
6002.0 0.004596307729877861
6003.0 0.00475826438764172
6004.0 0.00500656066458273
6005.0 0.005262264820949445
6006.0 0.0055767339612609905
6007.0 0.005891409082728792
6008.0 0.006078898921221882
6009.0 0.0062037289292665165
6010.0 0.0063587124625212035
6011.0 0.006620341750370474
6012.0 0.006882162154563508
6013.0 0.007172389688099563
6014.0 0.007470764451375228
6015.0 0.007784575569897827
6016.0 0.008128179605403511
6017.0 0.008472019146155097
6018.0 0.008850531850854588
6019.0 0.009233148328943043
6020.0 0.009558830831460625
6021.0 0.009814825259574311
6022.0 0.010070332567775227
6023.0 0.010260514178282429
6024.0 0.010450824457969956
6025.0 0.01072945125055905
6026.0 0.011074818023161173
6027.0 0.011404062847496269
6028.0 0.011613516792900654
6029.0 0.011823132800509319
6030.0 0.012043229207992057
6031.0 0.01226835068469485
6032.0 0.012527776041700928
6033.0 0.0128955632978538
6034.0 0.013263598888069824
6035.0 0.01371741868492959
6036.0 0.01419432088307816
6037.0 0.014614768147147423
6038.0 0.014930040560008637
6039.0 0.015245549883067089
6040.0 0.015547073257234673
6041.0 0.015847394744906037
6042.0 0.016171918164514167
6043.0 0.016523703263627454
6044.0 0.016876746738691693
6045.0 0.017280328276450305
6046.0 0.017684176266992348
6047.0 0.018138083088359052
6048.0 0.018628380208686745
6049.0 0.019075810703028235
6050.0 0.019258109076474916
6051.0 0.01944048890775148
6052.0 0.019696633016081256
6053.0 0.01998598983952171
6054.0 0.020307029363137333
6055.0 0.02072275979054014
6056.0 0.021138757373214738
6057.0 0.021516954578324258
6058.0 0.021886469538108157
6059.0 0.022297877258258922
6060.0 0.022783588278552005
6061.0 0.023269566188439637
6062.0 0.023465220004510057
6063.0 0.02363571406724658
6064.0 0.023838726079959228
6065.0 0.02407703458783408
6066.0 0.02433038806214519
6067.0 0.024943694485414725
6068.0 0.025557338387865308
6069.0 0.025969910625276357
6070.0 0.026242778851942775
6071.0 0.02650561073802241
6072.0 0.02671130409459324
6073.0 0.02691707205156878
6074.0 0.02727334952651622
6075.0 0.027691237211479612
6076.0 0.02812332560839045
6077.0 0.028595529565804374
6078.0 0.029067964250733363
6079.0 0.02946379179255563
6080.0 0.029842864433045728
6081.0 0.030191345956800012
6082.0 0.030489547179475825
6083.0 0.030787920253941108
6084.0 0.031038539149867952
6085.0 0.03128558181881851
6086.0 0.031643394913070194
6087.0 0.032116592606898205
6088.0 0.03258421604645235
6089.0 0.03294319470542555
6090.0 0.03330231656005144
6091.0 0.033589243868160756
6092.0 0.03382991158425341
6093.0 0.034080447714969576
6094.0 0.034381817208742345
6095.0 0.034683289712073864
6096.0 0.03497638024109433
6097.0 0.0352661571986774
6098.0 0.03556596633165125
6099.0 0.035891501187631084
6100.0 0.03621714632397217
6101.0 0.0365470486261136
6102.0 0.03687791003682219
6103.0 0.037193159733512594
6104.0 0.037483811615852465
6105.0 0.03777461433465136
6106.0 0.03816605545220205
6107.0 0.03856299606310734
6108.0 0.03890441665375807
6109.0 0.03919027153303603
6110.0 0.039477314570505156
6111.0 0.03978195475221062
6112.0 0.040086676948773346
6113.0 0.0403744035783148
6114.0 0.0406517318237653
6115.0 0.040935022667431646
6116.0 0.04124493122972629
6117.0 0.04155491758143146
6118.0 0.04186647259207852
6119.0 0.04217872938057123
6120.0 0.04251318466073811
6121.0 0.04290190169744759
6122.0 0.04329072767616105
6123.0 0.04347549122403787
6124.0 0.043624133717418884
6125.0 0.043812718263538476
6126.0 0.04406121619794013
6127.0 0.04430967218876795
6128.0 0.044466733048827506
6129.0 0.04461997086921446
6130.0 0.04475815104517894
6131.0 0.04488226903217847
6132.0 0.04501290790797473
6133.0 0.04522948143559904
6134.0 0.045446149111713414
6135.0 0.045766211277726475
6136.0 0.04614726975937731
6137.0 0.04647884003097628
6138.0 0.046599510892310514
6139.0 0.0467201489869579
6140.0 0.046890022818600025
6141.0 0.04707631073342109
6142.0 0.04730568236211787
6143.0 0.04763543768427815
6144.0 0.04796533068620719
6145.0 0.04816125362610739
6146.0 0.048335433488975
6147.0 0.04845291213396126
6148.0 0.04849225554839494
6149.0 0.04853161121040756
6150.0 0.048646989137034184
6151.0 0.04876467956145999
6152.0 0.04885600863613568
6153.0 0.04892386446537855
6154.0 0.04899939339246148
6155.0 0.0491521374609941
6156.0 0.049305025065464
6157.0 0.049440564536714186
6158.0 0.04956632365143716
6159.0 0.049707697331585476
6160.0 0.0499113223234649
6161.0 0.0501151112093318
6162.0 0.0502450381096967
6163.0 0.05035171365467973
6164.0 0.05044312316607658
6165.0 0.050502224281554924
6166.0 0.05056134449370694
6167.0 0.05057610538870807
6168.0 0.050584248883056286
6169.0 0.05065281448748603
6170.0 0.05080162977071225
6171.0 0.0509504979109445
6172.0 0.05108524136998525
6173.0 0.05121988956686103
6174.0 0.05128252450704354
6175.0 0.051283693909741884
6176.0 0.05130277320396677
6177.0 0.05148310317671479
6178.0 0.05166340686902266
6179.0 0.0518336131172084
6180.0 0.05199864347808841
6181.0 0.05208222758720618
6182.0 0.051859173845640656
6183.0 0.051635944656323964
6184.0 0.051610817979805546
6185.0 0.051644888339147245
6186.0 0.05171085998443408
6187.0 0.05184161508021631
6188.0 0.05197232418783744
6189.0 0.05192101235010104
6190.0 0.0518470707083899
6191.0 0.0518149355487628
6192.0 0.05183583718273682
6193.0 0.051856742984966245
6194.0 0.051906461086460166
6195.0 0.05195610376851881
6196.0 0.051982152277440005
6197.0 0.05198974387527789
6198.0 0.05198208417523182
6199.0 0.05185182377635749
6200.0 0.05172142294163733
6201.0 0.051623213992242026
6202.0 0.05154080527444017
6203.0 0.05148116391425219
6204.0 0.05149784425137428
6205.0 0.05151452724997006
6206.0 0.0514290472487964
6207.0 0.05131468602508473
6208.0 0.05122299863494031
6209.0 0.051175384310176555
6210.0 0.05112783749237034
6211.0 0.05105810656928826
6212.0 0.05098588333600411
6213.0 0.05095620108995701
6214.0 0.05097638511048082
6215.0 0.050997080379637794
6216.0 0.051068096646450234
6217.0 0.051139136037626806
6218.0 0.05104360464497607
6219.0 0.050822421645911074
6220.0 0.05059985438888417
6221.0 0.05036793479599318
6222.0 0.050136009143078614
6223.0 0.05000271702238025
6224.0 0.04991583836107482
6225.0 0.049863984495610233
6226.0 0.049922527845170685
6227.0 0.04998126251135256
6228.0 0.049851990030719925
6229.0 0.04967564644502518
6230.0 0.049437677198457444
6231.0 0.04908495758523881
6232.0 0.04873209181267247
6233.0 0.04861643043087727
6234.0 0.048524180131379
6235.0 0.04843408446962536
6236.0 0.04834641405974909
6237.0 0.048257355641488024
6238.0 0.04812199896148296
6239.0 0.04798666374099538
6240.0 0.04788465422492183
6241.0 0.047806801572572805
6242.0 0.047733939712048166
6243.0 0.04769151690495285
6244.0 0.047649071042152616
6245.0 0.047609079404202094
6246.0 0.04757013888070738
6247.0 0.04751092827470328
6248.0 0.04739068390626117
6249.0 0.047270542866950836
6250.0 0.047017229055087165
6251.0 0.046732723861206346
6252.0 0.04649910556989304
6253.0 0.0463522154770863
6254.0 0.04620533044753516
6255.0 0.04600454531564137
6256.0 0.04579904930765037
6257.0 0.04557578616449442
6258.0 0.04533334063231003
6259.0 0.045094775771240846
6260.0 0.04495045193032227
6261.0 0.04480612756860346
6262.0 0.04465392541168624
6263.0 0.044496540916092606
6264.0 0.044344084364866164
6265.0 0.04421960932180104
6266.0 0.04409521480078344
6267.0 0.0440347076250916
6268.0 0.044000337698330984
6269.0 0.04388503617528659
6270.0 0.043550805233782686
6271.0 0.043216461393990775
6272.0 0.042882444882602254
6273.0 0.04254848177782568
6274.0 0.04230224639287306
6275.0 0.04219911830419278
6276.0 0.04209614112485679
6277.0 0.04208221023301724
6278.0 0.04207409749114861
6279.0 0.04187927662976942
6280.0 0.04148981279493084
6281.0 0.0411112315976493
6282.0 0.04093977604050138
6283.0 0.04076828045047774
6284.0 0.04065604478318526
6285.0 0.040581683716924666
6286.0 0.04048885198648924
6287.0 0.04030546990503913
6288.0 0.04012203413387618
6289.0 0.03992076459541687
6290.0 0.03971257925417483
6291.0 0.03951286087906199
6292.0 0.03933486795019568
6293.0 0.03915688487635819
6294.0 0.039012331788262675
6295.0 0.038874188247976345
6296.0 0.03872559349638922
6297.0 0.038560788654836926
6298.0 0.038395863991246656
6299.0 0.03811649952790612
6300.0 0.03783090606543932
6301.0 0.03757901246272917
6302.0 0.03735940091282428
6303.0 0.03714161471287723
6304.0 0.036952908357757455
6305.0 0.03676418366683768
6306.0 0.03659981142002701
6307.0 0.03645041649522541
6308.0 0.03628980260751065
6309.0 0.03607797274453667
6310.0 0.035866099070379416
6311.0 0.03572826155090527
6312.0 0.035616410023664814
6313.0 0.035484388401804554
6314.0 0.03530285246673053
6315.0 0.035121287051075825
6316.0 0.03481757027894733
6317.0 0.03449210833429097
6318.0 0.03429192065826692
6319.0 0.034272377105914076
6320.0 0.03425280760172966
6321.0 0.03427993996862154
6322.0 0.034309081204451385
6323.0 0.03414857715434086
6324.0 0.03381274415238953
6325.0 0.03348212561261052
6326.0 0.03321398931424206
6327.0 0.0329456217358736
6328.0 0.03283257429286555
6329.0 0.032810861004953895
6330.0 0.032762538203881746
6331.0 0.032600676466756705
6332.0 0.032438720970401555
6333.0 0.032199846208994326
6334.0 0.03193517249771678
6335.0 0.03171018023896921
6336.0 0.031573914496122936
6337.0 0.031437518676645085
6338.0 0.03137976812009076
6339.0 0.031334819849235244
6340.0 0.031232275873213696
6341.0 0.031050036006444296
6342.0 0.030867673927306168
6343.0 0.030725516417509032
6344.0 0.030584145004927968
6345.0 0.03046432579519279
6346.0 0.030363686733081242
6347.0 0.030264904557041786
6348.0 0.03018600368313428
6349.0 0.030107017884574493
6350.0 0.030021174154336826
6351.0 0.02993166259547575
6352.0 0.02979763190692719
6353.0 0.029485785829623527
6354.0 0.02917368511007196
6355.0 0.028984027210270227
6356.0 0.028832991919265267
6357.0 0.028740587252873182
6358.0 0.028772858449094066
6359.0 0.02880519482926663
6360.0 0.028613656211684154
6361.0 0.028391464422126204
6362.0 0.028179156900407693
6363.0 0.027980087354159962
6364.0 0.027780859778869214
6365.0 0.027750767690010808
6366.0 0.027722344539055463
6367.0 0.02763509138227363
6368.0 0.0274995420318315
6369.0 0.027374758552097964
6370.0 0.02734772104067185
6371.0 0.02732064415201708
6372.0 0.027254127413193815
6373.0 0.027167246942727145
6374.0 0.027079531820719913
6375.0 0.026988903634736754
6376.0 0.02689826176514097
6377.0 0.02693820357180527
6378.0 0.027017271154069995
6379.0 0.026993572799005525
6380.0 0.026761134884831936
6381.0 0.026528453679697177
6382.0 0.026281277858832768
6383.0 0.0260321248398951
6384.0 0.025886458425599997
6385.0 0.02586745692394735
6386.0 0.02584850822399997
6387.0 0.025793708067745436
6388.0 0.025738798882821195
6389.0 0.025683049145976362
6390.0 0.025626590471848492
6391.0 0.025576084665305227
6392.0 0.025569737047473635
6393.0 0.025563329005420996
6394.0 0.025448697410310923
6395.0 0.0252806186713322
6396.0 0.02513005194660261
6397.0 0.025038578641694387
6398.0 0.024946962310372467
6399.0 0.02506407830728417
6400.0 0.02523678662930522
6401.0 0.02537809340996481
6402.0 0.02545819358723567
6403.0 0.025538401259022184
6404.0 0.02549326560325287
6405.0 0.025434095905495897
6406.0 0.02535184431496832
6407.0 0.025242473154995084
6408.0 0.025134580815314493
6409.0 0.02510682232563028
6410.0 0.025079025284367125
6411.0 0.02500515374899333
6412.0 0.024896444359004625
6413.0 0.02479011935839304
6414.0 0.02470038051141825
6415.0 0.02461050524097846
6416.0 0.024565102672170103
6417.0 0.024539600531071997
6418.0 0.024572219712576997
6419.0 0.024789231361831327
6420.0 0.02500635585029132
6421.0 0.025166758816777178
6422.0 0.025312984451670434
6423.0 0.025363271339306992
6424.0 0.025242655166080045
6425.0 0.02512187747324131
6426.0 0.025031708743268245
6427.0 0.024944452231380306
6428.0 0.024953038482132504
6429.0 0.02506989940466829
6430.0 0.025182427078211216
6431.0 0.02515302881368128
6432.0 0.025123554585080855
6433.0 0.025060301738182685
6434.0 0.024973501259015964
6435.0 0.024918867281572128
6436.0 0.0250622586541141
6437.0 0.025205723904546267
6438.0 0.025194390450468784
6439.0 0.02511651656924392
6440.0 0.025042483951848365
6441.0 0.024979603477990674
6442.0 0.02491654321633172
6443.0 0.024988490201176855
6444.0 0.025092073381753194
6445.0 0.02519670943798669
6446.0 0.025303073994130315
6447.0 0.025409435242468695
6448.0 0.02527336820353348
6449.0 0.02511881268027542
6450.0 0.025005837326700548
6451.0 0.02493781017403689
6452.0 0.024881678416798357
6453.0 0.025113344523261052
6454.0 0.025345137746267843
6455.0 0.025404715664847755
6456.0 0.02534943481817892
6457.0 0.025271219762446746
6458.0 0.025073041734209676
6459.0 0.02487463698358861
6460.0 0.025038509147675667
6461.0 0.02535048662316458
6462.0 0.025590484778235535
6463.0 0.025635452882840904
6464.0 0.0256804454698587
6465.0 0.025588853767447545
6466.0 0.02546915968015152
6467.0 0.02542549000629287
6468.0 0.02550607825761091
6469.0 0.02558663216084214
6470.0 0.025672060969934657
6471.0 0.025757730149178256
6472.0 0.025833762253035797
6473.0 0.025900147673181047
6474.0 0.025959788986741773
6475.0 0.025892049584671454
6476.0 0.0258241453398223
6477.0 0.025870382820298896
6478.0 0.025989554571726657
6479.0 0.026110413120038808
6480.0 0.026239547136710492
6481.0 0.0263686223698811
6482.0 0.02633543399560759
6483.0 0.026242036976712405
6484.0 0.026170128699085155
6485.0 0.026153628334557498
6486.0 0.02613703516987094
6487.0 0.02626463077196894
6488.0 0.026419614573380795
6489.0 0.026423288889052675
6490.0 0.02619984670461054
6491.0 0.025976181837494713
6492.0 0.0260866807766701
6493.0 0.02621474675335072
6494.0 0.02646558759399579
6495.0 0.026834455545662196
6496.0 0.027179582987317794
6497.0 0.02720964089754942
6498.0 0.02723958071434104
6499.0 0.02726673327522627
6500.0 0.027292198670925517
6501.0 0.02728544389576873
6502.0 0.027132538834720846
6503.0 0.026979372073741563
6504.0 0.02698085938292855
6505.0 0.027036555625152666
6506.0 0.027124872882421092
6507.0 0.027289613758898965
6508.0 0.027454271012999996
6509.0 0.027505100880676037
6510.0 0.027535696884839367
6511.0 0.027550723018830527
6512.0 0.02754328625975482
6513.0 0.027535718549512127
6514.0 0.027583156768639993
6515.0 0.027632223735039988
6516.0 0.027677240662420027
6517.0 0.027718630561614388
6518.0 0.027759982748096997
6519.0 0.027802187216958173
6520.0 0.027844268240830465
6521.0 0.02798862040494948
6522.0 0.028190418984397825
6523.0 0.028341976686977417
6524.0 0.028279488074531338
6525.0 0.02821681661022862
6526.0 0.028274857453661584
6527.0 0.028373042186964396
6528.0 0.028436971421898872
6529.0 0.028424987477591184
6530.0 0.028412781779521893
6531.0 0.028278220695060627
6532.0 0.028125251592890955
6533.0 0.02804551978596206
6534.0 0.028066878337760705
6535.0 0.028088106377596834
6536.0 0.028333112994773205
6537.0 0.028582556561061845
6538.0 0.02869082293368879
6539.0 0.028678808107028164
6540.0 0.028668541010583127
6541.0 0.028676665603061705
6542.0 0.02868474525656389
6543.0 0.028686087268953695
6544.0 0.02868380838988227
6545.0 0.02867763729843451
6546.0 0.02865719416011534
6547.0 0.0286366635398105
6548.0 0.02874010911795891
6549.0 0.028882586320354602
6550.0 0.028979434328091913
6551.0 0.028979543657926876
6552.0 0.0289795175746629
6553.0 0.02893796711997831
6554.0 0.028890682382202305
6555.0 0.02885385596657598
6556.0 0.028830417853649638
6557.0 0.028806893409407085
6558.0 0.02872821716904832
6559.0 0.028648909100339327
6560.0 0.02869660215862485
6561.0 0.028848158262402116
6562.0 0.0289863658395372
6563.0 0.02901784158841931
6564.0 0.02904917471126731
6565.0 0.028941136833943375
6566.0 0.028761338068193892
6567.0 0.028609445568303877
6568.0 0.02855676228423789
6569.0 0.028504046272208587
6570.0 0.02845280179036841
6571.0 0.028401917218315774
6572.0 0.028446680014241284
6573.0 0.02868584264884283
6574.0 0.028924806445652287
6575.0 0.028961308145827768
6576.0 0.028972702188300427
6577.0 0.028941464235444907
6578.0 0.02885810612439758
6579.0 0.028775977523031595
6580.0 0.0288221425815242
6581.0 0.028868202442559967
6582.0 0.02894801551635221
6583.0 0.029054321061547185
6584.0 0.029148702720379942
6585.0 0.02915650053736478
6586.0 0.029164248801419924
6587.0 0.029123099572789836
6588.0 0.029058954983284178
6589.0 0.02901898566228669
6590.0 0.029059989002698988
6591.0 0.029100931215929216
6592.0 0.02904266199331573
6593.0 0.02895801418686235
6594.0 0.02889573430711577
6595.0 0.028874949504252637
6596.0 0.028854170308547394
6597.0 0.028986913125140665
6598.0 0.02913666515725448
6599.0 0.02924603129379505
6600.0 0.029308127908416748
6601.0 0.029369538439867802
6602.0 0.029400740391691087
6603.0 0.029431928544032065
6604.0 0.029274876387435766
6605.0 0.02898163894636628
6606.0 0.02871270563617748
6607.0 0.028606018785886558
6608.0 0.02849937093688985
6609.0 0.028458716435890836
6610.0 0.02844765683128586
6611.0 0.028461421474787363
6612.0 0.02854963042400001
6613.0 0.028637757961105296
6614.0 0.028807463565710116
6615.0 0.0289975000845496
6616.0 0.029083001259717037
6617.0 0.02898275349005133
6618.0 0.028882543115968027
6619.0 0.02868404385973927
6620.0 0.028477023228024746
6621.0 0.02831056962218777
6622.0 0.028189826557024483
6623.0 0.028072202571586196
6624.0 0.028054022935400057
6625.0 0.0280358041798889
6626.0 0.02794971346903362
6627.0 0.027816539061750644
6628.0 0.027689428265498958
6629.0 0.027596434473772653
6630.0 0.027503475134677925
6631.0 0.02755301320556732
6632.0 0.027663616749567414
6633.0 0.027746550947758564
6634.0 0.027750843722553195
6635.0 0.027755132701813744
6636.0 0.02769658821835703
6637.0 0.027624309095358263
6638.0 0.02759183847533527
6639.0 0.02762722096214736
6640.0 0.027662631427696472
6641.0 0.027602210671648596
6642.0 0.02753460041311369
6643.0 0.027434016516085062
6644.0 0.027299217504778085
6645.0 0.02716939818606421
6646.0 0.027159062226096937
6647.0 0.027148685347601998
6648.0 0.027171214567437974
6649.0 0.027215565463117954
6650.0 0.027228851347713516
6651.0 0.02707871355902323
6652.0 0.02692862900082129
6653.0 0.02674743445135692
6654.0 0.026554212730424707
6655.0 0.02643542728560231
6656.0 0.02651771664436424
6657.0 0.026600058786333727
6658.0 0.02658475343424276
6659.0 0.02654946161163943
6660.0 0.0264765302149793
6661.0 0.026344720117973022
6662.0 0.026212954335914116
6663.0 0.026212590392894197
6664.0 0.026220605450992644
6665.0 0.026173792553776044
6666.0 0.026072138346646564
6667.0 0.02596751271440836
6668.0 0.025814524473056818
6669.0 0.025661627338875802
6670.0 0.02553797818917578
6671.0 0.025433007429260773
6672.0 0.025329030598106914
6673.0 0.025229815154163907
6674.0 0.02513067096198125
6675.0 0.025135636963864644
6676.0 0.025179128699093185
6677.0 0.025195078614634082
6678.0 0.025143818627233673
6679.0 0.025092533931590735
6680.0 0.025006804756364832
6681.0 0.024914571095939475
6682.0 0.024791589439443023
6683.0 0.024622488882731157
6684.0 0.02445344082662326
6685.0 0.024389762473770865
6686.0 0.024330529341003694
6687.0 0.024308060831520987
6688.0 0.02432089874891902
6689.0 0.024331398660861654
6690.0 0.024310945281379427
6691.0 0.02429049709750376
6692.0 0.024228776345241173
6693.0 0.02414289627729846
6694.0 0.024051537110366984
6695.0 0.023935094040655226
6696.0 0.023818686489136737
6697.0 0.02385468708031425
6698.0 0.023944151832351913
6699.0 0.02397691980681508
6700.0 0.023877473245670397
6701.0 0.023778018970907668
6702.0 0.023584202521800435
6703.0 0.023375038828916252
6704.0 0.0232379965631073
6705.0 0.023204760926986475
6706.0 0.02317149774809756
6707.0 0.023219870373333725
6708.0 0.02327075128302392
6709.0 0.023254187569923788
6710.0 0.023177840274183167
6711.0 0.023098243408330128
6712.0 0.022980994428898702
6713.0 0.022863783466533706
6714.0 0.022827242215530445
6715.0 0.022836043628356617
6716.0 0.022835639289999956
6717.0 0.022798543997631524
6718.0 0.02276142386165257
6719.0 0.02271999225891278
6720.0 0.022677072734062907
6721.0 0.022616604960760914
6722.0 0.022517038383985586
6723.0 0.022417434886435748
6724.0 0.022309303060271457
6725.0 0.022199936085369208
6726.0 0.0222151594862063
6727.0 0.022395550889417193
6728.0 0.02257583457978851
6729.0 0.022508641120855308
6730.0 0.02243635409386575
6731.0 0.022364799476580627
6732.0 0.022293867398923695
6733.0 0.022235963496842134
6734.0 0.022295991851999986
6735.0 0.02235592110315783
6736.0 0.022392691742431053
6737.0 0.02241699463183276
6738.0 0.022395079368708038
6739.0 0.022199725849677
6740.0 0.022004423728858587
6741.0 0.021951026422085892
6742.0 0.021939963762864008
6743.0 0.021899403825730968
6744.0 0.021796268019333338
6745.0 0.021693075376054114
6746.0 0.02155544171854221
6747.0 0.021413039393125163
6748.0 0.02127742658798013
6749.0 0.021150371949277817
6750.0 0.021023279893044144
6751.0 0.02117665146164839
6752.0 0.02132983341140842
6753.0 0.02136200425753214
6754.0 0.021295198125269477
6755.0 0.021244946627065494
6756.0 0.021329105238063355
6757.0 0.021413107202455733
6758.0 0.021434397382472787
6759.0 0.02142480081452751
6760.0 0.021397652285273495
6761.0 0.021308721062012606
6762.0 0.02121970474441991
6763.0 0.02111341368840907
6764.0 0.021002263056605075
6765.0 0.020895520481318708
6766.0 0.020797460145212162
6767.0 0.02069932791054057
6768.0 0.02069044705234577
6769.0 0.02069249852026188
6770.0 0.02071147429878457
6771.0 0.020751138879480314
6772.0 0.02078974211194242
6773.0 0.02073999124565918
6774.0 0.020690104227424212
6775.0 0.02066758124066863
6776.0 0.02066563000675956
6777.0 0.020652987246168878
6778.0 0.020562861122129048
6779.0 0.020472735086886178
6780.0 0.020401531827786
6781.0 0.02033921355034994
6782.0 0.02033383057739615
6783.0 0.020508836265660572
6784.0 0.02068358103967321
6785.0 0.020587593615840838
6786.0 0.020419728214369697
6787.0 0.020279004811091853
6788.0 0.020188571288481897
6789.0 0.02009811444323836
6790.0 0.020156846105759987
6791.0 0.020230130980345266
6792.0 0.02019607729886235
6793.0 0.020036181498271213
6794.0 0.019877372708136627
6795.0 0.019769399235858343
6796.0 0.019661427645654414
6797.0 0.019670895012488438
6798.0 0.019765296419236068
6799.0 0.019853992242017646
6800.0 0.01990915402999574
6801.0 0.019964147782364574
6802.0 0.01992557798764864
6803.0 0.019844970528678545
6804.0 0.019796848914509987
6805.0 0.019846007557258377
6806.0 0.019895000704104018
6807.0 0.020000695928126314
6808.0 0.02011948324884207
6809.0 0.02015527411318758
6810.0 0.020043889677383853
6811.0 0.01993252260396194
6812.0 0.019840424116727484
6813.0 0.019750028469876266
6814.0 0.019754125555812973
6815.0 0.01986034645816077
6816.0 0.01995691253208188
6817.0 0.01974811171005181
6818.0 0.019539422383482524
6819.0 0.019449868454746798
6820.0 0.0194429591299009
6821.0 0.019458315564019567
6822.0 0.019600035774916855
6823.0 0.019741526816733305
6824.0 0.019791578710842105
6825.0 0.01980431328023156
6826.0 0.019797191506282067
6827.0 0.019733800774333714
6828.0 0.019670443195091165
6829.0 0.019665301986085446
6830.0 0.019672928164419345
6831.0 0.019675709701780227
6832.0 0.019670776460423565
6833.0 0.019665766380853846
6834.0 0.019522538898882797
6835.0 0.019369060964430033
6836.0 0.019292828508357365
6837.0 0.01929682933686334
6838.0 0.019301861908808435
6839.0 0.01932748498892843
6840.0 0.01935305491056422
6841.0 0.01938383045008034
6842.0 0.019418070613996235
6843.0 0.019444492558812088
6844.0 0.019430119935785677
6845.0 0.019415781386912814
6846.0 0.01932111477208826
6847.0 0.019195342894472722
6848.0 0.019119968831558653
6849.0 0.01917378577605595
6850.0 0.01922754241621261
6851.0 0.019303221854418056
6852.0 0.01938328423343052
6853.0 0.019410020402846274
6854.0 0.019353450014466513
6855.0 0.01929697203901459
6856.0 0.019221728961528406
6857.0 0.019145646407519982
6858.0 0.01913294122205195
6859.0 0.019183483399961773
6860.0 0.01923805485499543
6861.0 0.01935653059591552
6862.0 0.01947489409379971
6863.0 0.01955368214910229
6864.0 0.01960829558007156
6865.0 0.019655981301093858
6866.0 0.01967013110710091
6867.0 0.01968431209738441
6868.0 0.019630900644715395
6869.0 0.019552568462431454
6870.0 0.019466058039900536
6871.0 0.019359278142446257
6872.0 0.019252686536678106
6873.0 0.01927370996331784
6874.0 0.01931725753523994
6875.0 0.019373996346044777
6876.0 0.019450445925689407
6877.0 0.019526919049638713
6878.0 0.01945942775555506
6879.0 0.019386110844553064
6880.0 0.019323391946728392
6881.0 0.019270419111842085
6882.0 0.019220669331644447
6883.0 0.0192114338939932
6884.0 0.019202362380119645
6885.0 0.019223298920616028
6886.0 0.019261888749772454
6887.0 0.01931242619906266
6888.0 0.01941378071997214
6889.0 0.019515146306089196
6890.0 0.01962056986412376
6891.0 0.019727379281109708
6892.0 0.01979337516660649
6893.0 0.019764171850607606
6894.0 0.019735091339012443
6895.0 0.019793925367970967
6896.0 0.019867096460015846
6897.0 0.019873249759999958
6898.0 0.019787013522947323
6899.0 0.01970098855999994
6900.0 0.01973420038871895
6901.0 0.019771224129682487
6902.0 0.019792418941964596
6903.0 0.01979967830622744
6904.0 0.019791010398562923
6905.0 0.01961993085380375
6906.0 0.01944912495499489
6907.0 0.01939544056138533
6908.0 0.0194076276378734
6909.0 0.019431510266289153
6910.0 0.019501685696799657
6911.0 0.019572008480789983
6912.0 0.01956685181367783
6913.0 0.019538047165888358
6914.0 0.01952774558490208
6915.0 0.019558483405431936
6916.0 0.01958936856067323
6917.0 0.019540467994961577
6918.0 0.019479785868000185
6919.0 0.019388384355120237
6920.0 0.01925614407652319
6921.0 0.019124179408796887
6922.0 0.019286059388919106
6923.0 0.01945098500154102
6924.0 0.019636424005775102
6925.0 0.019839339985850062
6926.0 0.02001167993190648
6927.0 0.01990867151840198
6928.0 0.01980584764920313
6929.0 0.019623397854903565
6930.0 0.01940007210612253
6931.0 0.019260352646211336
6932.0 0.0194345054971956
6933.0 0.0196086963298661
6934.0 0.019718110439033036
6935.0 0.01980824722814943
6936.0 0.019849346281028992
6937.0 0.01979073096244038
6938.0 0.019732271640099344
6939.0 0.019711512065886356
6940.0 0.019695980871457283
6941.0 0.019662990071562338
6942.0 0.019607666354070526
6943.0 0.01955249311768415
6944.0 0.019498329948391152
6945.0 0.019444246073882968
6946.0 0.019484737263485055
6947.0 0.01959951136166269
6948.0 0.01971134420301383
6949.0 0.01979878206129915
6950.0 0.019886312256121343
6951.0 0.01987560055088221
6952.0 0.019816581866119554
6953.0 0.019782346170578488
6954.0 0.01983073938728586
6955.0 0.01987919771405976
6956.0 0.019917703870539136
6957.0 0.01995340649953186
6958.0 0.01998401956613021
6959.0 0.020004654920473052
6960.0 0.020025324131090667
6961.0 0.019866774833816887
6962.0 0.019688315349315783
6963.0 0.019593169401240798
6964.0 0.01959975531293832
6965.0 0.019608091437475446
6966.0 0.019786262474873157
6967.0 0.019964494077031873
6968.0 0.02004760387518356
6969.0 0.02005895065355325
6970.0 0.02005549234805874
6971.0 0.019943175521152202
6972.0 0.01983086502577285
6973.0 0.019785450902068333
6974.0 0.01977146260472536
6975.0 0.019752094154065564
6976.0 0.01971579842532871
6977.0 0.019679400664767
6978.0 0.019724092091570524
6979.0 0.01978898895850107
6980.0 0.019856326604295222
6981.0 0.01992826138716541
6982.0 0.02000011755720733
6983.0 0.020079373124386072
6984.0 0.020159254697372675
6985.0 0.020202462768518715
6986.0 0.02020429801894736
6987.0 0.020207102573429815
6988.0 0.020264368966523883
6989.0 0.0203214810430242
6990.0 0.020277877718984576
6991.0 0.020161363741142767
6992.0 0.020039653664343054
6993.0 0.01988663805984798
6994.0 0.019733518794035856
6995.0 0.019654758405525097
6996.0 0.019609378217133686
6997.0 0.019584640554279085
6998.0 0.01962213790022017
6999.0 0.019659482713223306
7000.0 0.019770376897973264
7001.0 0.019898383056018244
7002.0 0.019973665231649677
7003.0 0.019959332954930492
7004.0 0.019944863124574254
7005.0 0.01982938231930257
7006.0 0.01970501183451334
7007.0 0.01965726079568071
7008.0 0.019692468811354304
7009.0 0.019726961794207975
7010.0 0.019748751711386927
7011.0 0.019770316105032402
7012.0 0.01978611446972038
7013.0 0.019797756445630664
7014.0 0.019802873373206832
7015.0 0.01977170187656365
7016.0 0.01974029976732161
7017.0 0.01975232464155284
7018.0 0.019781957548848015
7019.0 0.019794680715058258
7020.0 0.019759677058963088
7021.0 0.019724482280401485
7022.0 0.019671779473407973
7023.0 0.01961516327311785
7024.0 0.01956388509615847
7025.0 0.019521452973334495
7026.0 0.019478909658178372
7027.0 0.019412159244420996
7028.0 0.019343750248842044
7029.0 0.019316734742847806
7030.0 0.019332750342920677
7031.0 0.019354959512589476
7032.0 0.019498340086842075
7033.0 0.019641472765607307
7034.0 0.01960711223317895
7035.0 0.01945939362103576
7036.0 0.019303636181676843
7037.0 0.0191053599747855
7038.0 0.01890716966419911
7039.0 0.018824391677709506
7040.0 0.018786398619192877
7041.0 0.018728120634407597
7042.0 0.018617910982031572
7043.0 0.018507739239771757
7044.0 0.018549267773384507
7045.0 0.018621788776875786
7046.0 0.01866314098319938
7047.0 0.018655921368233713
7048.0 0.018648698799908256
7049.0 0.018637122626862367
7050.0 0.018625319301747285
7051.0 0.018669465658300244
7052.0 0.018767312865733927
7053.0 0.01885459390853028
7054.0 0.018777592543190145
7055.0 0.018700764436506936
7056.0 0.018619196408785326
7057.0 0.01853474905487696
7058.0 0.01845086907819532
7059.0 0.01836871567295368
7060.0 0.018286770196559197
7061.0 0.01817667788653325
7062.0 0.01805634930621678
7063.0 0.017986478006234277
7064.0 0.018039713861083245
7065.0 0.018093022417192475
7066.0 0.018126542959943134
7067.0 0.018156719954387324
7068.0 0.01817161883712793
7069.0 0.01816350981143271
7070.0 0.01815560014297228
7071.0 0.018102980193847422
7072.0 0.018048758279094503
7073.0 0.017991769334791418
7074.0 0.01793227892708965
7075.0 0.017885582897706927
7076.0 0.017982760280592834
7077.0 0.01808013041280421
7078.0 0.018104641673728928
7079.0 0.018086559360829937
7080.0 0.01804957302437073
7081.0 0.017931312462436615
7082.0 0.01781337631081401
7083.0 0.01776291239751157
7084.0 0.01773509970323367
7085.0 0.01771461226937392
7086.0 0.017710913339360177
7087.0 0.017707442293224504
7088.0 0.017714977751706964
7089.0 0.017724508863793502
7090.0 0.017703253485087563
7091.0 0.017639353776445005
7092.0 0.017575727652850034
7093.0 0.01756734186041756
7094.0 0.017560914651683066
7095.0 0.017559046349853523
7096.0 0.01756121708331471
7097.0 0.017565497114720326
7098.0 0.01758871928228872
7099.0 0.017612167311589304
7100.0 0.017581925465362115
7101.0 0.017522862143138935
7102.0 0.01745044677515998
7103.0 0.01732404519980258
7104.0 0.0171977608196536
7105.0 0.017188101546033528
7106.0 0.017215362598030123
7107.0 0.017229664746928358
7108.0 0.017216184662711544
7109.0 0.017202797489743158
7110.0 0.017138391480625098
7111.0 0.017066310721079045
7112.0 0.017006845912317894
7113.0 0.016964111340308535
7114.0 0.01692130792127322
7115.0 0.017105833004919507
7116.0 0.017292552627865186
7117.0 0.01730241510893253
7118.0 0.017161520219917927
7119.0 0.017051167172129976
7120.0 0.017217585679452113
7121.0 0.017383755325445727
7122.0 0.017426179614751725
7123.0 0.01740473333904875
7124.0 0.017368561337049195
7125.0 0.017281078200676973
7126.0 0.01719319625245886
7127.0 0.01720799751983049
7128.0 0.017253186218799968
7129.0 0.017292131910220512
7130.0 0.017318909722972495
7131.0 0.017345132524929235
7132.0 0.017324982620501483
7133.0 0.01729854715176001
7134.0 0.01723206637536417
7135.0 0.01711476801926774
7136.0 0.016996864953246267
7137.0 0.016983401450787222
7138.0 0.016969191836913994
7139.0 0.016967482779363767
7140.0 0.016975365777039144
7141.0 0.016990858519365628
7142.0 0.01707312976006177
7143.0 0.017154480796062483
7144.0 0.017088151866087635
7145.0 0.016948911409451116
7146.0 0.016829142562733407
7147.0 0.016775721929555825
7148.0 0.016721748261290074
7149.0 0.016722104621080404
7150.0 0.016736450042248396
7151.0 0.016700060779358997
7152.0 0.016566014857479074
7153.0 0.016431817660323363
7154.0 0.01640780126915565
7155.0 0.01639578655726939
7156.0 0.016394368650388187
7157.0 0.01640546762384839
7158.0 0.01641565168243604
7159.0 0.01633001474296108
7160.0 0.016244895628153448
7161.0 0.016262848472373866
7162.0 0.016358592796272442
7163.0 0.01642406975554355
7164.0 0.016283227011743936
7165.0 0.01614404577172201
7166.0 0.01598653634023199
7167.0 0.015821681955195302
7168.0 0.015727379208524576
7169.0 0.01585168101335632
7170.0 0.01597875570476615
7171.0 0.01608249816147019
7172.0 0.016183350242499343
7173.0 0.01628311049187784
7174.0 0.01637819472780838
