# %ECSV 1.0
# ---
# datatype:
# - {name: WAV, unit: Angstrom, datatype: float32}
# - {name: EFF, datatype: float64}
# meta: !!omap
# - {GRISM: 600/4000}
# - {DICHROIC: D500}
# schema: astropy-2.0
WAV EFF
3200.0 0.062355913166856694
3201.0 0.06289377606919458
3202.0 0.06338274234404721
3203.0 0.06383063545181222
3204.0 0.06424136712268844
3205.0 0.06462178288452379
3206.0 0.06497383860241768
3207.0 0.06530437980421806
3208.0 0.06561536235502434
3209.0 0.06590972005248562
3210.0 0.06619234255935043
3211.0 0.0664632298756188
3212.0 0.06672531579893981
3213.0 0.06698153412696259
3214.0 0.06723286279223685
3215.0 0.06748125765986197
3216.0 0.067726718729838
3217.0 0.06797217979981401
3218.0 0.06821666293724034
3219.0 0.06846310193976606
3220.0 0.06871051887484149
3221.0 0.06895989167501633
3222.0 0.06921122034029059
3223.0 0.06946646073576367
3224.0 0.06972365699633615
3225.0 0.06998574291965716
3226.0 0.07025076264062728
3227.0 0.07051969409179622
3228.0 0.0707935152057137
3229.0 0.07107027011728029
3230.0 0.07135191469159541
3231.0 0.07163747099610934
3232.0 0.07192791696337181
3233.0 0.07222227466083309
3234.0 0.07252054408849319
3235.0 0.07282370317890183
3236.0 0.07313077399950928
3237.0 0.07344175655031555
3238.0 0.07375762876387036
3239.0 0.07407839064017367
3240.0 0.07440306424667582
3241.0 0.0747316495833768
3242.0 0.07506512458282628
3243.0 0.07540348924502432
3244.0 0.07574478770487145
3245.0 0.07609195376001682
3246.0 0.07644303154536101
3247.0 0.07679899899345373
3248.0 0.07715985610429496
3249.0 0.07752462494533502
3250.0 0.07789428344912362
3251.0 0.07826883161566073
3252.0 0.07864924737749608
3253.0 0.07903357486953025
3254.0 0.07942279202431293
3255.0 0.07981787677439386
3256.0 0.08021785118722333
3257.0 0.0806227152628013
3258.0 0.08103344693367752
3259.0 0.08145004619985195
3260.0 0.08187153512877493
3261.0 0.08229791372044641
3262.0 0.08273113783996586
3263.0 0.0831692516222338
3264.0 0.08361421093234969
3265.0 0.08406405990521412
3266.0 0.08452075440592649
3267.0 0.08498233856938738
3268.0 0.08545076826069618
3269.0 0.08592506554730324
3270.0 0.08640523042920853
3271.0 0.08689224083896174
3272.0 0.0873841409114635
3273.0 0.08788386444436289
3274.0 0.0883884776400108
3275.0 0.08889993636350665
3276.0 0.08941726268230074
3277.0 0.08994045659639305
3278.0 0.09047049603833329
3279.0 0.09100640307557178
3280.0 0.09154915564065821
3281.0 0.09209679786849315
3282.0 0.09265128562417604
3283.0 0.09321066304260744
3284.0 0.0937768859888868
3285.0 0.09434897653046437
3286.0 0.09492595673479048
3287.0 0.09550978246696452
3288.0 0.09609849786188708
3289.0 0.0966930808521079
3290.0 0.0972925535050772
3291.0 0.09789789375334478
3292.0 0.09850714573181116
3293.0 0.09912324323812548
3294.0 0.09974325247463861
3295.0 0.10036815137390027
3296.0 0.10099793993591046
3297.0 0.10163164022811948
3298.0 0.10227023018307702
3299.0 0.10291273186823335
3300.0 0.10356012321613825
3301.0 0.10421044836169226
3302.0 0.10486566316999477
3303.0 0.10552381177594641
3304.0 0.10618587211209687
3305.0 0.10685086624589646
3306.0 0.10751879417734515
3307.0 0.10818965590644296
3308.0 0.10886345143318989
3309.0 0.10954018075758593
3310.0 0.11021886594708138
3311.0 0.11089950700167625
3312.0 0.11158210392137051
3313.0 0.1122666567061642
3314.0 0.11295316535605729
3315.0 0.1136406519385001
3316.0 0.11433009438604232
3317.0 0.11502051476613423
3318.0 0.11571191307877585
3319.0 0.11640331139141746
3320.0 0.1170956876366088
3321.0 0.11778904181434982
3322.0 0.11848239599209086
3323.0 0.1191757501698319
3324.0 0.11986910434757292
3325.0 0.12056245852531396
3326.0 0.121255812703055
3327.0 0.12194916688079602
3328.0 0.12264056519343763
3329.0 0.12333196350607926
3330.0 0.12402336181872087
3331.0 0.12471280426626309
3332.0 0.1254012687812556
3333.0 0.1260897332962481
3334.0 0.1267752640135915
3335.0 0.12746079473093488
3336.0 0.12814436958317887
3337.0 0.12882696650287312
3338.0 0.12950760755746799
3339.0 0.13018629274696344
3340.0 0.1308640000039092
3341.0 0.13153975139575552
3342.0 0.13221256898995276
3343.0 0.13288440865160028
3344.0 0.13355429244814837
3345.0 0.13422222037959708
3346.0 0.13488819244594635
3347.0 0.13555220864719625
3348.0 0.13621426898334668
3349.0 0.13687437345439774
3350.0 0.1375315441277997
3351.0 0.1381867589361022
3352.0 0.13884099581185502
3353.0 0.13949229888995873
3354.0 0.140141646102963
3355.0 0.14078903745086793
3356.0 0.1414344729336734
3357.0 0.14207795255137945
3358.0 0.1427194763039861
3359.0 0.14335904419149334
3360.0 0.14399665621390115
3361.0 0.1446323123712096
3362.0 0.14526699059596831
3363.0 0.1458997129556276
3364.0 0.1465314573827372
3365.0 0.14716124594474742
3366.0 0.1477890786416582
3367.0 0.14841691133856896
3368.0 0.14904181023783064
3369.0 0.1496667091370923
3370.0 0.15028965217125456
3371.0 0.1509125952054168
3372.0 0.15153358237447964
3373.0 0.15215456954354248
3374.0 0.15277457878005563
3375.0 0.15339361008401903
3376.0 0.15401264138798246
3377.0 0.1546297168268465
3378.0 0.15524777019826022
3379.0 0.15586484563712424
3380.0 0.15648289900853796
3381.0 0.157099974447402
3382.0 0.1577160719537163
3383.0 0.15833314739258034
3384.0 0.15895120076399405
3385.0 0.15956827620285807
3386.0 0.1601863295742718
3387.0 0.16080438294568553
3388.0 0.16142341424964896
3389.0 0.1620424455536124
3390.0 0.16266245479012553
3391.0 0.16328344195918837
3392.0 0.16390540706080092
3393.0 0.16452835009496317
3394.0 0.16515227106167513
3395.0 0.1657771699609368
3396.0 0.16640304679274817
3397.0 0.16702990155710923
3398.0 0.16765871218656972
3399.0 0.1682885007485799
3400.0 0.16892024517568952
3401.0 0.16955296753534882
3402.0 0.1701876457601075
3403.0 0.17082330191741596
3404.0 0.1714609139398238
3405.0 0.17209950389478132
3406.0 0.17273907178228856
3407.0 0.17337961760234552
3408.0 0.17402114135495214
3409.0 0.17466364304010853
3410.0 0.1753071226578146
3411.0 0.17595060227552065
3412.0 0.1765950598257764
3413.0 0.1772395173760322
3414.0 0.17788495285883765
3415.0 0.17853038834164311
3416.0 0.1791758238244486
3417.0 0.17982028137470438
3418.0 0.18046473892496015
3419.0 0.1811091964752159
3420.0 0.18175267609292195
3421.0 0.18239517777807834
3422.0 0.183036701530685
3423.0 0.18367724735074192
3424.0 0.18431681523824917
3425.0 0.18495344932810728
3426.0 0.1855891054854157
3427.0 0.18622280577762473
3428.0 0.18685455020473432
3429.0 0.1874833608341948
3430.0 0.1881102155985559
3431.0 0.18873315863271814
3432.0 0.18935316786923126
3433.0 0.1899702433080953
3434.0 0.1905834070167605
3435.0 0.19119265899522686
3436.0 0.19179702131094473
3437.0 0.19239747189646375
3438.0 0.19299401075178396
3439.0 0.19358468201180593
3440.0 0.1941704636090794
3441.0 0.1947503776110546
3442.0 0.19532442401773162
3443.0 0.19589260282911036
3444.0 0.1964539361126412
3445.0 0.19700940180087378
3446.0 0.19755704402870872
3447.0 0.19809784072869574
3448.0 0.1986317919008348
3449.0 0.19915694168002654
3450.0 0.19967426799882063
3451.0 0.20018279292466734
3452.0 0.20068251645756674
3453.0 0.2011744165300685
3454.0 0.2016584931421726
3455.0 0.20213376836132935
3456.0 0.20260219805263818
3457.0 0.20306182635099965
3458.0 0.20351363118896348
3459.0 0.20395859049907938
3460.0 0.20439572634879763
3461.0 0.20482601667066794
3462.0 0.20524848353214062
3463.0 0.20566410486576536
3464.0 0.20607385860409186
3465.0 0.20647578888202073
3466.0 0.20687087363210166
3467.0 0.20726106871943403
3468.0 0.2076434403463688
3469.0 0.20802092231055502
3470.0 0.20839155874689333
3471.0 0.2087573055204831
3472.0 0.20911718469877463
3473.0 0.20947119628176794
3474.0 0.20982031820201272
3475.0 0.21016455045950896
3476.0 0.2105038930542567
3477.0 0.21083834598625592
3478.0 0.21116888718805626
3479.0 0.21149551665965782
3480.0 0.21181725646851088
3481.0 0.21213606247971478
3482.0 0.21245095676071987
3483.0 0.21276193931152618
3484.0 0.2130699880646833
3485.0 0.21337510302019136
3486.0 0.21367826211059998
3487.0 0.2139784874033595
3488.0 0.2142757788984699
3489.0 0.2145720924610306
3490.0 0.21486645015849187
3491.0 0.21515885199085374
3492.0 0.21545027589066593
3493.0 0.2157407218579284
3494.0 0.21603116782519086
3495.0 0.21632063585990363
3496.0 0.21661010389461638
3497.0 0.21689957192932913
3498.0 0.2171890399640419
3499.0 0.21747948593130434
3500.0 0.2177718877636662
3501.0 0.21806428959602808
3502.0 0.2183586472934894
3503.0 0.21865398292350038
3504.0 0.21895029648606107
3505.0 0.21924758798117147
3506.0 0.21954585740883156
3507.0 0.21984412683649168
3508.0 0.2201433741967015
3509.0 0.2204426215569113
3510.0 0.22074284684967083
3511.0 0.22104307214243032
3512.0 0.22134329743518985
3513.0 0.22164352272794938
3514.0 0.22194374802070885
3515.0 0.22224397331346837
3516.0 0.2225441986062279
3517.0 0.2228434459664377
3518.0 0.22314269332664752
3519.0 0.22344194068685733
3520.0 0.22374021011451745
3521.0 0.22403847954217754
3522.0 0.22433577103728794
3523.0 0.22463208459984862
3524.0 0.2249283981624093
3525.0 0.22522373379242033
3526.0 0.2255180914898816
3527.0 0.2258114712547932
3528.0 0.22610387308715504
3529.0 0.22639529698696723
3530.0 0.2266857429542297
3531.0 0.22697521098894244
3532.0 0.2272637010911055
3533.0 0.22755023532816915
3534.0 0.22783676956523277
3535.0 0.22812134793719702
3536.0 0.22840494837661154
3537.0 0.22868757088347635
3538.0 0.22896823752524179
3539.0 0.22924792623445747
3540.0 0.22952663701112347
3541.0 0.2298033919226901
3542.0 0.23007916890170696
3543.0 0.23035299001562445
3544.0 0.2306258331969922
3545.0 0.23089769844581026
3546.0 0.23116760782952891
3547.0 0.23143556134814816
3548.0 0.2317025369342177
3549.0 0.23196853458773753
3550.0 0.23223257637615793
3551.0 0.23249564023202868
3552.0 0.23275674822279996
3553.0 0.2330159003484719
3554.0 0.23327407454159405
3555.0 0.23353127080216654
3556.0 0.2337865111976396
3557.0 0.23404077366056297
3558.0 0.2342930802583869
3559.0 0.23454343099111147
3560.0 0.23479280379128634
3561.0 0.23504022072636177
3562.0 0.2352866597288875
3563.0 0.23553212079886351
3564.0 0.2357756260037401
3565.0 0.23601717534351732
3566.0 0.23625774675074482
3567.0 0.23649636229287288
3568.0 0.23673399990245128
3569.0 0.23696968164693025
3570.0 0.2372043854588595
3571.0 0.23743713340568937
3572.0 0.2376689034199695
3573.0 0.23789871756915026
3574.0 0.23812755378578127
3575.0 0.23835639000241232
3576.0 0.23858424828649363
3577.0 0.23881112863802526
3578.0 0.2390389869221066
3579.0 0.2392658672736382
3580.0 0.23949372555771953
3581.0 0.23972158384180084
3582.0 0.2399504200584319
3583.0 0.24018023420761264
3584.0 0.24041200422189277
3585.0 0.2406447521687226
3586.0 0.2408784780481022
3587.0 0.24111513772513085
3588.0 0.24135277533470922
3589.0 0.2415943246744864
3590.0 0.24183685194681334
3591.0 0.24208329094933906
3592.0 0.24233168581696418
3593.0 0.24258399241478815
3594.0 0.24284021074281095
3595.0 0.24309936286848283
3596.0 0.24336242672435354
3597.0 0.24362940231042307
3598.0 0.24390126755924113
3599.0 0.24417704453825803
3600.0 0.24445771118002343
3601.0 0.24474228955198768
3602.0 0.24503273551925014
3603.0 0.24532904908181083
3604.0 0.24562927437457036
3605.0 0.2459363451951778
3606.0 0.24624830567853379
3607.0 0.2465671116897377
3608.0 0.24689178529623984
3609.0 0.2472223264980402
3610.0 0.24755971322768852
3611.0 0.2479039454851848
3612.0 0.2482540453379793
3613.0 0.2486119686511714
3614.0 0.24897673749221147
3615.0 0.24934932979364915
3616.0 0.24972876762293478
3617.0 0.2501160289126181
3618.0 0.250511113662699
3619.0 0.25091402187317763
3620.0 0.2513247535440538
3621.0 0.25174428660787734
3622.0 0.25217164313209856
3623.0 0.2526078010492671
3624.0 0.2530517824268333
3625.0 0.2535045651973468
3626.0 0.25396614936080775
3627.0 0.25443653491721596
3628.0 0.25491669979912124
3629.0 0.25540468814142414
3630.0 0.2559034337417739
3631.0 0.25641000280252113
3632.0 0.2569273291213152
3633.0 0.257452478900507
3634.0 0.2579883859377454
3635.0 0.258534072300481
3636.0 0.2590895379887136
3637.0 0.25965380506989355
3638.0 0.2602288294091202
3639.0 0.26081265514129426
3640.0 0.26140723813151506
3641.0 0.2620106225146832
3642.0 0.2626237862233484
3643.0 0.2632457513249609
3644.0 0.2638774957520706
3645.0 0.2645180415721275
3646.0 0.2651683667176815
3647.0 0.2658265153236331
3648.0 0.2664944432550818
3649.0 0.26717117257947787
3650.0 0.26785572536427155
3651.0 0.26855005747456234
3652.0 0.26925123511270094
3653.0 0.269961214143787
3654.0 0.2706799945678203
3655.0 0.2714056205197017
3656.0 0.27214004786453033
3657.0 0.2728813207372069
3658.0 0.2736304170702812
3659.0 0.27438733686375305
3660.0 0.2751511021850728
3661.0 0.27592171303424057
3662.0 0.27669819147870656
3663.0 0.2774824933835702
3664.0 0.27827364081628175
3665.0 0.2790696779117418
3666.0 0.27987256053504983
3667.0 0.2806813107536561
3668.0 0.2814949506350109
3669.0 0.2823144581116639
3670.0 0.28313983318361513
3671.0 0.2839700979183149
3672.0 0.2848042743832135
3673.0 0.2856443184434103
3674.0 0.28648827423380596
3675.0 0.2873351638218507
3676.0 0.288186943072644
3677.0 0.2890426340536361
3678.0 0.2899012588322773
3679.0 0.29076281740856763
3680.0 0.29162828771505683
3681.0 0.29249571388664536
3682.0 0.29336607385588304
3683.0 0.29423741175767043
3684.0 0.295111683457107
3685.0 0.2959879110216429
3686.0 0.2968651165187285
3687.0 0.29774329994836385
3688.0 0.29862148337799915
3689.0 0.29950162267273384
3690.0 0.30038176196746863
3691.0 0.30126092332965365
3692.0 0.3021410626243884
3693.0 0.3030202239865734
3694.0 0.3038984074162087
3695.0 0.30477561291329436
3696.0 0.30565086254528057
3697.0 0.30652513424471706
3698.0 0.30739745007905417
3699.0 0.30826781004829185
3700.0 0.3091352362198804
3701.0 0.3099987506612702
3702.0 0.31086030923756053
3703.0 0.31171893401620177
3704.0 0.31257266913209447
3705.0 0.31342249251778825
3706.0 0.31426938210583305
3707.0 0.3151113820311293
3708.0 0.315948492293677
3709.0 0.31678169082602586
3710.0 0.3176099996956262
3711.0 0.3184343968350278
3712.0 0.31925292637913105
3713.0 0.32006754419303557
3714.0 0.3208762944116418
3715.0 0.32168113290004924
3716.0 0.32247912586060873
3717.0 0.3232732070909694
3718.0 0.32406142072603183
3719.0 0.3248447446983458
3720.0 0.32562220107536144
3721.0 0.3263937898570789
3722.0 0.3271604889760478
3723.0 0.32792034256716884
3724.0 0.32867432856299156
3725.0 0.32942342489606585
3726.0 0.3301656757012921
3727.0 0.33090205891122015
3728.0 0.3316315965933003
3729.0 0.3323562446126319
3730.0 0.3330740471041156
3731.0 0.33378500406775125
3732.0 0.33449009343608876
3733.0 0.3351883372765783
3734.0 0.33587973558921996
3735.0 0.33656526630656336
3736.0 0.3372439514960588
3737.0 0.3379157911577063
3738.0 0.3385807852915059
3739.0 0.3392389338974575
3740.0 0.3398902369755612
3741.0 0.340534694525817
3742.0 0.34117328448077455
3743.0 0.34180307304278473
3744.0 0.3424269940094967
3745.0 0.34304406944836074
3746.0 0.34365429935937686
3747.0 0.34425670580999523
3748.0 0.34485226673276576
3749.0 0.3454409821276883
3750.0 0.34602285199476296
3751.0 0.34659689840144
3752.0 0.347164099280269
3753.0 0.3477234766987004
3754.0 0.3482769865218336
3755.0 0.34882267288456914
3756.0 0.3493615137194567
3757.0 0.3498925310939467
3758.0 0.3504167029405887
3759.0 0.3509340292593828
3760.0 0.35144451005032895
3761.0 0.35194716738087745
3762.0 0.352442979183578
3763.0 0.35293194545843065
3764.0 0.3534130882728856
3765.0 0.35388836349204233
3766.0 0.3543558152508015
3767.0 0.35481642148171266
3768.0 0.35527018218477596
3769.0 0.35571709735999124
3770.0 0.3561561890748089
3771.0 0.35658941319432835
3772.0 0.35701579178599985
3773.0 0.35743434691727366
3774.0 0.35784703445324934
3775.0 0.358252876461377
3776.0 0.3586518729416567
3777.0 0.3590440238940885
3778.0 0.3594303072512221
3779.0 0.3598097450805078
3780.0 0.3601823373819455
3781.0 0.3605490620880849
3782.0 0.36090894126637646
3783.0 0.36126295284936977
3784.0 0.3616101189045151
3785.0 0.36195141736436226
3786.0 0.3622868482289112
3787.0 0.3626164114981619
3788.0 0.36293912923956456
3789.0 0.36325695731821883
3790.0 0.3635679398690251
3791.0 0.3638740327570828
3792.0 0.36417328011729266
3793.0 0.36446763781475394
3794.0 0.364756127916917
3795.0 0.3650397283563315
3796.0 0.3653174612004478
3797.0 0.36559030438181556
3798.0 0.3658572799678851
3799.0 0.36611936589120614
3800.0 0.36637656215177855
3801.0 0.36662886874960254
3802.0 0.366876285684678
3803.0 0.3671188129570049
3804.0 0.3673564505665832
3805.0 0.3675891985134131
3806.0 0.36781803473004415
3807.0 0.3680419812839266
3808.0 0.36826201610761033
3809.0 0.3684781392010952
3810.0 0.36868937263183155
3811.0 0.36889669433236905
3812.0 0.3691001043027078
3813.0 0.3693005804753974
3814.0 0.3694961669853384
3815.0 0.36968881969763034
3816.0 0.36987756067972344
3817.0 0.3700623899316177
3818.0 0.3702442853858629
3819.0 0.370423247042459
3820.0 0.37059927490140593
3821.0 0.37077236896270377
3822.0 0.37094155129380274
3823.0 0.3711087777598024
3824.0 0.3712730704281529
3825.0 0.37143540723140395
3826.0 0.37159481023700586
3827.0 0.37175225737750844
3828.0 0.3719067707203619
3829.0 0.3720593281981159
3830.0 0.3722109077433202
3831.0 0.3723595534908754
3832.0 0.3725072213058809
3833.0 0.37265195532323725
3834.0 0.3727966893405937
3835.0 0.3729394674928506
3836.0 0.3730802897800081
3837.0 0.37322111206716574
3838.0 0.37335997848922386
3839.0 0.37349884491128205
3840.0 0.3736367334007905
3841.0 0.3737736439577492
3842.0 0.37390957658215823
3843.0 0.37404550920656726
3844.0 0.3741814418309763
3845.0 0.3743173744553853
3846.0 0.3744523291472447
3847.0 0.3745882617716537
3848.0 0.37472419439606275
3849.0 0.3748601270204718
3850.0 0.37499703757743047
3851.0 0.3751339481343893
3852.0 0.3752718366238977
3853.0 0.3754107030459558
3854.0 0.37555054740056365
3855.0 0.3756913696877212
3856.0 0.3758341478399782
3857.0 0.3759779039247849
3858.0 0.37612263794214124
3859.0 0.37626932782459704
3860.0 0.37641797357215223
3861.0 0.37656857518480685
3862.0 0.37672113266256085
3863.0 0.3768756460054143
3864.0 0.3770330931459169
3865.0 0.3771924961515188
3866.0 0.3773538550222202
3867.0 0.37751716975802097
3868.0 0.3776824403589212
3869.0 0.3778506447574705
3870.0 0.3780208050211191
3871.0 0.3781929211498673
3872.0 0.3783679710762646
3873.0 0.37854399893521146
3874.0 0.3787229605918075
3875.0 0.378903878113503
3876.0 0.3790877294328476
3877.0 0.37927255868474186
3878.0 0.3794603217342853
3879.0 0.3796510185814778
3880.0 0.37984269336122006
3881.0 0.3800373019386114
3882.0 0.3802338663811022
3883.0 0.38043238668869234
3884.0 0.3806328628613819
3885.0 0.3808362728317206
3886.0 0.3810416386671587
3887.0 0.38124993830024595
3888.0 0.3814601937984326
3889.0 0.38167240516171863
3890.0 0.3818865723901041
3891.0 0.38210367341613866
3892.0 0.38232273030727265
3893.0 0.382543743063506
3894.0 0.3827676896173885
3895.0 0.3829945699689201
3896.0 0.38322242825300146
3897.0 0.3834532203347319
3898.0 0.38368596828156176
3899.0 0.38392165002604073
3900.0 0.38415928763561913
3901.0 0.38439985904284657
3902.0 0.3846423863151735
3903.0 0.3848868694525998
3904.0 0.3851342863876752
3905.0 0.38538463712039983
3906.0 0.38563596578567405
3907.0 0.3858912061811471
3908.0 0.3861484024417196
3909.0 0.3864075545673915
3910.0 0.3866696404907125
3911.0 0.38693368227913294
3912.0 0.38720065786520247
3913.0 0.3874695893163714
3914.0 0.38774145456518944
3915.0 0.38801527567910693
3916.0 0.3882920305906736
3917.0 0.38857074136733954
3918.0 0.38885238594165467
3919.0 0.3891369643136189
3920.0 0.38942349855068253
3921.0 0.3897129665853953
3922.0 0.39000439048520746
3923.0 0.39029874818266874
3924.0 0.39059506174522945
3925.0 0.3908943091054392
3926.0 0.39119649026329817
3927.0 0.3915006272862565
3928.0 0.39180769810686394
3929.0 0.3921167247925708
3930.0 0.3924286852759268
3931.0 0.3927435795569319
3932.0 0.3930604297030364
3933.0 0.39338021364679
3934.0 0.39370195345564307
3935.0 0.3940266270621452
3936.0 0.3943542344662964
3937.0 0.3946837977355471
3938.0 0.39501629480244693
3939.0 0.3953507477344462
3940.0 0.39568813446409445
3941.0 0.3960284549913919
3942.0 0.3963717093163384
3943.0 0.39671594157383466
3944.0 0.3970640855615297
3945.0 0.3974141854143243
3946.0 0.39776624113221815
3947.0 0.3981222085803109
3948.0 0.3984791539609533
3949.0 0.3988400110717945
3950.0 0.39920184611518544
3951.0 0.39956759288877525
3952.0 0.3999352955274644
3953.0 0.400304954031253
3954.0 0.4006775463326907
3955.0 0.40105209449922785
3956.0 0.40142957646341404
3957.0 0.4018099922252494
3958.0 0.40219138591963444
3959.0 0.4025766913442183
3960.0 0.4029629747013519
3961.0 0.4033531697886843
3962.0 0.4037443428085664
3963.0 0.40413844962609763
3964.0 0.4045345123087283
3965.0 0.404933508789008
3966.0 0.4053334832018375
3967.0 0.40573736934486576
3968.0 0.4061422334204437
3969.0 0.4065500312936708
3970.0 0.4069597850319973
3971.0 0.4073714946354232
3972.0 0.40778516010394855
3973.0 0.408201759370123
3974.0 0.40861933656884714
3975.0 0.4090398475652204
3976.0 0.40946133649414335
3977.0 0.4098857592207154
3978.0 0.41031213781238696
3979.0 0.4107404722691579
3980.0 0.4111707625910282
3981.0 0.41160203084544816
3982.0 0.41203623289751734
3983.0 0.4124714128821362
3984.0 0.4129085487318544
3985.0 0.4133476404466721
3986.0 0.41378868802658914
3987.0 0.41423071353905594
3988.0 0.4146746949166221
3989.0 0.4151206321592877
3990.0 0.4155675473345031
3991.0 0.41601641837481773
3992.0 0.41646626734768216
3993.0 0.41691807218564597
3994.0 0.4173708549561595
3995.0 0.4178246156592228
3996.0 0.4182803322273854
3997.0 0.4187370267280978
3998.0 0.4191946991613598
3999.0 0.4196533495271716
4000.0 0.4201139557580828
4001.0 0.42057456198899396
4002.0 0.42103712408500454
4003.0 0.42149968618101513
4004.0 0.42196420414212515
4005.0 0.4224287221032351
4006.0 0.42289421799689486
4007.0 0.42335971389055455
4008.0 0.423826187716764
4009.0 0.42429363947552307
4010.0 0.4247620691668319
4011.0 0.42523049885814074
4012.0 0.4256989285494496
4013.0 0.4261673582407584
4014.0 0.4266367658646169
4015.0 0.42710617348847546
4016.0 0.42757558111233396
4017.0 0.4280459666687422
4018.0 0.4285153742926007
4019.0 0.4289847819164593
4020.0 0.4294541895403178
4021.0 0.4299226192316266
4022.0 0.4303920268554851
4023.0 0.43086045654679395
4024.0 0.4313288862381028
4025.0 0.43179633799686185
4026.0 0.4322628118230713
4027.0 0.4327292856492807
4028.0 0.4331947815429404
4029.0 0.43365929950405036
4030.0 0.4341228395326107
4031.0 0.4345854016286213
4032.0 0.4350469857920822
4033.0 0.43550759202299333
4034.0 0.4359672203213548
4035.0 0.4364248927546169
4036.0 0.4368815872553293
4037.0 0.43733632589094223
4038.0 0.4377900865940054
4039.0 0.4382418914319693
4040.0 0.4386917404048337
4041.0 0.4391406114451484
4042.0 0.4395875266203637
4043.0 0.44003346386302933
4044.0 0.4404774452405955
4045.0 0.4409194707530623
4046.0 0.44136051833297935
4047.0 0.441799610047797
4048.0 0.44223674589751527
4049.0 0.4426729038146838
4050.0 0.44310710586675295
4051.0 0.4435393520537227
4052.0 0.44397062030814266
4053.0 0.44439895476491365
4054.0 0.4448272892216845
4055.0 0.4452526898808063
4056.0 0.4456761346748287
4057.0 0.4460986015363013
4058.0 0.4465181346001249
4059.0 0.4469366897313987
4060.0 0.4473532889975732
4061.0 0.4477679323986482
4062.0 0.4481806199346238
4063.0 0.44859135160550007
4064.0 0.4490011053438266
4065.0 0.44940792528450396
4066.0 0.44981278936008195
4067.0 0.45021667550311023
4068.0 0.45061762784848935
4069.0 0.4510166243287691
4070.0 0.45141366494394947
4071.0 0.45180972762658006
4072.0 0.4522028565115616
4073.0 0.45259402953144373
4074.0 0.4529822687536767
4075.0 0.45336953004336
4076.0 0.4537548354679439
4077.0 0.4541372070948786
4078.0 0.454517622856714
4079.0 0.4548960827534499
4080.0 0.4552725867850864
4081.0 0.45564615701907385
4082.0 0.4560187493205115
4083.0 0.4563874298917504
4084.0 0.4567551325304396
4085.0 0.4571199013714797
4086.0 0.4574827143474203
4087.0 0.45784357145826154
4088.0 0.45820149477145367
4089.0 0.4585574622195464
4090.0 0.45891049586999
4091.0 0.4592615736553342
4092.0 0.459610695575579
4093.0 0.4599568836981746
4094.0 0.4603001380231212
4095.0 0.46064143648296835
4096.0 0.46098077907771606
4097.0 0.4613162099422649
4098.0 0.46165066287426415
4099.0 0.46198218200861424
4100.0 0.46231076734531523
4101.0 0.4626364188843671
4102.0 0.46296011455831954
4103.0 0.4632818543671725
4104.0 0.4635996824458267
4105.0 0.4639165325919312
4106.0 0.4642294710078369
4107.0 0.4645394756260935
4108.0 0.46484752437925064
4109.0 0.4651536172673084
4110.0 0.4654557984251673
4111.0 0.46575602371792685
4112.0 0.4660533152130372
4113.0 0.4663476729104985
4114.0 0.4666390968103107
4115.0 0.46692856484502343
4116.0 0.4672150990820871
4117.0 0.4674977215889519
4118.0 0.4677783882307173
4119.0 0.46805709900738335
4120.0 0.4683318980538505
4121.0 0.46860376330266856
4122.0 0.4688736726863872
4123.0 0.4691406482724568
4124.0 0.46940371212832743
4125.0 0.46966482011909877
4126.0 0.46992299431222095
4127.0 0.47017823470769404
4128.0 0.470430541305518
4129.0 0.4706799141056928
4130.0 0.4709273310407682
4131.0 0.4711708362456449
4132.0 0.47141140765287237
4133.0 0.4716490452624508
4134.0 0.47188472700692974
4135.0 0.47211649702120984
4136.0 0.4723453332378409
4137.0 0.47257123565682285
4138.0 0.4727951822107053
4139.0 0.473015217034389
4140.0 0.4732332959929733
4141.0 0.4734474632213587
4142.0 0.4736586966520951
4143.0 0.473867974217732
4144.0 0.4740733400531701
4145.0 0.4742757720909591
4146.0 0.474475270331099
4147.0 0.4746728127061394
4148.0 0.4748664433509811
4149.0 0.4750581181307233
4150.0 0.4752458811802667
4151.0 0.475430710432161
4152.0 0.4756135838189559
4153.0 0.47579254547555194
4154.0 0.4759695512670486
4155.0 0.47614264532834644
4156.0 0.47631378352454484
4157.0 0.4764810099905445
4158.0 0.47664628059144465
4159.0 0.476807639462146
4160.0 0.47696704246774796
4161.0 0.47712351167570083
4162.0 0.47727704708600455
4163.0 0.47742764869865917
4164.0 0.47757531651366464
4165.0 0.477720050531021
4166.0 0.477862828683278
4167.0 0.47800169510533613
4168.0 0.4781386056622949
4169.0 0.4782716044890548
4170.0 0.4784026474507153
4171.0 0.4785307566147267
4172.0 0.4786569099136387
4173.0 0.47877915148235184
4174.0 0.47889943718596556
4175.0 0.4790167890919302
4176.0 0.479130229267696
4177.0 0.47924269151091214
4178.0 0.4793512420239294
4179.0 0.47945685873929755
4180.0 0.4795605195895663
4181.0 0.47966124664218596
4182.0 0.4797590398971565
4183.0 0.4798538993544779
4184.0 0.47994680294669995
4185.0 0.4800357948087231
4186.0 0.4801228308056468
4187.0 0.48020791093747117
4188.0 0.48028907933909676
4189.0 0.48036829187562285
4190.0 0.4804445706144999
4191.0 0.48051791555572776
4192.0 0.48058930463185623
4193.0 0.48065775991033566
4194.0 0.4807232813911659
4195.0 0.4807868470068968
4196.0 0.48084747882497847
4197.0 0.48090517684541106
4198.0 0.4809609190007442
4199.0 0.4810137273584284
4200.0 0.48106457985101303
4201.0 0.48111249854594856
4202.0 0.481157483443235
4203.0 0.48120051247542206
4204.0 0.48124060770995997
4205.0 0.4812787470793985
4206.0 0.4813149305837376
4207.0 0.48134818029042753
4208.0 0.48137947413201815
4209.0 0.4814078341759596
4210.0 0.4814332604222519
4211.0 0.4814577087359945
4212.0 0.4814792232520881
4213.0 0.4814987819030822
4214.0 0.4815154067564272
4215.0 0.4815300757446727
4216.0 0.48154278886781887
4217.0 0.4815535461258657
4218.0 0.4815613695862633
4219.0 0.4815672371815615
4220.0 0.48157114891176034
4221.0 0.4815731047768598
4222.0 0.4815731047768598
4223.0 0.48157114891176034
4224.0 0.48156625924901186
4225.0 0.4815603916537136
4226.0 0.48155159026076627
4227.0 0.4815418109352692
4228.0 0.4815300757446727
4229.0 0.4815154067564272
4230.0 0.48149975983563187
4231.0 0.4814821570497372
4232.0 0.48146259839874306
4233.0 0.48144108388264956
4234.0 0.4814176135014567
4235.0 0.481393165187714
4236.0 0.481366761008872
4237.0 0.4813384009649305
4238.0 0.4813080850558897
4239.0 0.48127679121429906
4240.0 0.4812435415076091
4241.0 0.4812093138683694
4242.0 0.4811731303640303
4243.0 0.4811349909945918
4244.0 0.4810958736926036
4245.0 0.4810557784580657
4246.0 0.4810137273584284
4247.0 0.4809706983262413
4248.0 0.48092571342895485
4249.0 0.4808797505991187
4250.0 0.48083183190418316
4251.0 0.4807829352766979
4252.0 0.48073306071666294
4253.0 0.48068220822407826
4254.0 0.4806303777989439
4255.0 0.4805765915087101
4256.0 0.48052182728592663
4257.0 0.4804660851305934
4258.0 0.48040936504271053
4259.0 0.4803516670222779
4260.0 0.48029299106929557
4261.0 0.48023333718376354
4262.0 0.48017270536568185
4263.0 0.48011109561505044
4264.0 0.48004850793186926
4265.0 0.4799849423161384
4266.0 0.4799213767004076
4267.0 0.47985585521957735
4268.0 0.4797903337387471
4269.0 0.47972383432536714
4270.0 0.4796563569794375
4271.0 0.47958887963350777
4272.0 0.47951944642247873
4273.0 0.47945001321144964
4274.0 0.4793805800004206
4275.0 0.4793101688568418
4276.0 0.47923877978071333
4277.0 0.47916739070458486
4278.0 0.4790950236959066
4279.0 0.47902265668722843
4280.0 0.47894931174600053
4281.0 0.4788759668047727
4282.0 0.47880164393099506
4283.0 0.4787273210572175
4284.0 0.47865299818343987
4285.0 0.47857769737711253
4286.0 0.47850239657078525
4287.0 0.47842709576445797
4288.0 0.4783508170255809
4289.0 0.4782745382867039
4290.0 0.4781982595478269
4291.0 0.47812198080894985
4292.0 0.4780457020700729
4293.0 0.4779684453986462
4294.0 0.4778911887272195
4295.0 0.4778149099883424
4296.0 0.47773765331691576
4297.0 0.47766039664548904
4298.0 0.4775831399740623
4299.0 0.4775058833026356
4300.0 0.4774286266312089
4301.0 0.4773513699597821
4302.0 0.4772741132883554
4303.0 0.4771968566169287
4304.0 0.47711959994550196
4305.0 0.477043321206625
4306.0 0.4769660645351983
4307.0 0.47688978579632124
4308.0 0.47681350705744424
4309.0 0.4767362503860175
4310.0 0.47666094957969024
4311.0 0.47658467084081324
4312.0 0.4765083921019362
4313.0 0.4764330912956089
4314.0 0.4763577904892816
4315.0 0.476283467615504
4316.0 0.4762081668091767
4317.0 0.4761338439353991
4318.0 0.4760595210616215
4319.0 0.4759861761203936
4320.0 0.47591283117916566
4321.0 0.4758394862379378
4322.0 0.4757671192292596
4323.0 0.47569475222058144
4324.0 0.4756223852119032
4325.0 0.47555099613577473
4326.0 0.47547960705964626
4327.0 0.4754091959160675
4328.0 0.47533878477248875
4329.0 0.47526837362890995
4330.0 0.47519894041788086
4331.0 0.4751304851394015
4332.0 0.4750620298609221
4333.0 0.47499357458244273
4334.0 0.4749260972365131
4335.0 0.4748586198905834
4336.0 0.4747921204772035
4337.0 0.4747256210638235
4338.0 0.47466009958299327
4339.0 0.4745955560347127
4340.0 0.4745300345538825
4341.0 0.47446646893815164
4342.0 0.47440290332242074
4343.0 0.47433933770668996
4344.0 0.4742767500235088
4345.0 0.47421514027287737
4346.0 0.4741535305222459
4347.0 0.4740919207716145
4348.0 0.4740322668860825
4349.0 0.4739716350680008
4350.0 0.47391295911501846
4351.0 0.4738533052294864
4352.0 0.4737946292765041
4353.0 0.47373693125607147
4354.0 0.4736792332356389
4355.0 0.47362349108030566
4356.0 0.4735667709924228
4357.0 0.47351102883708956
4358.0 0.47345528668175635
4359.0 0.47340052245897285
4360.0 0.4733467361687391
4361.0 0.4732929498785053
4362.0 0.4732391635882715
4363.0 0.4731873331631371
4364.0 0.47313452480545304
4365.0 0.4730826943803187
4366.0 0.473031841887734
4367.0 0.4729809893951493
4368.0 0.47293013690256464
4369.0 0.47288026234252967
4370.0 0.4728313657150444
4371.0 0.47278246908755917
4372.0 0.4727335724600739
4373.0 0.4726856537651383
4374.0 0.47263773507020274
4375.0 0.4725907943078169
4376.0 0.47254385354543105
4377.0 0.4724978907155949
4378.0 0.4724519278857588
4379.0 0.47240596505592264
4380.0 0.4723609801586362
4381.0 0.47231599526134976
4382.0 0.4722710103640633
4383.0 0.47222700339932655
4384.0 0.47218299643458983
4385.0 0.47213996740240277
4386.0 0.47209693837021577
4387.0 0.47205390933802877
4388.0 0.4720108803058417
4389.0 0.4719688292062044
4390.0 0.4719267781065671
4391.0 0.47188570493947946
4392.0 0.4718436538398421
4393.0 0.4718025806727545
4394.0 0.4717615075056668
4395.0 0.47172043433857924
4396.0 0.4716803391040413
4397.0 0.47164024386950343
4398.0 0.4716001486349655
4399.0 0.47156005340042756
4400.0 0.47151995816588965
4401.0 0.47147986293135175
4402.0 0.4714407456293635
4403.0 0.4714016283273753
4404.0 0.4713615330928374
4405.0 0.4713224157908492
4406.0 0.471283298488861
4407.0 0.4712441811868727
4408.0 0.4712060418174343
4409.0 0.47116692451544606
4410.0 0.4711278072134578
4411.0 0.4710886899114696
4412.0 0.47104957260948144
4413.0 0.4710114332400429
4414.0 0.47097231593805466
4415.0 0.4709331986360665
4416.0 0.4708940813340783
4417.0 0.47085594196463976
4418.0 0.47081682466265157
4419.0 0.4707777073606634
4420.0 0.47073761212612547
4421.0 0.4706984948241373
4422.0 0.47065937752214904
4423.0 0.47062026022016085
4424.0 0.4705801649856229
4425.0 0.4705410476836347
4426.0 0.4705009524490968
4427.0 0.4704608572145588
4428.0 0.470420761980021
4429.0 0.470380666745483
4430.0 0.47033959357839544
4431.0 0.4702994983438575
4432.0 0.4702584251767699
4433.0 0.47021637407713257
4434.0 0.47017530091004495
4435.0 0.47013422774295727
4436.0 0.47009217664332
4437.0 0.47005012554368264
4438.0 0.47000709651149564
4439.0 0.4699650454118583
4440.0 0.4699220163796713
4441.0 0.46987898734748423
4442.0 0.4698349803827475
4443.0 0.46979097341801074
4444.0 0.469746966453274
4445.0 0.4697029594885373
4446.0 0.46965797459125086
4447.0 0.4696129896939644
4448.0 0.46956800479667793
4449.0 0.46952204196684183
4450.0 0.4694760791370057
4451.0 0.4694291383746198
4452.0 0.469382197612234
4453.0 0.4693352568498481
4454.0 0.4692883160874623
4455.0 0.4692403973925267
4456.0 0.4691924786975911
4457.0 0.46914358207010587
4458.0 0.4690946854426206
4459.0 0.46904481088258565
4460.0 0.46899591425510034
4461.0 0.46894603969506543
4462.0 0.46889518720248075
4463.0 0.46884433470989606
4464.0 0.46879348221731143
4465.0 0.468741651792177
4466.0 0.4686898213670427
4467.0 0.46863701300935856
4468.0 0.46858420465167444
4469.0 0.4685313962939904
4470.0 0.4684776100037566
4471.0 0.46842382371352276
4472.0 0.46836905949073926
4473.0 0.46831429526795576
4474.0 0.4682585531126226
4475.0 0.46820281095728944
4476.0 0.4681460908694065
4477.0 0.46808937078152363
4478.0 0.4680326506936407
4479.0 0.4679739747406584
4480.0 0.46791627672022573
4481.0 0.4678576007672434
4482.0 0.46779794688171145
4483.0 0.4677382929961794
4484.0 0.4676776611780977
4485.0 0.467617029360016
4486.0 0.4675554196093845
4487.0 0.4674928319262034
4488.0 0.46743024424302226
4489.0 0.46736667862729137
4490.0 0.4673040909441103
4491.0 0.46723954739582974
4492.0 0.46717402591499946
4493.0 0.46710948236671895
4494.0 0.46704298295333896
4495.0 0.466976483539959
4496.0 0.466909984126579
4497.0 0.46684250678064937
4498.0 0.46677405150217
4499.0 0.4667055962236907
4500.0 0.46663616301266153
4501.0 0.46682197311025486
4502.0 0.467006728236058
4503.0 0.4671597501191696
4504.0 0.4672886038780104
4505.0 0.4674153374900829
4506.0 0.4675233939479269
4507.0 0.46763237434374544
4508.0 0.4679615971030857
4509.0 0.46840014577234446
4510.0 0.46881062941330426
4511.0 0.46912657952090725
4512.0 0.46944141733072897
4513.0 0.46963134642082244
4514.0 0.4697859993874682
4515.0 0.4699820609544673
4516.0 0.4702594748673887
4517.0 0.4705367689723928
4518.0 0.47090382217522536
4519.0 0.471280817907153
4520.0 0.4716496494459068
4521.0 0.47201009002355526
4522.0 0.4723693679583372
4523.0 0.4727268272783963
4524.0 0.4730831376492849
4525.0 0.4733538014519531
4526.0 0.4735588614348529
4527.0 0.4737739639288934
4528.0 0.47405684829792966
4529.0 0.4743376033374001
4530.0 0.47462175449736005
4531.0 0.47490596209144426
4532.0 0.4751116204462598
4533.0 0.47506790744955235
4534.0 0.47502417799283586
4535.0 0.4750206292393053
4536.0 0.47502734606903624
4537.0 0.47498824811893414
4538.0 0.47486312790539553
4539.0 0.4747370193936065
4540.0 0.474594457430336
4541.0 0.4744491867152729
4542.0 0.47429059565089005
4543.0 0.4741159880954528
4544.0 0.4739394826508646
4545.0 0.47369962024489437
4546.0 0.4734608157392989
4547.0 0.4732438990106268
4548.0 0.47304356026960276
4549.0 0.47281805271654903
4550.0 0.4724438992682473
4551.0 0.47206985719612543
4552.0 0.4716026238741868
4553.0 0.4710959888987394
4554.0 0.4705618797962968
4555.0 0.46994504498588796
4556.0 0.46932742669422545
4557.0 0.46877019053284025
4558.0 0.4682272531867038
4559.0 0.4677696496861887
4560.0 0.4674561620123882
4561.0 0.4671427636819182
4562.0 0.4667588407458167
4563.0 0.4663688971061846
4564.0 0.46589813283833803
4565.0 0.4653409256323843
4566.0 0.46478338352139426
4567.0 0.4641877772701016
4568.0 0.4635933639938374
4569.0 0.46304318696399477
4570.0 0.46252418374523985
4571.0 0.46203098020560984
4572.0 0.46168867209390946
4573.0 0.4613464670861833
4574.0 0.46103340576465346
4575.0 0.4607322944809762
4576.0 0.4603929717546917
4577.0 0.4599502281753326
4578.0 0.45950763019016716
4579.0 0.45918194614414515
4580.0 0.4588819851948191
4581.0 0.4586064723938762
4582.0 0.4583717515190713
4583.0 0.45813611340243954
4584.0 0.45774555649371335
4585.0 0.4573441963736848
4586.0 0.45698522302288935
4587.0 0.4566693206981935
4588.0 0.45635581834887284
4589.0 0.4560872200756782
4590.0 0.45581772211563737
4591.0 0.4555693625296555
4592.0 0.4553348822591013
4593.0 0.455103674023447
4594.0 0.4548939215794079
4595.0 0.4546842168822521
4596.0 0.4544649769076809
4597.0 0.45424303241937725
4598.0 0.454026059257864
4599.0 0.4538227514890054
4600.0 0.45361948876118374
4601.0 0.45348873626656494
4602.0 0.4533717998258343
4603.0 0.4532377100917994
4604.0 0.45307625100633475
4605.0 0.45291482037377934
4606.0 0.4527420794527397
4607.0 0.45256974292031316
4608.0 0.45244363584192404
4609.0 0.4523628880166592
4610.0 0.4522796754344498
4611.0 0.45215789273295504
4612.0 0.45203709131053976
4613.0 0.45186819028574515
4614.0 0.4516692447942111
4615.0 0.4514752567967412
4616.0 0.45129928871096303
4617.0 0.4511233548593922
4618.0 0.45097164564306946
4619.0 0.45082681379146444
4620.0 0.45069589748613026
4621.0 0.45059760687352873
4622.0 0.45049932242462837
4623.0 0.4503779541138338
4624.0 0.4502533221975503
4625.0 0.4501451039907153
4626.0 0.45006048857339215
4627.0 0.44997684119578407
4628.0 0.44985864453823227
4629.0 0.4497409543291189
4630.0 0.44961793114753346
4631.0 0.4494918460232814
4632.0 0.4493658276759089
4633.0 0.44922929664020905
4634.0 0.4490937515177899
4635.0 0.4490141546926942
4636.0 0.4489683662354072
4637.0 0.44892453075169586
4638.0 0.4488849335625325
4639.0 0.44884532578531044
4640.0 0.4487720371412499
4641.0 0.44868720558861575
4642.0 0.4485879347154391
4643.0 0.4484553458792216
4644.0 0.4483227765942629
4645.0 0.4481868770048418
4646.0 0.44805029568100724
4647.0 0.4479442346632402
4648.0 0.4478812619470102
4649.0 0.44781925277409157
4650.0 0.44774470926257137
4651.0 0.4476699123824088
4652.0 0.447604227819162
4653.0 0.44754576514568206
4654.0 0.44747663110133984
4655.0 0.4472898807388635
4656.0 0.4471041300281414
4657.0 0.447050257718381
4658.0 0.4470683298085768
4659.0 0.4470736882264603
4660.0 0.44703405803617047
4661.0 0.44699345693227843
4662.0 0.44686438977124626
4663.0 0.44670807018614245
4664.0 0.4465804837604932
4665.0 0.4465169228876485
4666.0 0.4464543270788408
4667.0 0.44640691515947006
4668.0 0.4463615700758664
4669.0 0.44628175919693736
4670.0 0.4461572418865781
4671.0 0.4460327418964294
4672.0 0.4459583099496547
4673.0 0.44588438761997173
4674.0 0.4458187705415884
4675.0 0.44575915797488946
4676.0 0.4457015073821198
4677.0 0.4456615080684132
4678.0 0.44562246814557144
4679.0 0.44556691190233877
4680.0 0.44550285034555703
4681.0 0.4454421224324294
4682.0 0.44539320677288136
4683.0 0.44534525311448586
4684.0 0.44525044999942803
4685.0 0.445142916730789
4686.0 0.4450317840190534
4687.0 0.44491333181650333
4688.0 0.44479489533004163
4689.0 0.4446947573368213
4690.0 0.44459688985050594
4691.0 0.4445347187010526
4692.0 0.4445161596109936
4693.0 0.4444985545527579
4694.0 0.44437342496031024
4695.0 0.444249275892045
4696.0 0.4441607181944317
4697.0 0.4441008729246269
4698.0 0.4440428717087904
4699.0 0.44399036097078287
4700.0 0.44393784939122594
4701.0 0.4438280314890186
4702.0 0.44369096837502736
4703.0 0.4435769048458101
4704.0 0.44354299894328275
4705.0 0.4435090875205566
4706.0 0.4434670711806192
4707.0 0.4434228986269766
4708.0 0.4433520097580441
4709.0 0.44323210707300364
4710.0 0.44311222052728644
4711.0 0.44299769000134676
4712.0 0.4428838744322459
4713.0 0.4428039877616581
4714.0 0.4427639143249671
4715.0 0.4427225404915302
4716.0 0.4426176611759834
4717.0 0.44251183218011897
4718.0 0.44237440223580604
4719.0 0.44221410904269765
4720.0 0.4420628101212513
4721.0 0.4419779755404486
4722.0 0.44189218674634667
4723.0 0.4418011200854819
4724.0 0.44170629504578096
4725.0 0.44161769023676617
4726.0 0.44154875774900615
4727.0 0.4414798279980251
4728.0 0.4414177479120002
4729.0 0.4413576202222475
4730.0 0.4412731899052032
4731.0 0.44114556719947956
4732.0 0.4410179628702949
4733.0 0.44088083283740154
4734.0 0.4407428750279402
4735.0 0.44060213646059615
4736.0 0.44045826063386345
4737.0 0.4403172140385522
4738.0 0.44026595535040736
4739.0 0.440215653682044
4740.0 0.4401157777513034
4741.0 0.43998472248535536
4742.0 0.439857697788763
4743.0 0.43976807347675045
4744.0 0.4396774976867554
4745.0 0.4395560032546569
4746.0 0.43942127320283764
4747.0 0.43929403222674235
4748.0 0.43918710442902165
4749.0 0.439081147945665
4750.0 0.43901519143409545
4751.0 0.4389588389818347
4752.0 0.43886364045130777
4753.0 0.4386987715570452
4754.0 0.4385348903615923
4755.0 0.43838352904006783
4756.0 0.4382331331740992
4757.0 0.4381020581897668
4758.0 0.4379938983759137
4759.0 0.43788361872954557
4760.0 0.43774514964905864
4761.0 0.43760765953011277
4762.0 0.4374691816649236
4763.0 0.4373306908124007
4764.0 0.4371904271584383
4765.0 0.4370407655360874
4766.0 0.43689208532316826
4767.0 0.4367334947855711
4768.0 0.4365712650692405
4769.0 0.43641191828409226
4770.0 0.436256775940336
4771.0 0.43610261562086444
4772.0 0.43596632913963157
4773.0 0.4358327638493379
4774.0 0.43569466619381775
4775.0 0.4355476054505358
4776.0 0.435400569022246
4777.0 0.43531280855947385
4778.0 0.4352287760078956
4779.0 0.43510478079014275
4780.0 0.4349437021910211
4781.0 0.43477737824037466
4782.0 0.43452902205597504
4783.0 0.4342816719593111
4784.0 0.43409926512220504
4785.0 0.4339568126325703
4786.0 0.4338221110475661
4787.0 0.4337214591607245
4788.0 0.4336198664610781
4789.0 0.43344678845488643
4790.0 0.4332469489978146
4791.0 0.4330616949856662
4792.0 0.43291143106120433
4793.0 0.4327621427542336
4794.0 0.4326235812811732
4795.0 0.4324891618602716
4796.0 0.43232886565050743
4797.0 0.43213213153233204
4798.0 0.4319354339047251
4799.0 0.4318234151229292
4800.0 0.4317158151955739
4801.0 0.4315763308385802
4802.0 0.43140531279364847
4803.0 0.43123418799973484
4804.0 0.43106223352732853
4805.0 0.4308903083380886
4806.0 0.4307490472907381
4807.0 0.4306260008016187
4808.0 0.43050377173693233
4809.0 0.4303861523998572
4810.0 0.4302685488616167
4811.0 0.43014099080868295
4812.0 0.43000961534366267
4813.0 0.42987463493335365
4814.0 0.4297290101760947
4815.0 0.42958340750186735
4816.0 0.4293851419622923
4817.0 0.4291783926589089
4818.0 0.4289839421720207
4819.0 0.4288071699085527
4820.0 0.42863137108557636
4821.0 0.4284925665688487
4822.0 0.4283558696945719
4823.0 0.4282103998736136
4824.0 0.42805596433058385
4825.0 0.42790175356022053
4826.0 0.4277508313811953
4827.0 0.42759993101948984
4828.0 0.42743061427001494
4829.0 0.4272504218262855
4830.0 0.42707263824503794
4831.0 0.4269019577221237
4832.0 0.42673130190219377
4833.0 0.42649282919465464
4834.0 0.4262327232770251
4835.0 0.4259764155421251
4836.0 0.42572641640502346
4837.0 0.42547645554951213
4838.0 0.42519440510537687
4839.0 0.42490637760425937
4840.0 0.4246257045251498
4841.0 0.4243516393008797
4842.0 0.4240794886460159
4843.0 0.4237860479975069
4844.0 0.42349221440910073
4845.0 0.4231592760299029
4846.0 0.422792243813787
4847.0 0.4224201379501593
4848.0 0.4219877462654633
4849.0 0.4215554147942334
4850.0 0.42117590375503994
4851.0 0.42082434966820553
4852.0 0.42046011646241643
4853.0 0.4200499190879959
4854.0 0.4196388461340112
4855.0 0.4191834099778995
4856.0 0.4187124936302003
4857.0 0.4182652671037088
4858.0 0.4178672637262964
4859.0 0.41746930796256027
4860.0 0.4169962046276825
4861.0 0.41651369900986224
4862.0 0.4160059438216177
4863.0 0.4154681353962965
4864.0 0.414931306281109
4865.0 0.4145112835373864
4866.0 0.4140934018496023
4867.0 0.4136978819234188
4868.0 0.41332066244925886
4869.0 0.4129386421303445
4870.0 0.4125101079585247
4871.0 0.41208252905407455
4872.0 0.4116140280348787
4873.0 0.41112538128636295
4874.0 0.41064061740864216
4875.0 0.41017454353335164
4876.0 0.4097076041789811
4877.0 0.4093692837709188
4878.0 0.40906700068298785
4879.0 0.4087206297099602
4880.0 0.40828198498221596
4881.0 0.4078451855199691
4882.0 0.4073866569275516
4883.0 0.4069264901480491
4884.0 0.40651096520861996
4885.0 0.40614908866635496
4886.0 0.4057883106170525
4887.0 0.40535444600456283
4888.0 0.4049215133817055
4889.0 0.40446700358291393
4890.0 0.40399554981055863
4891.0 0.403534565589768
4892.0 0.4031501242278424
4893.0 0.4027657122431375
4894.0 0.4024221664044633
4895.0 0.4020987541262939
4896.0 0.40175349515945713
4897.0 0.4013380289039376
4898.0 0.4009225945116765
4899.0 0.4005184928047319
4900.0 0.4001163017089147
4901.0 0.3997038374710919
4902.0 0.3992722697163539
4903.0 0.3988407351220875
4904.0 0.39849149095304043
4905.0 0.39815053020453095
4906.0 0.3977748495115352
4907.0 0.39735649298466286
4908.0 0.3969380677196199
4909.0 0.3965137716864483
4910.0 0.396090389843982
4911.0 0.3957080857191387
4912.0 0.39535616895038406
4913.0 0.39499911386317177
4914.0 0.3946133673441055
4915.0 0.39422678084034457
4916.0 0.393865868490521
4917.0 0.39351650758038714
4918.0 0.39313894476939787
4919.0 0.3926793361915326
4920.0 0.39221890249534724
4921.0 0.3917766375867099
4922.0 0.3913391667990689
4923.0 0.3909202290056022
4924.0 0.39053574218459386
4925.0 0.39015043149503265
4926.0 0.38973718392438556
4927.0 0.3893216269737346
4928.0 0.3888878916356967
4929.0 0.38843376745097696
4930.0 0.3879784608880389
4931.0 0.3875101218341031
4932.0 0.3870409862676926
4933.0 0.38656204959362694
4934.0 0.3860754665164809
4935.0 0.3856039622590485
4936.0 0.3852207154910654
4937.0 0.384837526489819
4938.0 0.3845052501570472
4939.0 0.3841955504346173
4940.0 0.3838298021831552
4941.0 0.3833051917251351
4942.0 0.3827806724761124
4943.0 0.3822595070193774
4944.0 0.38173867684122365
4945.0 0.38123867579227727
4946.0 0.38077695329086825
4947.0 0.38031362825408593
4948.0 0.37983741269410143
4949.0 0.37935778458018055
4950.0 0.37889501400860714
4951.0 0.3784472543010261
4952.0 0.3779967797407862
4953.0 0.37747805956761477
4954.0 0.3769569411451148
4955.0 0.37644656109125096
4956.0 0.3759417044040906
4957.0 0.37542443666138964
4958.0 0.37484944120692554
4959.0 0.3742729279548293
4960.0 0.37378366124149753
4961.0 0.37332788059570887
4962.0 0.3728327238238574
4963.0 0.3722368392532208
4964.0 0.3716402986666735
4965.0 0.3710383340048884
4966.0 0.37043508780673673
4967.0 0.3698546553258542
4968.0 0.36930943193387117
4969.0 0.36876191264235303
4970.0 0.3681575025992366
4971.0 0.3675488836936846
4972.0 0.36692641064207226
4973.0 0.3662892806517266
4974.0 0.3656506655118629
4975.0 0.36498302514284203
4976.0 0.36431400348857906
4977.0 0.3636337505631786
4978.0 0.36294450306969844
4979.0 0.3622681542869016
4980.0 0.36165605346908836
4981.0 0.36104257988493454
4982.0 0.360392419490138
4983.0 0.35972785675961216
4984.0 0.35905774302021476
4985.0 0.35837677584816796
4986.0 0.35769370087611996
4987.0 0.35691273528013534
4988.0 0.35611293552786105
4989.0 0.35533141173273974
4990.0 0.3545798942532501
4991.0 0.35382635304270654
4992.0 0.3530499260949713
4993.0 0.3522721888465506
4994.0 0.35143483463817315
4995.0 0.3505417614276276
4996.0 0.3496450722239289
4997.0 0.34872515205982874
4998.0 0.3478033819799158
4999.0 0.346903997587834
5000.0 0.3460160787582441
5001.0 0.34512115256000303
5002.0 0.34419377020746406
5003.0 0.343265378089161
5004.0 0.3423867815466008
5005.0 0.34152472958585367
5006.0 0.3406156253565162
5007.0 0.3396007393359346
5008.0 0.33858495308204795
5009.0 0.3375749235310979
5010.0 0.3365658534158389
5011.0 0.3355673861427723
5012.0 0.3345864048130009
5013.0 0.33360455147891754
5014.0 0.3324957592175513
5015.0 0.33138306578709736
5016.0 0.33023708685820236
5017.0 0.3290615569118675
5018.0 0.32788374981952
5019.0 0.32668823584111256
5020.0 0.32549135546985253
5021.0 0.3243495730521519
5022.0 0.3232380550371301
5023.0 0.32211627626048855
5024.0 0.3209532694293222
5025.0 0.31978966608182735
5026.0 0.31846401770544724
5027.0 0.31708461561008405
5028.0 0.3157492455451418
5029.0 0.3145129953106555
5030.0 0.313276270572735
5031.0 0.3119984566780557
5032.0 0.31071546942561096
5033.0 0.3093982731573497
5034.0 0.3080366285250654
5035.0 0.3066746788104814
5036.0 0.3052078541950321
5037.0 0.3037393741964819
5038.0 0.302274353829413
5039.0 0.3008116758998254
5040.0 0.2993491465707595
5041.0 0.29787751732944834
5042.0 0.29640644688202983
5043.0 0.29485872924469403
5044.0 0.29326906382383616
5045.0 0.29168443149529016
5046.0 0.2901142822091291
5047.0 0.2885448293870914
5048.0 0.28684123136127754
5049.0 0.28509801533839
5050.0 0.28334975058618583
5051.0 0.2815904262600593
5052.0 0.27983202378773564
5053.0 0.2781973668548427
5054.0 0.27658081536136564
5055.0 0.27489200575636286
5056.0 0.2731111391039013
5057.0 0.27133251072365056
5058.0 0.2693497586142462
5059.0 0.26736820527642285
5060.0 0.26547094376226144
5061.0 0.2636417492771545
5062.0 0.26180922565314363
5063.0 0.25993790296800395
5064.0 0.2580677056261159
5065.0 0.25609125652702075
5066.0 0.2540625988266354
5067.0 0.25203331021865644
5068.0 0.24999490477790315
5069.0 0.24795782088493531
5070.0 0.24583399966861547
5071.0 0.24368774716256913
5072.0 0.2415656388959731
5073.0 0.23949011648445045
5074.0 0.23741653627385406
5075.0 0.23533367358848037
5076.0 0.23325137763283402
5077.0 0.23110673387934105
5078.0 0.22888489029086362
5079.0 0.22666440021221707
5080.0 0.22437328918128968
5081.0 0.2220848566959712
5082.0 0.2198264675699382
5083.0 0.21759123309239534
5084.0 0.21534009476241028
5085.0 0.21295540180093228
5086.0 0.210572953446167
5087.0 0.20815444120629645
5088.0 0.20571995352153247
5089.0 0.20332683449437472
5090.0 0.20105861111254889
5091.0 0.1987920339901264
5092.0 0.19642411749025018
5093.0 0.19403021541023094
5094.0 0.19165495955985407
5095.0 0.18931069282588822
5096.0 0.18696860214581712
5097.0 0.184397682761388
5098.0 0.18180670024823747
5099.0 0.17919503793955696
5100.0 0.17655913246543603
5101.0 0.17393003430424064
5102.0 0.1715179273975424
5103.0 0.16910843357620736
5104.0 0.16672409570077465
5105.0 0.16435893994613232
5106.0 0.16198728816537405
5107.0 0.15956232315913768
5108.0 0.15713993448636954
5109.0 0.15452482562175654
5110.0 0.15182492268569767
5111.0 0.1491771132842966
5112.0 0.14667950831948112
5113.0 0.14418449544397616
5114.0 0.14191222628235164
5115.0 0.1396936038028904
5116.0 0.13736403178364068
5117.0 0.13483560336465325
5118.0 0.13230941914735694
5119.0 0.1297035771652285
5120.0 0.12709353856426855
5121.0 0.12467423868269559
5122.0 0.12246203084850596
5123.0 0.12024517544034573
5124.0 0.11781748627655345
5125.0 0.11539247925681845
5126.0 0.11306465085946965
5127.0 0.11080534424030741
5128.0 0.10856025282284806
5129.0 0.10638501943037128
5130.0 0.10421191995121003
5131.0 0.10182281540801535
5132.0 0.09934706136690191
5133.0 0.09693541567850855
5134.0 0.09470215962816118
5135.0 0.09247104965915093
5136.0 0.09031288186635493
5137.0 0.088171883159047
5138.0 0.08609985434085235
5139.0 0.08413894347574019
5140.0 0.08217969915193331
5141.0 0.08014147633069568
5142.0 0.0780993207582923
5143.0 0.07610428801035814
5144.0 0.0741585479135052
5145.0 0.07222317787755755
5146.0 0.07045503002425216
5147.0 0.0686885481694815
5148.0 0.06688657992914807
5149.0 0.06506176603967055
5150.0 0.06323116673175676
5151.0 0.06136364855556601
5152.0 0.05949771530437267
5153.0 0.057726744762175604
5154.0 0.05599357658779542
5155.0 0.05437388429689291
5156.0 0.05304345134832019
5157.0 0.051714146438905366
5158.0 0.050329639431309005
5159.0 0.0489347766080523
5160.0 0.047540226545574195
5161.0 0.04614549761837695
5162.0 0.044751849123134256
5163.0 0.04327966400754539
5164.0 0.04180465009301055
5165.0 0.0405383604449779
5166.0 0.03948062844968333
5167.0 0.03841473885909446
5168.0 0.03720937290157202
5169.0 0.03600495665001562
5170.0 0.034704370256782816
5171.0 0.03334549497625683
5172.0 0.03206143507287511
5173.0 0.03113822935057449
5174.0 0.030215827294734616
5175.0 0.02926344665513192
5176.0 0.028300478770581696
5177.0 0.0274002160063651
5178.0 0.026651821838735143
5179.0 0.02590415369747603
5180.0 0.025213119227536784
5181.0 0.024532581363968554
5182.0 0.023802442990451013
5183.0 0.02299771610900296
5184.0 0.022193713602629974
5185.0 0.02161820394813046
5186.0 0.021052645236043256
5187.0 0.020349230498709635
5188.0 0.01951874142904799
5189.0 0.01871653937664264
5190.0 0.0182805868767681
5191.0 0.017844988061094122
5192.0 0.017321954316447993
5193.0 0.0167478410999601
5194.0 0.016239483901261977
5195.0 0.016009665803965532
5196.0 0.015780058064479612
5197.0 0.015405285765900271
5198.0 0.014979823463321763
5199.0 0.014558825803666173
5200.0 0.014147636218923216
5201.0 0.01373687006126671
5202.0 0.013476302817515587
5203.0 0.013240401169134287
5204.0 0.012999469486315744
5205.0 0.012751529709305213
5206.0 0.012503825781557837
5207.0 0.01217670879648738
5208.0 0.011847475070347281
5209.0 0.011618162535810531
5210.0 0.011477406666098694
5211.0 0.011342083258519563
5212.0 0.011260440351445872
5213.0 0.011178845011482919
5214.0 0.0111015298000973
5215.0 0.011026622560968122
5216.0 0.010923561956342642
5217.0 0.010707628614167365
5218.0 0.010491906127574486
5219.0 0.01044000261845683
5220.0 0.010439819760904818
5221.0 0.010412158904176298
5222.0 0.010323459773274911
5223.0 0.010234870327693548
5224.0 0.010166617697179137
5225.0 0.010101457358690094
5226.0 0.0100175660946648
5227.0 0.00990885731128426
5228.0 0.009800277843130659
5229.0 0.009814497898016814
5230.0 0.009829962022517853
5231.0 0.009861768221552918
5232.0 0.009907468856856779
5233.0 0.009950210748378764
5234.0 0.009966500782763019
5235.0 0.009982819241897608
5236.0 0.009972550958854704
5237.0 0.009948647440117874
5238.0 0.009920031558505843
5239.0 0.00987355588658849
5240.0 0.009827146311937582
5241.0 0.009792593588030812
5242.0 0.009761622454630067
5243.0 0.009774976881594922
5244.0 0.009878087252296401
5245.0 0.009981141482495987
5246.0 0.009952904708054235
5247.0 0.00990680691592952
5248.0 0.009871168993527862
5249.0 0.009848752739901842
5250.0 0.009826403036210522
5251.0 0.009959785993669484
5252.0 0.010093063512000025
5253.0 0.010153901048945665
5254.0 0.010157919898639983
5255.0 0.010168285854473246
5256.0 0.010229877716129685
5257.0 0.010291434985202859
5258.0 0.010442071929498697
5259.0 0.010636455122518488
5260.0 0.010771750803031567
5261.0 0.010709781653675777
5262.0 0.010647889682694728
5263.0 0.010603669834632564
5264.0 0.010564456316115151
5265.0 0.010551021726538613
5266.0 0.01058750778584101
5267.0 0.010624013774049673
5268.0 0.010596953031294749
5269.0 0.010562902107063165
5270.0 0.010592445340426495
5271.0 0.010699616934631631
5272.0 0.010806426176706154
5273.0 0.01087781322304887
5274.0 0.01094919877231517
5275.0 0.010895913014954768
5276.0 0.010748730561121857
5277.0 0.01062866156384
5278.0 0.010688853291801262
5279.0 0.010749109721967156
5280.0 0.010777968857538385
5281.0 0.01079215354413501
5282.0 0.010799783233623714
5283.0 0.010786572294792813
5284.0 0.010773450195221237
5285.0 0.010884695232040014
5286.0 0.011027015363686343
5287.0 0.011059324518238165
5288.0 0.01088750423951579
5289.0 0.010715862060353132
5290.0 0.010596208728529849
5291.0 0.010481821851603368
5292.0 0.010420643238594101
5293.0 0.010419434502694723
5294.0 0.010420290548623347
5295.0 0.010518485529573001
5296.0 0.010616715227372715
5297.0 0.01069179454522699
5298.0 0.010750135616709584
5299.0 0.010785747429226555
5300.0 0.010681477478031987
5301.0 0.010577328816801231
5302.0 0.010600729158909448
5303.0 0.010678778317671575
5304.0 0.010754789823522617
5305.0 0.010824499485208305
5306.0 0.010894270727499402
5307.0 0.010861076959490295
5308.0 0.010803783950670087
5309.0 0.01077745044078315
5310.0 0.01080370076198736
5311.0 0.010830028083515781
5312.0 0.010811341897406155
5313.0 0.010788852223106856
5314.0 0.01075200122317721
5315.0 0.010699645630467823
5316.0 0.010650295704608018
5317.0 0.010671654877457689
5318.0 0.010693093598210938
5319.0 0.010687780753857694
5320.0 0.010663905935823788
5321.0 0.010655017020479808
5322.0 0.010730806654663135
5323.0 0.010806674981192132
5324.0 0.010831114021475905
5325.0 0.010834569176215681
5326.0 0.010811962171191949
5327.0 0.010718747891915362
5328.0 0.010625587316267405
5329.0 0.01066974735893128
5330.0 0.010744151844325242
5331.0 0.01078119841632551
5332.0 0.010757324336670425
5333.0 0.010733503720129817
5334.0 0.010770570055895127
5335.0 0.010811577013171352
5336.0 0.010966245167244487
5337.0 0.01123923412510994
5338.0 0.0115032849223976
5339.0 0.01159583484982656
5340.0 0.011688428964181269
5341.0 0.011723236564031996
5342.0 0.011721064058813051
5343.0 0.01170662045107411
5344.0 0.011627491011450355
5345.0 0.01154837514927761
5346.0 0.011437827206936313
5347.0 0.011315030725870581
5348.0 0.011235649440942578
5349.0 0.011267854562749447
5350.0 0.011300125168910548
5351.0 0.011503559592000012
5352.0 0.011739675811789498
5353.0 0.011991962848588068
5354.0 0.012269453560696955
5355.0 0.012547085128088309
5356.0 0.01266037508215931
5357.0 0.01276507484848411
5358.0 0.012791785154640793
5359.0 0.01274346822077806
5360.0 0.012696478771136185
5361.0 0.012669492604897423
5362.0 0.012642529785418506
5363.0 0.012760974491095733
5364.0 0.012968577745988459
5365.0 0.013213762062720109
5366.0 0.013629613490054709
5367.0 0.014045672523519832
5368.0 0.014229496060904836
5369.0 0.014327419348142686
5370.0 0.014365883171683136
5371.0 0.014258591722344545
5372.0 0.0141512626275616
5373.0 0.014173827694852712
5374.0 0.014219326547102996
5375.0 0.014320899897490098
5376.0 0.014503192778183993
5377.0 0.014685585746756205
5378.0 0.014908797855800888
5379.0 0.015133825401592292
5380.0 0.015404527478225445
5381.0 0.0157174951334875
5382.0 0.0160173161658947
5383.0 0.016165282021894715
5384.0 0.016313257377894727
5385.0 0.016336859667353893
5386.0 0.01628731600384084
5387.0 0.016271483752471467
5388.0 0.016399464587149495
5389.0 0.016527446689373813
5390.0 0.016749266229989485
5391.0 0.01700237450652633
5392.0 0.01724951031497618
5393.0 0.017482591833189585
5394.0 0.017715751984776592
5395.0 0.017819688523902276
5396.0 0.017902561106896774
5397.0 0.018039291714774773
5398.0 0.01825041806239647
5399.0 0.018461567364323948
5400.0 0.018727166408955664
5401.0 0.018993962729949375
5402.0 0.019238559603860925
5403.0 0.019463511728000444
5404.0 0.01969224927362136
5405.0 0.019958600412681347
5406.0 0.02022503858825557
5407.0 0.02040048479665888
5408.0 0.020526937270900984
5409.0 0.020639284760624002
5410.0 0.020695338548284578
5411.0 0.020751409736652657
5412.0 0.02088225684294923
5413.0 0.021036811369388893
5414.0 0.021254440624702185
5415.0 0.021606258196410006
5416.0 0.02195819255615993
5417.0 0.02224373600322292
5418.0 0.0225194915273002
5419.0 0.02273996007168422
5420.0 0.022887137863799974
5421.0 0.023034365109810464
5422.0 0.023136720278561056
5423.0 0.023238655450752804
5424.0 0.02337811395840001
5425.0 0.02354831011557897
5426.0 0.023729089835765573
5427.0 0.02400412396693939
5428.0 0.02427931846739074
5429.0 0.024574042473549506
5430.0 0.02487898024345699
5431.0 0.025164673317543608
5432.0 0.02538194879549984
5433.0 0.025599308158761328
5434.0 0.025652674827033827
5435.0 0.025657132033341263
5436.0 0.02570308402513395
5437.0 0.025833448811549333
5438.0 0.025963998051311298
5439.0 0.02623138865294314
5440.0 0.026515863276671905
5441.0 0.026757449086928058
5442.0 0.026944349745923676
5443.0 0.027131471538271563
5444.0 0.027245679486179945
5445.0 0.027360146424035624
5446.0 0.027523401327592987
5447.0 0.027725120956628525
5448.0 0.027929175762069422
5449.0 0.02814884184247577
5450.0 0.02836876349343622
5451.0 0.02859751410182681
5452.0 0.028830826495358567
5453.0 0.029049379995806434
5454.0 0.029217860644734632
5455.0 0.029386582837293306
5456.0 0.029490855401963778
5457.0 0.02957820674057936
5458.0 0.029665162203379655
5459.0 0.029751163535032803
5460.0 0.029837438856431222
5461.0 0.030036783959666222
5462.0 0.03024886856895845
5463.0 0.030456305793688417
5464.0 0.030658222783818943
5465.0 0.03085931116540599
5466.0 0.030950046849898615
5467.0 0.03104099612688703
5468.0 0.031187178228032124
5469.0 0.031375217175915765
5470.0 0.031555119137322105
5471.0 0.03167834656704153
5472.0 0.03180182039228179
5473.0 0.031804289691877936
5474.0 0.03175245503674108
5475.0 0.03172676864859327
5476.0 0.03178379313953754
5477.0 0.031840934183753875
5478.0 0.032012884199280355
5479.0 0.03221367853961553
5480.0 0.032367046335613034
5481.0 0.03243540084243114
5482.0 0.03250404695121094
5483.0 0.03262186551839544
5484.0 0.032744786952483215
5485.0 0.03286490968171406
5486.0 0.032981747818725614
5487.0 0.0331037315529094
5488.0 0.033381228872065204
5489.0 0.03365923296448627
5490.0 0.03378259521933977
5491.0 0.03379388351529884
5492.0 0.033788689344283314
5493.0 0.03368142697932175
5494.0 0.03357411849198855
5495.0 0.03356659072431101
5496.0 0.033602056328565715
5497.0 0.03366692679984801
5498.0 0.03381554344638403
5499.0 0.033964385248464055
5500.0 0.033915170861318095
5501.0 0.033819389284580184
5502.0 0.03377919044991747
5503.0 0.03383349323387298
5504.0 0.03388800275641906
5505.0 0.03423323381370986
5506.0 0.03460079691122303
5507.0 0.034825202340915476
5508.0 0.03489421819307376
5509.0 0.034953821187504806
5510.0 0.034782105837601794
5511.0 0.03461033156219114
5512.0 0.03451224172187786
5513.0 0.03446337105277471
5514.0 0.03442301274941006
5515.0 0.03443053954678443
5516.0 0.03443821794849391
5517.0 0.034498790790686816
5518.0 0.034581222428567204
5519.0 0.0346523743314024
5520.0 0.03469288976687879
5521.0 0.03473359809089493
5522.0 0.03458405178845262
5523.0 0.034395499976279977
5524.0 0.03426243148392817
5525.0 0.034220393486137424
5526.0 0.03417835164102818
5527.0 0.03417533629502185
5528.0 0.03417501677509296
5529.0 0.034136534976054705
5530.0 0.03405981083196628
5531.0 0.03398883101876557
5532.0 0.0340251354772477
5533.0 0.03406162208670636
5534.0 0.03402339482514736
5535.0 0.033937351902513166
5536.0 0.03385464137072836
5537.0 0.03378820450561681
5538.0 0.033721958913498926
5539.0 0.03362682197679873
5540.0 0.03352041246656274
5541.0 0.03343968398442008
5542.0 0.03342493081646742
5543.0 0.033410357024638626
5544.0 0.03336768857543193
5545.0 0.03331977969216964
5546.0 0.033306056564804204
5547.0 0.03334380295818526
5548.0 0.03338180708564211
5549.0 0.033170624741953425
5550.0 0.032946091866162174
5551.0 0.03277183391325364
5552.0 0.03264598499721914
5553.0 0.03252770899743912
5554.0 0.032512181678367974
5555.0 0.032496664515754524
5556.0 0.03246897505384382
5557.0 0.032433696569968924
5558.0 0.032377525876798555
5559.0 0.03222599283408998
5560.0 0.03207409928916231
5561.0 0.0319467851988455
5562.0 0.03182784659255243
5563.0 0.03169253760973552
5564.0 0.03151764306480374
5565.0 0.03134228943844664
5566.0 0.031271862271115586
5567.0 0.031219620234233254
5568.0 0.031144707456462844
5569.0 0.031037262638642836
5570.0 0.030929260726845653
5571.0 0.030673463557588924
5572.0 0.03041235017754765
5573.0 0.030205340350765063
5574.0 0.03004826735815334
5575.0 0.02989575225995099
5576.0 0.029801061045917288
5577.0 0.029706010180501504
5578.0 0.029551921178147332
5579.0 0.02936445324590906
5580.0 0.029204643082938627
5581.0 0.029164734347693292
5582.0 0.029124618017797383
5583.0 0.028985474320047458
5584.0 0.028813199609473327
5585.0 0.028620237994288728
5586.0 0.028381429646575126
5587.0 0.028142756718578583
5588.0 0.027948430171468426
5589.0 0.027761776884529417
5590.0 0.027628609702792326
5591.0 0.027569264321945532
5592.0 0.027511324479171154
5593.0 0.0273231629560753
5594.0 0.027134063219475885
5595.0 0.02686862203052123
5596.0 0.026538567940592787
5597.0 0.026228409552921238
5598.0 0.026097467452782745
5599.0 0.025970337701962772
5600.0 0.025855149346271238
