# %ECSV 1.0
# ---
# datatype:
# - {name: WAV, unit: Angstrom, datatype: float32}
# - {name: EFF, datatype: float64}
# meta: !!omap
# - {GRISM: 300/5000}
# - {DICHROIC: MIRROR}
# schema: astropy-2.0
WAV EFF
3500.0 0.051767
3501.0 0.052593
3502.0 0.053356
3503.0 0.054061
3504.0 0.054713
3505.0 0.055317
3506.0 0.055877
3507.0 0.056399
3508.0 0.056884
3509.0 0.057338
3510.0 0.057763
3511.0 0.058163
3512.0 0.05854
3513.0 0.058898
3514.0 0.059238
3515.0 0.059563
3516.0 0.059876
3517.0 0.060177
3518.0 0.06047
3519.0 0.060755
3520.0 0.061034
3521.0 0.061309
3522.0 0.06158
3523.0 0.061849
3524.0 0.062117
3525.0 0.062385
3526.0 0.062653
3527.0 0.062923
3528.0 0.063195
3529.0 0.063469
3530.0 0.063746
3531.0 0.064027
3532.0 0.064311
3533.0 0.0646
3534.0 0.064892
3535.0 0.06519
3536.0 0.065492
3537.0 0.065798
3538.0 0.06611
3539.0 0.066426
3540.0 0.066746
3541.0 0.067072
3542.0 0.067402
3543.0 0.067737
3544.0 0.068076
3545.0 0.068419
3546.0 0.068766
3547.0 0.069117
3548.0 0.069472
3549.0 0.06983
3550.0 0.070192
3551.0 0.070556
3552.0 0.070923
3553.0 0.071292
3554.0 0.071664
3555.0 0.072038
3556.0 0.072413
3557.0 0.07279
3558.0 0.073168
3559.0 0.073547
3560.0 0.073926
3561.0 0.074306
3562.0 0.074686
3563.0 0.075065
3564.0 0.075445
3565.0 0.075824
3566.0 0.076201
3567.0 0.076578
3568.0 0.076954
3569.0 0.077328
3570.0 0.0777
3571.0 0.07807
3572.0 0.078438
3573.0 0.078804
3574.0 0.079168
3575.0 0.079529
3576.0 0.079888
3577.0 0.080244
3578.0 0.080597
3579.0 0.080948
3580.0 0.081296
3581.0 0.081642
3582.0 0.081984
3583.0 0.082324
3584.0 0.082662
3585.0 0.082996
3586.0 0.083328
3587.0 0.083657
3588.0 0.083983
3589.0 0.084307
3590.0 0.084628
3591.0 0.084947
3592.0 0.085264
3593.0 0.085578
3594.0 0.08589
3595.0 0.0862
3596.0 0.086508
3597.0 0.086815
3598.0 0.087119
3599.0 0.087422
3600.0 0.087723
3601.0 0.088023
3602.0 0.088322
3603.0 0.08862
3604.0 0.088917
3605.0 0.089213
3606.0 0.089509
3607.0 0.089804
3608.0 0.090099
3609.0 0.090394
3610.0 0.090689
3611.0 0.090985
3612.0 0.091281
3613.0 0.091577
3614.0 0.091875
3615.0 0.092173
3616.0 0.092473
3617.0 0.092774
3618.0 0.093077
3619.0 0.093382
3620.0 0.093688
3621.0 0.093997
3622.0 0.094308
3623.0 0.094622
3624.0 0.094939
3625.0 0.095258
3626.0 0.09558
3627.0 0.095906
3628.0 0.096236
3629.0 0.096569
3630.0 0.096906
3631.0 0.097246
3632.0 0.097592
3633.0 0.097941
3634.0 0.098295
3635.0 0.098654
3636.0 0.099017
3637.0 0.099386
3638.0 0.09976
3639.0 0.100139
3640.0 0.100523
3641.0 0.100913
3642.0 0.101308
3643.0 0.101709
3644.0 0.102116
3645.0 0.102528
3646.0 0.102946
3647.0 0.10337
3648.0 0.1038
3649.0 0.104236
3650.0 0.104678
3651.0 0.105127
3652.0 0.105581
3653.0 0.106041
3654.0 0.106508
3655.0 0.106981
3656.0 0.107459
3657.0 0.107945
3658.0 0.108436
3659.0 0.108934
3660.0 0.109438
3661.0 0.109948
3662.0 0.110465
3663.0 0.110987
3664.0 0.111516
3665.0 0.112051
3666.0 0.112592
3667.0 0.113139
3668.0 0.113692
3669.0 0.114251
3670.0 0.114815
3671.0 0.115386
3672.0 0.115962
3673.0 0.116544
3674.0 0.117132
3675.0 0.117725
3676.0 0.118324
3677.0 0.118927
3678.0 0.119537
3679.0 0.120151
3680.0 0.12077
3681.0 0.121394
3682.0 0.122023
3683.0 0.122656
3684.0 0.123294
3685.0 0.123936
3686.0 0.124583
3687.0 0.125233
3688.0 0.125888
3689.0 0.126546
3690.0 0.127208
3691.0 0.127874
3692.0 0.128543
3693.0 0.129214
3694.0 0.129889
3695.0 0.130567
3696.0 0.131247
3697.0 0.13193
3698.0 0.132615
3699.0 0.133303
3700.0 0.133992
3701.0 0.134682
3702.0 0.135375
3703.0 0.136068
3704.0 0.136763
3705.0 0.137459
3706.0 0.138156
3707.0 0.138853
3708.0 0.139551
3709.0 0.140249
3710.0 0.140947
3711.0 0.141646
3712.0 0.142345
3713.0 0.143044
3714.0 0.143743
3715.0 0.144441
3716.0 0.145139
3717.0 0.145837
3718.0 0.146534
3719.0 0.14723
3720.0 0.147925
3721.0 0.148619
3722.0 0.149312
3723.0 0.150004
3724.0 0.150695
3725.0 0.151384
3726.0 0.152071
3727.0 0.152757
3728.0 0.153442
3729.0 0.154124
3730.0 0.154804
3731.0 0.155482
3732.0 0.156159
3733.0 0.156832
3734.0 0.157504
3735.0 0.158173
3736.0 0.158839
3737.0 0.159503
3738.0 0.160164
3739.0 0.160822
3740.0 0.161478
3741.0 0.16213
3742.0 0.162779
3743.0 0.163426
3744.0 0.164068
3745.0 0.164708
3746.0 0.165344
3747.0 0.165977
3748.0 0.166607
3749.0 0.167232
3750.0 0.167855
3751.0 0.168473
3752.0 0.169088
3753.0 0.169699
3754.0 0.170307
3755.0 0.17091
3756.0 0.171509
3757.0 0.172105
3758.0 0.172696
3759.0 0.173284
3760.0 0.173867
3761.0 0.174447
3762.0 0.175022
3763.0 0.175593
3764.0 0.17616
3765.0 0.176722
3766.0 0.177281
3767.0 0.177835
3768.0 0.178385
3769.0 0.17893
3770.0 0.179472
3771.0 0.180009
3772.0 0.180541
3773.0 0.18107
3774.0 0.181594
3775.0 0.182114
3776.0 0.182629
3777.0 0.183141
3778.0 0.183648
3779.0 0.18415
3780.0 0.184649
3781.0 0.185143
3782.0 0.185633
3783.0 0.186119
3784.0 0.1866
3785.0 0.187078
3786.0 0.187551
3787.0 0.18802
3788.0 0.188485
3789.0 0.188946
3790.0 0.189403
3791.0 0.189856
3792.0 0.190305
3793.0 0.19075
3794.0 0.191191
3795.0 0.191629
3796.0 0.192062
3797.0 0.192492
3798.0 0.192918
3799.0 0.193341
3800.0 0.193759
3801.0 0.194175
3802.0 0.194587
3803.0 0.194995
3804.0 0.1954
3805.0 0.195802
3806.0 0.1962
3807.0 0.196595
3808.0 0.196987
3809.0 0.197376
3810.0 0.197762
3811.0 0.198145
3812.0 0.198525
3813.0 0.198902
3814.0 0.199276
3815.0 0.199648
3816.0 0.200017
3817.0 0.200383
3818.0 0.200747
3819.0 0.201109
3820.0 0.201468
3821.0 0.201825
3822.0 0.20218
3823.0 0.202533
3824.0 0.202884
3825.0 0.203232
3826.0 0.203579
3827.0 0.203924
3828.0 0.204268
3829.0 0.204609
3830.0 0.20495
3831.0 0.205288
3832.0 0.205626
3833.0 0.205962
3834.0 0.206297
3835.0 0.206631
3836.0 0.206963
3837.0 0.207295
3838.0 0.207626
3839.0 0.207956
3840.0 0.208286
3841.0 0.208615
3842.0 0.208943
3843.0 0.209271
3844.0 0.209599
3845.0 0.209926
3846.0 0.210254
3847.0 0.210581
3848.0 0.210908
3849.0 0.211236
3850.0 0.211564
3851.0 0.211892
3852.0 0.21222
3853.0 0.212549
3854.0 0.212879
3855.0 0.213209
3856.0 0.213541
3857.0 0.213873
3858.0 0.214206
3859.0 0.214541
3860.0 0.214876
3861.0 0.215213
3862.0 0.215551
3863.0 0.215891
3864.0 0.216233
3865.0 0.216576
3866.0 0.21692
3867.0 0.217266
3868.0 0.217614
3869.0 0.217963
3870.0 0.218315
3871.0 0.218667
3872.0 0.219022
3873.0 0.219378
3874.0 0.219736
3875.0 0.220096
3876.0 0.220457
3877.0 0.220821
3878.0 0.221186
3879.0 0.221553
3880.0 0.221922
3881.0 0.222292
3882.0 0.222665
3883.0 0.22304
3884.0 0.223417
3885.0 0.223795
3886.0 0.224176
3887.0 0.224558
3888.0 0.224943
3889.0 0.22533
3890.0 0.225719
3891.0 0.22611
3892.0 0.226503
3893.0 0.226898
3894.0 0.227295
3895.0 0.227695
3896.0 0.228096
3897.0 0.2285
3898.0 0.228906
3899.0 0.229315
3900.0 0.229725
3901.0 0.230138
3902.0 0.230553
3903.0 0.230971
3904.0 0.23139
3905.0 0.231812
3906.0 0.232237
3907.0 0.232664
3908.0 0.233093
3909.0 0.233524
3910.0 0.233958
3911.0 0.234395
3912.0 0.234834
3913.0 0.235275
3914.0 0.235719
3915.0 0.236165
3916.0 0.236613
3917.0 0.237065
3918.0 0.237518
3919.0 0.237974
3920.0 0.238433
3921.0 0.238894
3922.0 0.239358
3923.0 0.239824
3924.0 0.240292
3925.0 0.240764
3926.0 0.241237
3927.0 0.241714
3928.0 0.242193
3929.0 0.242674
3930.0 0.243158
3931.0 0.243645
3932.0 0.244134
3933.0 0.244625
3934.0 0.24512
3935.0 0.245616
3936.0 0.246116
3937.0 0.246618
3938.0 0.247122
3939.0 0.24763
3940.0 0.248139
3941.0 0.248652
3942.0 0.249166
3943.0 0.249684
3944.0 0.250204
3945.0 0.250726
3946.0 0.251251
3947.0 0.251779
3948.0 0.252309
3949.0 0.252841
3950.0 0.253376
3951.0 0.253914
3952.0 0.254454
3953.0 0.254997
3954.0 0.255542
3955.0 0.256089
3956.0 0.256639
3957.0 0.257191
3958.0 0.257746
3959.0 0.258303
3960.0 0.258863
3961.0 0.259425
3962.0 0.259989
3963.0 0.260556
3964.0 0.261124
3965.0 0.261696
3966.0 0.262269
3967.0 0.262845
3968.0 0.263423
3969.0 0.264003
3970.0 0.264586
3971.0 0.26517
3972.0 0.265757
3973.0 0.266346
3974.0 0.266937
3975.0 0.26753
3976.0 0.268125
3977.0 0.268722
3978.0 0.269321
3979.0 0.269922
3980.0 0.270525
3981.0 0.27113
3982.0 0.271737
3983.0 0.272345
3984.0 0.272956
3985.0 0.273568
3986.0 0.274182
3987.0 0.274797
3988.0 0.275415
3989.0 0.276034
3990.0 0.276654
3991.0 0.277276
3992.0 0.2779
3993.0 0.278525
3994.0 0.279151
3995.0 0.279779
3996.0 0.280408
3997.0 0.281039
3998.0 0.281671
3999.0 0.282304
4000.0 0.282938
4001.0 0.283574
4002.0 0.28421
4003.0 0.284848
4004.0 0.285486
4005.0 0.286126
4006.0 0.286766
4007.0 0.287407
4008.0 0.288049
4009.0 0.288692
4010.0 0.289335
4011.0 0.28998
4012.0 0.290624
4013.0 0.291269
4014.0 0.291915
4015.0 0.292561
4016.0 0.293208
4017.0 0.293854
4018.0 0.294501
4019.0 0.295149
4020.0 0.295796
4021.0 0.296443
4022.0 0.297091
4023.0 0.297738
4024.0 0.298385
4025.0 0.299032
4026.0 0.299679
4027.0 0.300326
4028.0 0.300972
4029.0 0.301617
4030.0 0.302263
4031.0 0.302907
4032.0 0.303551
4033.0 0.304194
4034.0 0.304837
4035.0 0.305478
4036.0 0.306119
4037.0 0.306758
4038.0 0.307397
4039.0 0.308035
4040.0 0.308671
4041.0 0.309307
4042.0 0.309941
4043.0 0.310574
4044.0 0.311207
4045.0 0.311838
4046.0 0.312468
4047.0 0.313096
4048.0 0.313724
4049.0 0.31435
4050.0 0.314975
4051.0 0.315599
4052.0 0.316222
4053.0 0.316843
4054.0 0.317463
4055.0 0.318081
4056.0 0.318699
4057.0 0.319315
4058.0 0.319929
4059.0 0.320543
4060.0 0.321155
4061.0 0.321765
4062.0 0.322374
4063.0 0.322982
4064.0 0.323588
4065.0 0.324192
4066.0 0.324795
4067.0 0.325397
4068.0 0.325997
4069.0 0.326596
4070.0 0.327193
4071.0 0.327788
4072.0 0.328382
4073.0 0.328974
4074.0 0.329565
4075.0 0.330154
4076.0 0.330741
4077.0 0.331327
4078.0 0.331911
4079.0 0.332493
4080.0 0.333074
4081.0 0.333653
4082.0 0.33423
4083.0 0.334805
4084.0 0.335379
4085.0 0.335951
4086.0 0.336521
4087.0 0.337089
4088.0 0.337656
4089.0 0.33822
4090.0 0.338783
4091.0 0.339344
4092.0 0.339904
4093.0 0.340461
4094.0 0.341016
4095.0 0.34157
4096.0 0.342121
4097.0 0.342671
4098.0 0.343219
4099.0 0.343765
4100.0 0.344309
4101.0 0.344851
4102.0 0.345391
4103.0 0.345929
4104.0 0.346465
4105.0 0.347
4106.0 0.347532
4107.0 0.348062
4108.0 0.34859
4109.0 0.349116
4110.0 0.349641
4111.0 0.350163
4112.0 0.350683
4113.0 0.351201
4114.0 0.351717
4115.0 0.352231
4116.0 0.352743
4117.0 0.353253
4118.0 0.353761
4119.0 0.354267
4120.0 0.35477
4121.0 0.355272
4122.0 0.355772
4123.0 0.356269
4124.0 0.356764
4125.0 0.357258
4126.0 0.357749
4127.0 0.358238
4128.0 0.358725
4129.0 0.35921
4130.0 0.359693
4131.0 0.360173
4132.0 0.360652
4133.0 0.361129
4134.0 0.361603
4135.0 0.362076
4136.0 0.362546
4137.0 0.363014
4138.0 0.36348
4139.0 0.363944
4140.0 0.364406
4141.0 0.364866
4142.0 0.365323
4143.0 0.365779
4144.0 0.366232
4145.0 0.366684
4146.0 0.367133
4147.0 0.36758
4148.0 0.368026
4149.0 0.368469
4150.0 0.36891
4151.0 0.369349
4152.0 0.369786
4153.0 0.37022
4154.0 0.370653
4155.0 0.371084
4156.0 0.371513
4157.0 0.37194
4158.0 0.372364
4159.0 0.372787
4160.0 0.373208
4161.0 0.373626
4162.0 0.374043
4163.0 0.374458
4164.0 0.37487
4165.0 0.375281
4166.0 0.37569
4167.0 0.376097
4168.0 0.376502
4169.0 0.376905
4170.0 0.377306
4171.0 0.377705
4172.0 0.378102
4173.0 0.378497
4174.0 0.378891
4175.0 0.379282
4176.0 0.379671
4177.0 0.380059
4178.0 0.380444
4179.0 0.380828
4180.0 0.38121
4181.0 0.381589
4182.0 0.381968
4183.0 0.382343
4184.0 0.382717
4185.0 0.383089
4186.0 0.38346
4187.0 0.383828
4188.0 0.384194
4189.0 0.384559
4190.0 0.384921
4191.0 0.385282
4192.0 0.385641
4193.0 0.385998
4194.0 0.386353
4195.0 0.386706
4196.0 0.387057
4197.0 0.387406
4198.0 0.387754
4199.0 0.3881
4200.0 0.388444
4201.0 0.388785
4202.0 0.389126
4203.0 0.389464
4204.0 0.389801
4205.0 0.390135
4206.0 0.390468
4207.0 0.390799
4208.0 0.391128
4209.0 0.391456
4210.0 0.391782
4211.0 0.392106
4212.0 0.392428
4213.0 0.392748
4214.0 0.393067
4215.0 0.393384
4216.0 0.393699
4217.0 0.394013
4218.0 0.394325
4219.0 0.394635
4220.0 0.394943
4221.0 0.39525
4222.0 0.395555
4223.0 0.395858
4224.0 0.39616
4225.0 0.39646
4226.0 0.396759
4227.0 0.397056
4228.0 0.397351
4229.0 0.397645
4230.0 0.397937
4231.0 0.398227
4232.0 0.398516
4233.0 0.398804
4234.0 0.399089
4235.0 0.399374
4236.0 0.399657
4237.0 0.399938
4238.0 0.400218
4239.0 0.400496
4240.0 0.400773
4241.0 0.401048
4242.0 0.401322
4243.0 0.401595
4244.0 0.401866
4245.0 0.402135
4246.0 0.402404
4247.0 0.402671
4248.0 0.402936
4249.0 0.4032
4250.0 0.403463
4251.0 0.403725
4252.0 0.403985
4253.0 0.404244
4254.0 0.404501
4255.0 0.404758
4256.0 0.405013
4257.0 0.405267
4258.0 0.405519
4259.0 0.405771
4260.0 0.406021
4261.0 0.40627
4262.0 0.406518
4263.0 0.406764
4264.0 0.40701
4265.0 0.407254
4266.0 0.407497
4267.0 0.407739
4268.0 0.407981
4269.0 0.40822
4270.0 0.408459
4271.0 0.408697
4272.0 0.408934
4273.0 0.40917
4274.0 0.409404
4275.0 0.409638
4276.0 0.40987
4277.0 0.410102
4278.0 0.410333
4279.0 0.410563
4280.0 0.410792
4281.0 0.41102
4282.0 0.411247
4283.0 0.411473
4284.0 0.411698
4285.0 0.411923
4286.0 0.412146
4287.0 0.412369
4288.0 0.412591
4289.0 0.412812
4290.0 0.413032
4291.0 0.413251
4292.0 0.41347
4293.0 0.413688
4294.0 0.413906
4295.0 0.414122
4296.0 0.414338
4297.0 0.414553
4298.0 0.414768
4299.0 0.414981
4300.0 0.415194
4301.0 0.415407
4302.0 0.415619
4303.0 0.41583
4304.0 0.416041
4305.0 0.416251
4306.0 0.416461
4307.0 0.41667
4308.0 0.416878
4309.0 0.417086
4310.0 0.417294
4311.0 0.417501
4312.0 0.417707
4313.0 0.417913
4314.0 0.418119
4315.0 0.418324
4316.0 0.418529
4317.0 0.418733
4318.0 0.418937
4319.0 0.419141
4320.0 0.419344
4321.0 0.419547
4322.0 0.419749
4323.0 0.419952
4324.0 0.420154
4325.0 0.420355
4326.0 0.420557
4327.0 0.420758
4328.0 0.420959
4329.0 0.421159
4330.0 0.42136
4331.0 0.42156
4332.0 0.42176
4333.0 0.42196
4334.0 0.422159
4335.0 0.422359
4336.0 0.422558
4337.0 0.422757
4338.0 0.422957
4339.0 0.423156
4340.0 0.423354
4341.0 0.423553
4342.0 0.423752
4343.0 0.423951
4344.0 0.42415
4345.0 0.424348
4346.0 0.424547
4347.0 0.424746
4348.0 0.424944
4349.0 0.425143
4350.0 0.425342
4351.0 0.425541
4352.0 0.42574
4353.0 0.425939
4354.0 0.426138
4355.0 0.426337
4356.0 0.426536
4357.0 0.426736
4358.0 0.426935
4359.0 0.427135
4360.0 0.427335
4361.0 0.427535
4362.0 0.427735
4363.0 0.427935
4364.0 0.428136
4365.0 0.428337
4366.0 0.428538
4367.0 0.428739
4368.0 0.42894
4369.0 0.429142
4370.0 0.429344
4371.0 0.429546
4372.0 0.429749
4373.0 0.429952
4374.0 0.430155
4375.0 0.430359
4376.0 0.430563
4377.0 0.430767
4378.0 0.430972
4379.0 0.431177
4380.0 0.431382
4381.0 0.431587
4382.0 0.431793
4383.0 0.432
4384.0 0.432207
4385.0 0.432414
4386.0 0.432622
4387.0 0.43283
4388.0 0.433038
4389.0 0.433247
4390.0 0.433457
4391.0 0.433667
4392.0 0.433877
4393.0 0.434088
4394.0 0.434299
4395.0 0.434511
4396.0 0.434724
4397.0 0.434937
4398.0 0.43515
4399.0 0.435364
4400.0 0.435578
4401.0 0.435793
4402.0 0.436009
4403.0 0.436225
4404.0 0.436442
4405.0 0.436659
4406.0 0.436877
4407.0 0.437095
4408.0 0.437314
4409.0 0.437533
4410.0 0.437754
4411.0 0.437974
4412.0 0.438196
4413.0 0.438418
4414.0 0.43864
4415.0 0.438864
4416.0 0.439087
4417.0 0.439312
4418.0 0.439537
4419.0 0.439763
4420.0 0.439989
4421.0 0.440216
4422.0 0.440444
4423.0 0.440672
4424.0 0.440901
4425.0 0.441131
4426.0 0.441361
4427.0 0.441592
4428.0 0.441824
4429.0 0.442057
4430.0 0.44229
4431.0 0.442524
4432.0 0.442758
4433.0 0.442993
4434.0 0.443229
4435.0 0.443466
4436.0 0.443703
4437.0 0.443941
4438.0 0.44418
4439.0 0.444419
4440.0 0.444659
4441.0 0.4449
4442.0 0.445142
4443.0 0.445384
4444.0 0.445627
4445.0 0.445871
4446.0 0.446115
4447.0 0.446361
4448.0 0.446607
4449.0 0.446853
4450.0 0.447101
4451.0 0.447349
4452.0 0.447598
4453.0 0.447847
4454.0 0.448098
4455.0 0.448349
4456.0 0.4486
4457.0 0.448853
4458.0 0.449106
4459.0 0.44936
4460.0 0.449615
4461.0 0.449871
4462.0 0.450127
4463.0 0.450384
4464.0 0.450641
4465.0 0.4509
4466.0 0.451159
4467.0 0.451419
4468.0 0.451679
4469.0 0.451941
4470.0 0.452203
4471.0 0.452465
4472.0 0.452728
4473.0 0.452992
4474.0 0.453257
4475.0 0.453522
4476.0 0.453788
4477.0 0.454054
4478.0 0.454321
4479.0 0.454588
4480.0 0.454856
4481.0 0.455125
4482.0 0.455394
4483.0 0.455663
4484.0 0.455933
4485.0 0.456204
4486.0 0.456475
4487.0 0.456746
4488.0 0.457018
4489.0 0.457291
4490.0 0.457563
4491.0 0.457837
4492.0 0.45811
4493.0 0.458384
4494.0 0.458658
4495.0 0.458933
4496.0 0.459208
4497.0 0.459483
4498.0 0.459759
4499.0 0.460034
4500.0 0.46031
4501.0 0.460587
4502.0 0.460863
4503.0 0.46114
4504.0 0.461417
4505.0 0.461694
4506.0 0.461971
4507.0 0.462249
4508.0 0.462526
4509.0 0.462804
4510.0 0.463082
4511.0 0.46336
4512.0 0.463638
4513.0 0.463916
4514.0 0.464194
4515.0 0.464472
4516.0 0.46475
4517.0 0.465028
4518.0 0.465306
4519.0 0.465584
4520.0 0.465862
4521.0 0.466139
4522.0 0.466417
4523.0 0.466694
4524.0 0.466972
4525.0 0.467249
4526.0 0.467526
4527.0 0.467803
4528.0 0.46808
4529.0 0.468356
4530.0 0.468632
4531.0 0.468908
4532.0 0.469184
4533.0 0.469459
4534.0 0.469734
4535.0 0.470009
4536.0 0.470283
4537.0 0.470557
4538.0 0.47083
4539.0 0.471103
4540.0 0.471376
4541.0 0.471648
4542.0 0.47192
4543.0 0.472191
4544.0 0.472462
4545.0 0.472732
4546.0 0.473002
4547.0 0.473271
4548.0 0.473539
4549.0 0.473807
4550.0 0.474074
4551.0 0.474341
4552.0 0.474607
4553.0 0.474872
4554.0 0.475136
4555.0 0.4754
4556.0 0.475663
4557.0 0.475926
4558.0 0.476187
4559.0 0.476448
4560.0 0.476707
4561.0 0.476967
4562.0 0.477225
4563.0 0.477482
4564.0 0.477738
4565.0 0.477994
4566.0 0.478248
4567.0 0.478502
4568.0 0.478754
4569.0 0.479006
4570.0 0.479257
4571.0 0.479506
4572.0 0.479755
4573.0 0.480003
4574.0 0.480249
4575.0 0.480495
4576.0 0.48074
4577.0 0.480984
4578.0 0.481227
4579.0 0.481468
4580.0 0.481709
4581.0 0.481949
4582.0 0.482188
4583.0 0.482426
4584.0 0.482663
4585.0 0.482899
4586.0 0.483134
4587.0 0.483368
4588.0 0.483601
4589.0 0.483833
4590.0 0.484064
4591.0 0.484294
4592.0 0.484523
4593.0 0.484752
4594.0 0.484979
4595.0 0.485205
4596.0 0.48543
4597.0 0.485654
4598.0 0.485878
4599.0 0.4861
4600.0 0.486321
4601.0 0.486541
4602.0 0.48676
4603.0 0.486979
4604.0 0.487196
4605.0 0.487412
4606.0 0.487628
4607.0 0.487842
4608.0 0.488056
4609.0 0.488268
4610.0 0.48848
4611.0 0.48869
4612.0 0.4889
4613.0 0.489108
4614.0 0.489316
4615.0 0.489523
4616.0 0.489728
4617.0 0.489933
4618.0 0.490137
4619.0 0.49034
4620.0 0.490542
4621.0 0.490743
4622.0 0.490943
4623.0 0.491142
4624.0 0.49134
4625.0 0.491538
4626.0 0.491734
4627.0 0.491929
4628.0 0.492124
4629.0 0.492318
4630.0 0.49251
4631.0 0.492702
4632.0 0.492893
4633.0 0.493083
4634.0 0.493272
4635.0 0.49346
4636.0 0.493647
4637.0 0.493834
4638.0 0.494019
4639.0 0.494204
4640.0 0.494388
4641.0 0.494571
4642.0 0.494753
4643.0 0.494934
4644.0 0.495114
4645.0 0.495294
4646.0 0.495472
4647.0 0.49565
4648.0 0.495827
4649.0 0.496004
4650.0 0.496179
4651.0 0.496354
4652.0 0.496527
4653.0 0.496701
4654.0 0.496873
4655.0 0.497044
4656.0 0.497215
4657.0 0.497385
4658.0 0.497554
4659.0 0.497722
4660.0 0.49789
4661.0 0.498057
4662.0 0.498223
4663.0 0.498388
4664.0 0.498553
4665.0 0.498717
4666.0 0.49888
4667.0 0.499043
4668.0 0.499205
4669.0 0.499366
4670.0 0.499526
4671.0 0.499686
4672.0 0.499845
4673.0 0.500004
4674.0 0.500162
4675.0 0.500319
4676.0 0.500476
4677.0 0.500631
4678.0 0.500787
4679.0 0.500942
4680.0 0.501096
4681.0 0.501249
4682.0 0.501403
4683.0 0.501555
4684.0 0.501707
4685.0 0.501858
4686.0 0.502009
4687.0 0.50216
4688.0 0.502309
4689.0 0.502459
4690.0 0.502607
4691.0 0.502756
4692.0 0.502904
4693.0 0.503051
4694.0 0.503198
4695.0 0.503344
4696.0 0.50349
4697.0 0.503636
4698.0 0.503781
4699.0 0.503926
4700.0 0.50407
4701.0 0.504214
4702.0 0.504358
4703.0 0.504501
4704.0 0.504644
4705.0 0.504787
4706.0 0.504929
4707.0 0.505071
4708.0 0.505212
4709.0 0.505354
4710.0 0.505495
4711.0 0.505635
4712.0 0.505776
4713.0 0.505916
4714.0 0.506056
4715.0 0.506196
4716.0 0.506335
4717.0 0.506475
4718.0 0.506614
4719.0 0.506753
4720.0 0.506891
4721.0 0.50703
4722.0 0.507169
4723.0 0.507307
4724.0 0.507445
4725.0 0.507583
4726.0 0.507721
4727.0 0.507859
4728.0 0.507997
4729.0 0.508135
4730.0 0.508273
4731.0 0.508411
4732.0 0.508548
4733.0 0.508686
4734.0 0.508824
4735.0 0.508961
4736.0 0.509099
4737.0 0.509237
4738.0 0.509375
4739.0 0.509513
4740.0 0.509651
4741.0 0.509789
4742.0 0.509927
4743.0 0.510066
4744.0 0.510204
4745.0 0.510343
4746.0 0.510481
4747.0 0.510621
4748.0 0.51076
4749.0 0.510899
4750.0 0.511039
4751.0 0.511178
4752.0 0.511319
4753.0 0.511459
4754.0 0.5116
4755.0 0.511741
4756.0 0.511882
4757.0 0.512023
4758.0 0.512165
4759.0 0.512308
4760.0 0.51245
4761.0 0.512593
4762.0 0.512736
4763.0 0.51288
4764.0 0.513024
4765.0 0.513169
4766.0 0.513314
4767.0 0.51346
4768.0 0.513606
4769.0 0.513752
4770.0 0.513899
4771.0 0.514047
4772.0 0.514195
4773.0 0.514343
4774.0 0.514493
4775.0 0.514642
4776.0 0.514793
4777.0 0.514944
4778.0 0.515095
4779.0 0.515248
4780.0 0.5154
4781.0 0.515554
4782.0 0.515708
4783.0 0.515863
4784.0 0.516018
4785.0 0.516175
4786.0 0.516332
4787.0 0.51649
4788.0 0.516648
4789.0 0.516808
4790.0 0.516968
4791.0 0.517129
4792.0 0.51729
4793.0 0.517452
4794.0 0.517615
4795.0 0.517779
4796.0 0.517943
4797.0 0.518108
4798.0 0.518274
4799.0 0.51844
4800.0 0.518607
4801.0 0.518775
4802.0 0.518943
4803.0 0.519112
4804.0 0.519281
4805.0 0.519451
4806.0 0.519622
4807.0 0.519794
4808.0 0.519966
4809.0 0.520138
4810.0 0.520312
4811.0 0.520486
4812.0 0.52066
4813.0 0.520835
4814.0 0.52101
4815.0 0.521187
4816.0 0.521363
4817.0 0.52154
4818.0 0.521718
4819.0 0.521897
4820.0 0.522075
4821.0 0.522255
4822.0 0.522435
4823.0 0.522615
4824.0 0.522796
4825.0 0.522977
4826.0 0.523159
4827.0 0.523342
4828.0 0.523524
4829.0 0.523708
4830.0 0.523891
4831.0 0.524076
4832.0 0.52426
4833.0 0.524445
4834.0 0.524631
4835.0 0.524817
4836.0 0.525003
4837.0 0.52519
4838.0 0.525377
4839.0 0.525564
4840.0 0.525752
4841.0 0.52594
4842.0 0.526128
4843.0 0.526317
4844.0 0.526507
4845.0 0.526696
4846.0 0.526886
4847.0 0.527076
4848.0 0.527267
4849.0 0.527457
4850.0 0.527649
4851.0 0.52784
4852.0 0.528032
4853.0 0.528223
4854.0 0.528415
4855.0 0.528607
4856.0 0.5288
4857.0 0.528993
4858.0 0.529186
4859.0 0.529379
4860.0 0.529572
4861.0 0.529766
4862.0 0.529959
4863.0 0.530153
4864.0 0.530347
4865.0 0.530541
4866.0 0.530735
4867.0 0.530929
4868.0 0.531124
4869.0 0.531318
4870.0 0.531513
4871.0 0.531707
4872.0 0.531902
4873.0 0.532097
4874.0 0.532292
4875.0 0.532486
4876.0 0.532681
4877.0 0.532876
4878.0 0.533071
4879.0 0.533266
4880.0 0.53346
4881.0 0.533655
4882.0 0.53385
4883.0 0.534044
4884.0 0.534238
4885.0 0.534433
4886.0 0.534627
4887.0 0.534821
4888.0 0.535015
4889.0 0.535209
4890.0 0.535403
4891.0 0.535596
4892.0 0.53579
4893.0 0.535983
4894.0 0.536176
4895.0 0.536368
4896.0 0.536561
4897.0 0.536753
4898.0 0.536945
4899.0 0.537137
4900.0 0.537328
4901.0 0.537519
4902.0 0.53771
4903.0 0.537901
4904.0 0.538091
4905.0 0.53828
4906.0 0.53847
4907.0 0.538659
4908.0 0.538847
4909.0 0.539036
4910.0 0.539224
4911.0 0.539411
4912.0 0.539598
4913.0 0.539784
4914.0 0.53997
4915.0 0.540156
4916.0 0.540341
4917.0 0.540525
4918.0 0.540709
4919.0 0.540892
4920.0 0.541075
4921.0 0.541257
4922.0 0.541439
4923.0 0.54162
4924.0 0.5418
4925.0 0.54198
4926.0 0.542159
4927.0 0.542337
4928.0 0.542515
4929.0 0.542692
4930.0 0.542869
4931.0 0.543044
4932.0 0.543219
4933.0 0.543393
4934.0 0.543566
4935.0 0.543739
4936.0 0.543911
4937.0 0.544081
4938.0 0.544251
4939.0 0.54442
4940.0 0.544589
4941.0 0.544756
4942.0 0.544922
4943.0 0.545088
4944.0 0.545253
4945.0 0.545416
4946.0 0.545579
4947.0 0.545741
4948.0 0.545902
4949.0 0.546061
4950.0 0.54622
4951.0 0.546378
4952.0 0.546534
4953.0 0.54669
4954.0 0.546844
4955.0 0.546997
4956.0 0.54715
4957.0 0.547301
4958.0 0.54745
4959.0 0.547599
4960.0 0.547746
4961.0 0.547893
4962.0 0.548038
4963.0 0.548181
4964.0 0.548324
4965.0 0.548465
4966.0 0.548605
4967.0 0.548744
4968.0 0.548881
4969.0 0.549017
4970.0 0.549151
4971.0 0.549285
4972.0 0.549417
4973.0 0.549547
4974.0 0.549676
4975.0 0.549803
4976.0 0.549929
4977.0 0.550054
4978.0 0.550177
4979.0 0.550299
4980.0 0.550418
4981.0 0.550537
4982.0 0.550654
4983.0 0.550769
4984.0 0.550883
4985.0 0.550995
4986.0 0.551105
4987.0 0.551214
4988.0 0.551321
4989.0 0.551427
4990.0 0.55153
4991.0 0.551632
4992.0 0.551732
4993.0 0.551831
4994.0 0.551928
4995.0 0.552023
4996.0 0.552116
4997.0 0.552207
4998.0 0.552297
4999.0 0.552384
5000.0 0.55247
5001.0 0.552554
5002.0 0.552636
5003.0 0.552716
5004.0 0.552794
5005.0 0.552871
5006.0 0.552945
5007.0 0.553018
5008.0 0.553089
5009.0 0.553158
5010.0 0.553225
5011.0 0.55329
5012.0 0.553354
5013.0 0.553415
5014.0 0.553475
5015.0 0.553533
5016.0 0.553589
5017.0 0.553644
5018.0 0.553697
5019.0 0.553747
5020.0 0.553797
5021.0 0.553844
5022.0 0.55389
5023.0 0.553934
5024.0 0.553976
5025.0 0.554016
5026.0 0.554055
5027.0 0.554092
5028.0 0.554128
5029.0 0.554161
5030.0 0.554193
5031.0 0.554224
5032.0 0.554252
5033.0 0.554279
5034.0 0.554305
5035.0 0.554328
5036.0 0.55435
5037.0 0.554371
5038.0 0.554389
5039.0 0.554406
5040.0 0.554422
5041.0 0.554436
5042.0 0.554448
5043.0 0.554459
5044.0 0.554469
5045.0 0.554476
5046.0 0.554483
5047.0 0.554487
5048.0 0.55449
5049.0 0.554492
5050.0 0.554492
5051.0 0.554491
5052.0 0.554488
5053.0 0.554483
5054.0 0.554478
5055.0 0.554471
5056.0 0.554462
5057.0 0.554452
5058.0 0.55444
5059.0 0.554427
5060.0 0.554412
5061.0 0.554397
5062.0 0.554379
5063.0 0.554361
5064.0 0.554341
5065.0 0.55432
5066.0 0.554297
5067.0 0.554273
5068.0 0.554248
5069.0 0.554221
5070.0 0.554193
5071.0 0.554164
5072.0 0.554134
5073.0 0.554102
5074.0 0.554069
5075.0 0.554035
5076.0 0.553999
5077.0 0.553963
5078.0 0.553925
5079.0 0.553886
5080.0 0.553845
5081.0 0.553804
5082.0 0.553762
5083.0 0.553718
5084.0 0.553673
5085.0 0.553627
5086.0 0.55358
5087.0 0.553531
5088.0 0.553482
5089.0 0.553432
5090.0 0.55338
5091.0 0.553327
5092.0 0.553274
5093.0 0.553219
5094.0 0.553163
5095.0 0.553107
5096.0 0.553049
5097.0 0.55299
5098.0 0.552931
5099.0 0.55287
5100.0 0.552809
5101.0 0.552746
5102.0 0.552683
5103.0 0.552618
5104.0 0.552553
5105.0 0.552487
5106.0 0.55242
5107.0 0.552352
5108.0 0.552284
5109.0 0.552214
5110.0 0.552144
5111.0 0.552072
5112.0 0.552
5113.0 0.551928
5114.0 0.551854
5115.0 0.55178
5116.0 0.551705
5117.0 0.551629
5118.0 0.551552
5119.0 0.551475
5120.0 0.551397
5121.0 0.551318
5122.0 0.551239
5123.0 0.551159
5124.0 0.551078
5125.0 0.550997
5126.0 0.550915
5127.0 0.550833
5128.0 0.55075
5129.0 0.550666
5130.0 0.550582
5131.0 0.550497
5132.0 0.550411
5133.0 0.550326
5134.0 0.550239
5135.0 0.550152
5136.0 0.550064
5137.0 0.549977
5138.0 0.549888
5139.0 0.549799
5140.0 0.54971
5141.0 0.54962
5142.0 0.54953
5143.0 0.549439
5144.0 0.549348
5145.0 0.549257
5146.0 0.549165
5147.0 0.549073
5148.0 0.548981
5149.0 0.548888
5150.0 0.548795
5151.0 0.548701
5152.0 0.548608
5153.0 0.548513
5154.0 0.548419
5155.0 0.548325
5156.0 0.54823
5157.0 0.548135
5158.0 0.54804
5159.0 0.547944
5160.0 0.547848
5161.0 0.547753
5162.0 0.547657
5163.0 0.547561
5164.0 0.547464
5165.0 0.547368
5166.0 0.547271
5167.0 0.547174
5168.0 0.547078
5169.0 0.546981
5170.0 0.546884
5171.0 0.546787
5172.0 0.54669
5173.0 0.546593
5174.0 0.546495
5175.0 0.546398
5176.0 0.546301
5177.0 0.546204
5178.0 0.546107
5179.0 0.54601
5180.0 0.545913
5181.0 0.545816
5182.0 0.545719
5183.0 0.545622
5184.0 0.545525
5185.0 0.545429
5186.0 0.545332
5187.0 0.545236
5188.0 0.545139
5189.0 0.545043
5190.0 0.544947
5191.0 0.544852
5192.0 0.544756
5193.0 0.544661
5194.0 0.544565
5195.0 0.54447
5196.0 0.544376
5197.0 0.544281
5198.0 0.544187
5199.0 0.544093
5200.0 0.543999
5201.0 0.543906
5202.0 0.543812
5203.0 0.54372
5204.0 0.543627
5205.0 0.543535
5206.0 0.543443
5207.0 0.543352
5208.0 0.54326
5209.0 0.54317
5210.0 0.543079
5211.0 0.542989
5212.0 0.542899
5213.0 0.54281
5214.0 0.542722
5215.0 0.542633
5216.0 0.542545
5217.0 0.542458
5218.0 0.542371
5219.0 0.542284
5220.0 0.542198
5221.0 0.542113
5222.0 0.542028
5223.0 0.541943
5224.0 0.541859
5225.0 0.541776
5226.0 0.541693
5227.0 0.54161
5228.0 0.541528
5229.0 0.541447
5230.0 0.541366
5231.0 0.541286
5232.0 0.541207
5233.0 0.541128
5234.0 0.54105
5235.0 0.540972
5236.0 0.540895
5237.0 0.540819
5238.0 0.540743
5239.0 0.540668
5240.0 0.540594
5241.0 0.54052
5242.0 0.540447
5243.0 0.540375
5244.0 0.540303
5245.0 0.540232
5246.0 0.540163
5247.0 0.540093
5248.0 0.540024
5249.0 0.539956
5250.0 0.539889
5251.0 0.539823
5252.0 0.539757
5253.0 0.539693
5254.0 0.539629
5255.0 0.539565
5256.0 0.539503
5257.0 0.539441
5258.0 0.539381
5259.0 0.539321
5260.0 0.539262
5261.0 0.539203
5262.0 0.539146
5263.0 0.53909
5264.0 0.539034
5265.0 0.538979
5266.0 0.538925
5267.0 0.538873
5268.0 0.538821
5269.0 0.538769
5270.0 0.538719
5271.0 0.538669
5272.0 0.53862
5273.0 0.538573
5274.0 0.538526
5275.0 0.538479
5276.0 0.538434
5277.0 0.538389
5278.0 0.538346
5279.0 0.538303
5280.0 0.538261
5281.0 0.538219
5282.0 0.538179
5283.0 0.538139
5284.0 0.5381
5285.0 0.538062
5286.0 0.538025
5287.0 0.537988
5288.0 0.537952
5289.0 0.537917
5290.0 0.537883
5291.0 0.53785
5292.0 0.537817
5293.0 0.537785
5294.0 0.537753
5295.0 0.537723
5296.0 0.537693
5297.0 0.537664
5298.0 0.537635
5299.0 0.537608
5300.0 0.537581
5301.0 0.537554
5302.0 0.537529
5303.0 0.537504
5304.0 0.53748
5305.0 0.537456
5306.0 0.537433
5307.0 0.537411
5308.0 0.53739
5309.0 0.537369
5310.0 0.537349
5311.0 0.537329
5312.0 0.53731
5313.0 0.537292
5314.0 0.537274
5315.0 0.537257
5316.0 0.537241
5317.0 0.537225
5318.0 0.53721
5319.0 0.537195
5320.0 0.537181
5321.0 0.537167
5322.0 0.537154
5323.0 0.537142
5324.0 0.53713
5325.0 0.537119
5326.0 0.537108
5327.0 0.537099
5328.0 0.537089
5329.0 0.53708
5330.0 0.537071
5331.0 0.537063
5332.0 0.537056
5333.0 0.537049
5334.0 0.537042
5335.0 0.537036
5336.0 0.537031
5337.0 0.537026
5338.0 0.537022
5339.0 0.537017
5340.0 0.537014
5341.0 0.537011
5342.0 0.537008
5343.0 0.537006
5344.0 0.537004
5345.0 0.537002
5346.0 0.537002
5347.0 0.537001
5348.0 0.537001
5349.0 0.537001
5350.0 0.537002
5351.0 0.537003
5352.0 0.537004
5353.0 0.537006
5354.0 0.537008
5355.0 0.537011
5356.0 0.537013
5357.0 0.537017
5358.0 0.53702
5359.0 0.537024
5360.0 0.537028
5361.0 0.537033
5362.0 0.537038
5363.0 0.537043
5364.0 0.537048
5365.0 0.537054
5366.0 0.53706
5367.0 0.537066
5368.0 0.537073
5369.0 0.53708
5370.0 0.537087
5371.0 0.537094
5372.0 0.537102
5373.0 0.537109
5374.0 0.537117
5375.0 0.537126
5376.0 0.537134
5377.0 0.537143
5378.0 0.537152
5379.0 0.537161
5380.0 0.53717
5381.0 0.53718
5382.0 0.537189
5383.0 0.537199
5384.0 0.537209
5385.0 0.537219
5386.0 0.537229
5387.0 0.53724
5388.0 0.537251
5389.0 0.537261
5390.0 0.537272
5391.0 0.537283
5392.0 0.537294
5393.0 0.537305
5394.0 0.537316
5395.0 0.537327
5396.0 0.537339
5397.0 0.53735
5398.0 0.537362
5399.0 0.537373
5400.0 0.537385
5401.0 0.537397
5402.0 0.537408
5403.0 0.53742
5404.0 0.537432
5405.0 0.537444
5406.0 0.537456
5407.0 0.537468
5408.0 0.537479
5409.0 0.537491
5410.0 0.537503
5411.0 0.537515
5412.0 0.537527
5413.0 0.537538
5414.0 0.53755
5415.0 0.537562
5416.0 0.537574
5417.0 0.537585
5418.0 0.537597
5419.0 0.537608
5420.0 0.53762
5421.0 0.537631
5422.0 0.537642
5423.0 0.537654
5424.0 0.537665
5425.0 0.537675
5426.0 0.537686
5427.0 0.537697
5428.0 0.537708
5429.0 0.537718
5430.0 0.537728
5431.0 0.537739
5432.0 0.537749
5433.0 0.537759
5434.0 0.537769
5435.0 0.537778
5436.0 0.537788
5437.0 0.537797
5438.0 0.537806
5439.0 0.537815
5440.0 0.537824
5441.0 0.537833
5442.0 0.537841
5443.0 0.53785
5444.0 0.537857
5445.0 0.537865
5446.0 0.537873
5447.0 0.53788
5448.0 0.537887
5449.0 0.537894
5450.0 0.537901
5451.0 0.537907
5452.0 0.537913
5453.0 0.537919
5454.0 0.537925
5455.0 0.53793
5456.0 0.537936
5457.0 0.53794
5458.0 0.537945
5459.0 0.537949
5460.0 0.537953
5461.0 0.537957
5462.0 0.53796
5463.0 0.537964
5464.0 0.537966
5465.0 0.537969
5466.0 0.537971
5467.0 0.537973
5468.0 0.537975
5469.0 0.537976
5470.0 0.537977
5471.0 0.537978
5472.0 0.537978
5473.0 0.537978
5474.0 0.537978
5475.0 0.537977
5476.0 0.537976
5477.0 0.537974
5478.0 0.537973
5479.0 0.537971
5480.0 0.537968
5481.0 0.537965
5482.0 0.537962
5483.0 0.537958
5484.0 0.537954
5485.0 0.53795
5486.0 0.537945
5487.0 0.53794
5488.0 0.537934
5489.0 0.537929
5490.0 0.537923
5491.0 0.537916
5492.0 0.537908
5493.0 0.537901
5494.0 0.537893
5495.0 0.537885
5496.0 0.537876
5497.0 0.537867
5498.0 0.537857
5499.0 0.537847
5500.0 0.537837
5501.0 0.537826
5502.0 0.537814
5503.0 0.537803
5504.0 0.53779
5505.0 0.537778
5506.0 0.537765
5507.0 0.537751
5508.0 0.537737
5509.0 0.537723
5510.0 0.537708
5511.0 0.537692
5512.0 0.537677
5513.0 0.537661
5514.0 0.537644
5515.0 0.537626
5516.0 0.537609
5517.0 0.537591
5518.0 0.537572
5519.0 0.537553
5520.0 0.537534
5521.0 0.537514
5522.0 0.537493
5523.0 0.537472
5524.0 0.537451
5525.0 0.537429
5526.0 0.537407
5527.0 0.537384
5528.0 0.53736
5529.0 0.537337
5530.0 0.537312
5531.0 0.537288
5532.0 0.537262
5533.0 0.537236
5534.0 0.53721
5535.0 0.537183
5536.0 0.537156
5537.0 0.537128
5538.0 0.5371
5539.0 0.537071
5540.0 0.537042
5541.0 0.537012
5542.0 0.536982
5543.0 0.536951
5544.0 0.53692
5545.0 0.536888
5546.0 0.536856
5547.0 0.536823
5548.0 0.53679
5549.0 0.536756
5550.0 0.536722
5551.0 0.536687
5552.0 0.536652
5553.0 0.536616
5554.0 0.53658
5555.0 0.536542
5556.0 0.536505
5557.0 0.536467
5558.0 0.536429
5559.0 0.53639
5560.0 0.536351
5561.0 0.536311
5562.0 0.536271
5563.0 0.53623
5564.0 0.536188
5565.0 0.536147
5566.0 0.536105
5567.0 0.536062
5568.0 0.536019
5569.0 0.535975
5570.0 0.535931
5571.0 0.535886
5572.0 0.535841
5573.0 0.535796
5574.0 0.53575
5575.0 0.535704
5576.0 0.535656
5577.0 0.535609
5578.0 0.535562
5579.0 0.535514
5580.0 0.535465
5581.0 0.535416
5582.0 0.535367
5583.0 0.535317
5584.0 0.535267
5585.0 0.535217
5586.0 0.535166
5587.0 0.535114
5588.0 0.535063
5589.0 0.535011
5590.0 0.534959
5591.0 0.534906
5592.0 0.534853
5593.0 0.534799
5594.0 0.534745
5595.0 0.534691
5596.0 0.534636
5597.0 0.534582
5598.0 0.534527
5599.0 0.534471
5600.0 0.534415
5601.0 0.534359
5602.0 0.534303
5603.0 0.534246
5604.0 0.534189
5605.0 0.534132
5606.0 0.534074
5607.0 0.534016
5608.0 0.533958
5609.0 0.533899
5610.0 0.533841
5611.0 0.533782
5612.0 0.533722
5613.0 0.533663
5614.0 0.533603
5615.0 0.533543
5616.0 0.533483
5617.0 0.533422
5618.0 0.533361
5619.0 0.533301
5620.0 0.53324
5621.0 0.533178
5622.0 0.533117
5623.0 0.533055
5624.0 0.532993
5625.0 0.532931
5626.0 0.532869
5627.0 0.532806
5628.0 0.532744
5629.0 0.532681
5630.0 0.532618
5631.0 0.532555
5632.0 0.532492
5633.0 0.532428
5634.0 0.532365
5635.0 0.532301
5636.0 0.532238
5637.0 0.532174
5638.0 0.53211
5639.0 0.532046
5640.0 0.531982
5641.0 0.531918
5642.0 0.531853
5643.0 0.531789
5644.0 0.531725
5645.0 0.53166
5646.0 0.531595
5647.0 0.53153
5648.0 0.531466
5649.0 0.531401
5650.0 0.531336
5651.0 0.531272
5652.0 0.531207
5653.0 0.531142
5654.0 0.531077
5655.0 0.531012
5656.0 0.530948
5657.0 0.530883
5658.0 0.530818
5659.0 0.530753
5660.0 0.530689
5661.0 0.530624
5662.0 0.530559
5663.0 0.530495
5664.0 0.53043
5665.0 0.530366
5666.0 0.530302
5667.0 0.530237
5668.0 0.530173
5669.0 0.530109
5670.0 0.530045
5671.0 0.529981
5672.0 0.529917
5673.0 0.529854
5674.0 0.52979
5675.0 0.529727
5676.0 0.529663
5677.0 0.5296
5678.0 0.529537
5679.0 0.529474
5680.0 0.529411
5681.0 0.529349
5682.0 0.529287
5683.0 0.529224
5684.0 0.529163
5685.0 0.529101
5686.0 0.529039
5687.0 0.528978
5688.0 0.528917
5689.0 0.528856
5690.0 0.528795
5691.0 0.528735
5692.0 0.528674
5693.0 0.528615
5694.0 0.528555
5695.0 0.528495
5696.0 0.528436
5697.0 0.528377
5698.0 0.528319
5699.0 0.52826
5700.0 0.528202
5701.0 0.528145
5702.0 0.528087
5703.0 0.52803
5704.0 0.527974
5705.0 0.527917
5706.0 0.527861
5707.0 0.527805
5708.0 0.52775
5709.0 0.527695
5710.0 0.527641
5711.0 0.527586
5712.0 0.527533
5713.0 0.527479
5714.0 0.527426
5715.0 0.527373
5716.0 0.527321
5717.0 0.527269
5718.0 0.527218
5719.0 0.527167
5720.0 0.527116
5721.0 0.527066
5722.0 0.527017
5723.0 0.526967
5724.0 0.526919
5725.0 0.526871
5726.0 0.526823
5727.0 0.526776
5728.0 0.526729
5729.0 0.526682
5730.0 0.526637
5731.0 0.526591
5732.0 0.526547
5733.0 0.526502
5734.0 0.526459
5735.0 0.526416
5736.0 0.526373
5737.0 0.526331
5738.0 0.526289
5739.0 0.526249
5740.0 0.526208
5741.0 0.526168
5742.0 0.526129
5743.0 0.526091
5744.0 0.526053
5745.0 0.526015
5746.0 0.525979
5747.0 0.525942
5748.0 0.525907
5749.0 0.525872
5750.0 0.525838
5751.0 0.525805
5752.0 0.525772
5753.0 0.525739
5754.0 0.525708
5755.0 0.525677
5756.0 0.525647
5757.0 0.525617
5758.0 0.525589
5759.0 0.52556
5760.0 0.525533
5761.0 0.525506
5762.0 0.52548
5763.0 0.525455
5764.0 0.525431
5765.0 0.525407
5766.0 0.525384
5767.0 0.525362
5768.0 0.52534
5769.0 0.525319
5770.0 0.525299
5771.0 0.52528
5772.0 0.525262
5773.0 0.525244
5774.0 0.525227
5775.0 0.525212
5776.0 0.525196
5777.0 0.525182
5778.0 0.525168
5779.0 0.525156
5780.0 0.525144
5781.0 0.525133
5782.0 0.525123
5783.0 0.525113
5784.0 0.525105
5785.0 0.525097
5786.0 0.52509
5787.0 0.525085
5788.0 0.525079
5789.0 0.525075
5790.0 0.525072
5791.0 0.52507
5792.0 0.525068
5793.0 0.525068
5794.0 0.525068
5795.0 0.52507
5796.0 0.525072
5797.0 0.525075
5798.0 0.525079
5799.0 0.525084
5800.0 0.52509
5801.0 0.525097
5802.0 0.525105
5803.0 0.525114
5804.0 0.525124
5805.0 0.525135
5806.0 0.525147
5807.0 0.52516
5808.0 0.525173
5809.0 0.525188
5810.0 0.525204
5811.0 0.525221
5812.0 0.525239
5813.0 0.525257
5814.0 0.525277
5815.0 0.525298
5816.0 0.52532
5817.0 0.525343
5818.0 0.525366
5819.0 0.525391
5820.0 0.525418
5821.0 0.525445
5822.0 0.525473
5823.0 0.525502
5824.0 0.525532
5825.0 0.525563
5826.0 0.525595
5827.0 0.525629
5828.0 0.525663
5829.0 0.525699
5830.0 0.525735
5831.0 0.525773
5832.0 0.525812
5833.0 0.525852
5834.0 0.525893
5835.0 0.525935
5836.0 0.525978
5837.0 0.526022
5838.0 0.526067
5839.0 0.526114
5840.0 0.526161
5841.0 0.52621
5842.0 0.52626
5843.0 0.526311
5844.0 0.526363
5845.0 0.526416
5846.0 0.52647
5847.0 0.526526
5848.0 0.526582
5849.0 0.52664
5850.0 0.526698
5851.0 0.526758
5852.0 0.526819
5853.0 0.526881
5854.0 0.526944
5855.0 0.527009
5856.0 0.527075
5857.0 0.527141
5858.0 0.527209
5859.0 0.527278
5860.0 0.527348
5861.0 0.52742
5862.0 0.527492
5863.0 0.527566
5864.0 0.52764
5865.0 0.527716
5866.0 0.527793
5867.0 0.527871
5868.0 0.527951
5869.0 0.528031
5870.0 0.528113
5871.0 0.528195
5872.0 0.528279
5873.0 0.528364
5874.0 0.52845
5875.0 0.528538
5876.0 0.528626
5877.0 0.528716
5878.0 0.528806
5879.0 0.528898
5880.0 0.528991
5881.0 0.529086
5882.0 0.529181
5883.0 0.529277
5884.0 0.529375
5885.0 0.529473
5886.0 0.529573
5887.0 0.529674
5888.0 0.529776
5889.0 0.529879
5890.0 0.529984
5891.0 0.530089
5892.0 0.530196
5893.0 0.530304
5894.0 0.530412
5895.0 0.530522
5896.0 0.530633
5897.0 0.530745
5898.0 0.530858
5899.0 0.530973
5900.0 0.531088
5901.0 0.531204
5902.0 0.531322
5903.0 0.53144
5904.0 0.53156
5905.0 0.531681
5906.0 0.531803
5907.0 0.531926
5908.0 0.53205
5909.0 0.532175
5910.0 0.532301
5911.0 0.532428
5912.0 0.532556
5913.0 0.532685
5914.0 0.532815
5915.0 0.532947
5916.0 0.533079
5917.0 0.533212
5918.0 0.533347
5919.0 0.533482
5920.0 0.533618
5921.0 0.533756
5922.0 0.533894
5923.0 0.534033
5924.0 0.534173
5925.0 0.534315
5926.0 0.534457
5927.0 0.5346
5928.0 0.534744
5929.0 0.534889
5930.0 0.535035
5931.0 0.535182
5932.0 0.53533
5933.0 0.535478
5934.0 0.535628
5935.0 0.535778
5936.0 0.53593
5937.0 0.536082
5938.0 0.536235
5939.0 0.536389
5940.0 0.536544
5941.0 0.5367
5942.0 0.536856
5943.0 0.537014
5944.0 0.537172
5945.0 0.537331
5946.0 0.537491
5947.0 0.537652
5948.0 0.537813
5949.0 0.537975
5950.0 0.538138
5951.0 0.538302
5952.0 0.538467
5953.0 0.538632
5954.0 0.538798
5955.0 0.538965
5956.0 0.539132
5957.0 0.539301
5958.0 0.539469
5959.0 0.539639
5960.0 0.539809
5961.0 0.53998
5962.0 0.540151
5963.0 0.540323
5964.0 0.540496
5965.0 0.54067
5966.0 0.540844
5967.0 0.541019
5968.0 0.541194
5969.0 0.54137
5970.0 0.541546
5971.0 0.541723
5972.0 0.541901
5973.0 0.542079
5974.0 0.542258
5975.0 0.542437
5976.0 0.542616
5977.0 0.542796
5978.0 0.542977
5979.0 0.543158
5980.0 0.54334
5981.0 0.543522
5982.0 0.543704
5983.0 0.543887
5984.0 0.54407
5985.0 0.544254
5986.0 0.544438
5987.0 0.544623
5988.0 0.544807
5989.0 0.544993
5990.0 0.545178
5991.0 0.545364
5992.0 0.54555
5993.0 0.545737
5994.0 0.545923
5995.0 0.54611
5996.0 0.546298
5997.0 0.546486
5998.0 0.546673
5999.0 0.546861
6000.0 0.54705
6001.0 0.547238
6002.0 0.547427
6003.0 0.547616
6004.0 0.547805
6005.0 0.547994
6006.0 0.548184
6007.0 0.548373
6008.0 0.548563
6009.0 0.548752
6010.0 0.548943
6011.0 0.549132
6012.0 0.549322
6013.0 0.549513
6014.0 0.549703
6015.0 0.549893
6016.0 0.550083
6017.0 0.550273
6018.0 0.550463
6019.0 0.550654
6020.0 0.550844
6021.0 0.551034
6022.0 0.551224
6023.0 0.551414
6024.0 0.551604
6025.0 0.551794
6026.0 0.551984
6027.0 0.552174
6028.0 0.552363
6029.0 0.552553
6030.0 0.552742
6031.0 0.552931
6032.0 0.55312
6033.0 0.553309
6034.0 0.553498
6035.0 0.553686
6036.0 0.553875
6037.0 0.554063
6038.0 0.55425
6039.0 0.554438
6040.0 0.554625
6041.0 0.554812
6042.0 0.554999
6043.0 0.555185
6044.0 0.555371
6045.0 0.555557
6046.0 0.555743
6047.0 0.555928
6048.0 0.556113
6049.0 0.556298
6050.0 0.556482
6051.0 0.556665
6052.0 0.556849
6053.0 0.557032
6054.0 0.557215
6055.0 0.557397
6056.0 0.557579
6057.0 0.55776
6058.0 0.557941
6059.0 0.558122
6060.0 0.558302
6061.0 0.558481
6062.0 0.55866
6063.0 0.558839
6064.0 0.559017
6065.0 0.559195
6066.0 0.559371
6067.0 0.559548
6068.0 0.559724
6069.0 0.559899
6070.0 0.560075
6071.0 0.560249
6072.0 0.560423
6073.0 0.560596
6074.0 0.560769
6075.0 0.560941
6076.0 0.561112
6077.0 0.561283
6078.0 0.561453
6079.0 0.561623
6080.0 0.561791
6081.0 0.56196
6082.0 0.562127
6083.0 0.562294
6084.0 0.562461
6085.0 0.562626
6086.0 0.562791
6087.0 0.562956
6088.0 0.563119
6089.0 0.563282
6090.0 0.563444
6091.0 0.563606
6092.0 0.563766
6093.0 0.563927
6094.0 0.564086
6095.0 0.564244
6096.0 0.564403
6097.0 0.56456
6098.0 0.564716
6099.0 0.564872
6100.0 0.565027
6101.0 0.565181
6102.0 0.565334
6103.0 0.565487
6104.0 0.565639
6105.0 0.565791
6106.0 0.565941
6107.0 0.566091
6108.0 0.56624
6109.0 0.566388
6110.0 0.566535
6111.0 0.566682
6112.0 0.566828
6113.0 0.566973
6114.0 0.567117
6115.0 0.567261
6116.0 0.567404
6117.0 0.567546
6118.0 0.567687
6119.0 0.567828
6120.0 0.567968
6121.0 0.568107
6122.0 0.568245
6123.0 0.568383
6124.0 0.568519
6125.0 0.568655
6126.0 0.568791
6127.0 0.568925
6128.0 0.569059
6129.0 0.569192
6130.0 0.569325
6131.0 0.569456
6132.0 0.569587
6133.0 0.569717
6134.0 0.569847
6135.0 0.569975
6136.0 0.570104
6137.0 0.570231
6138.0 0.570358
6139.0 0.570484
6140.0 0.570609
6141.0 0.570733
6142.0 0.570857
6143.0 0.57098
6144.0 0.571103
6145.0 0.571225
6146.0 0.571347
6147.0 0.571467
6148.0 0.571587
6149.0 0.571707
6150.0 0.571826
6151.0 0.571944
6152.0 0.572062
6153.0 0.572179
6154.0 0.572296
6155.0 0.572411
6156.0 0.572527
6157.0 0.572642
6158.0 0.572756
6159.0 0.57287
6160.0 0.572983
6161.0 0.573097
6162.0 0.573209
6163.0 0.573321
6164.0 0.573432
6165.0 0.573543
6166.0 0.573654
6167.0 0.573764
6168.0 0.573874
6169.0 0.573983
6170.0 0.574092
6171.0 0.574201
6172.0 0.574309
6173.0 0.574417
6174.0 0.574525
6175.0 0.574632
6176.0 0.574739
6177.0 0.574846
6178.0 0.574952
6179.0 0.575058
6180.0 0.575164
6181.0 0.57527
6182.0 0.575376
6183.0 0.575481
6184.0 0.575586
6185.0 0.575691
6186.0 0.575796
6187.0 0.575901
6188.0 0.576005
6189.0 0.57611
6190.0 0.576214
6191.0 0.576319
6192.0 0.576423
6193.0 0.576527
6194.0 0.576632
6195.0 0.576736
6196.0 0.57684
6197.0 0.576945
6198.0 0.577049
6199.0 0.577154
6200.0 0.577258
6201.0 0.577363
6202.0 0.577468
6203.0 0.577573
6204.0 0.577678
6205.0 0.577783
6206.0 0.577889
6207.0 0.577995
6208.0 0.578101
6209.0 0.578207
6210.0 0.578314
6211.0 0.578421
6212.0 0.578528
6213.0 0.578636
6214.0 0.578744
6215.0 0.578852
6216.0 0.578961
6217.0 0.57907
6218.0 0.579179
6219.0 0.579289
6220.0 0.5794
6221.0 0.579511
6222.0 0.579623
6223.0 0.579735
6224.0 0.579847
6225.0 0.579961
6226.0 0.580074
6227.0 0.580189
6228.0 0.580304
6229.0 0.580419
6230.0 0.580536
6231.0 0.580653
6232.0 0.58077
6233.0 0.580889
6234.0 0.581008
6235.0 0.581128
6236.0 0.581249
6237.0 0.581371
6238.0 0.581493
6239.0 0.581616
6240.0 0.58174
6241.0 0.581865
6242.0 0.581991
6243.0 0.582118
6244.0 0.582245
6245.0 0.582374
6246.0 0.582504
6247.0 0.582635
6248.0 0.582766
6249.0 0.582899
6250.0 0.583032
6251.0 0.583167
6252.0 0.583303
6253.0 0.58344
6254.0 0.583578
6255.0 0.583717
6256.0 0.583857
6257.0 0.583998
6258.0 0.584141
6259.0 0.584285
6260.0 0.58443
6261.0 0.584576
6262.0 0.584723
6263.0 0.584872
6264.0 0.585022
6265.0 0.585173
6266.0 0.585326
6267.0 0.58548
6268.0 0.585635
6269.0 0.585791
6270.0 0.585949
6271.0 0.586108
6272.0 0.586268
6273.0 0.58643
6274.0 0.586594
6275.0 0.586758
6276.0 0.586925
6277.0 0.587092
6278.0 0.587261
6279.0 0.587432
6280.0 0.587603
6281.0 0.587777
6282.0 0.587952
6283.0 0.588128
6284.0 0.588306
6285.0 0.588485
6286.0 0.588666
6287.0 0.588849
6288.0 0.589033
6289.0 0.589218
6290.0 0.589405
6291.0 0.589594
6292.0 0.589784
6293.0 0.589976
6294.0 0.590169
6295.0 0.590364
6296.0 0.59056
6297.0 0.590759
6298.0 0.590958
6299.0 0.59116
6300.0 0.591362
6301.0 0.591567
6302.0 0.591773
6303.0 0.591981
6304.0 0.59219
6305.0 0.592401
6306.0 0.592613
6307.0 0.592827
6308.0 0.593043
6309.0 0.59326
6310.0 0.593479
6311.0 0.5937
6312.0 0.593922
6313.0 0.594146
6314.0 0.594371
6315.0 0.594598
6316.0 0.594827
6317.0 0.595057
6318.0 0.595288
6319.0 0.595522
6320.0 0.595756
6321.0 0.595993
6322.0 0.596231
6323.0 0.596471
6324.0 0.596712
6325.0 0.596954
6326.0 0.597199
6327.0 0.597444
6328.0 0.597691
6329.0 0.59794
6330.0 0.59819
6331.0 0.598442
6332.0 0.598695
6333.0 0.59895
6334.0 0.599206
6335.0 0.599463
6336.0 0.599723
6337.0 0.599983
6338.0 0.600245
6339.0 0.600508
6340.0 0.600773
6341.0 0.601039
6342.0 0.601306
6343.0 0.601574
6344.0 0.601844
6345.0 0.602115
6346.0 0.602388
6347.0 0.602661
6348.0 0.602937
6349.0 0.603213
6350.0 0.60349
6351.0 0.603769
6352.0 0.604048
6353.0 0.604329
6354.0 0.604611
6355.0 0.604894
6356.0 0.605178
6357.0 0.605464
6358.0 0.60575
6359.0 0.606037
6360.0 0.606325
6361.0 0.606615
6362.0 0.606905
6363.0 0.607196
6364.0 0.607488
6365.0 0.607781
6366.0 0.608074
6367.0 0.608369
6368.0 0.608664
6369.0 0.60896
6370.0 0.609257
6371.0 0.609554
6372.0 0.609852
6373.0 0.610151
6374.0 0.610451
6375.0 0.61075
6376.0 0.611051
6377.0 0.611352
6378.0 0.611654
6379.0 0.611955
6380.0 0.612258
6381.0 0.612561
6382.0 0.612864
6383.0 0.613168
6384.0 0.613472
6385.0 0.613775
6386.0 0.61408
6387.0 0.614385
6388.0 0.614689
6389.0 0.614994
6390.0 0.615299
6391.0 0.615604
6392.0 0.61591
6393.0 0.616215
6394.0 0.61652
6395.0 0.616825
6396.0 0.61713
6397.0 0.617435
6398.0 0.617739
6399.0 0.618044
6400.0 0.618348
6401.0 0.618652
6402.0 0.618955
6403.0 0.619259
6404.0 0.619562
6405.0 0.619864
6406.0 0.620166
6407.0 0.620468
6408.0 0.620769
6409.0 0.621069
6410.0 0.621369
6411.0 0.621668
6412.0 0.621966
6413.0 0.622264
6414.0 0.622561
6415.0 0.622857
6416.0 0.623153
6417.0 0.623447
6418.0 0.62374
6419.0 0.624033
6420.0 0.624324
6421.0 0.624615
6422.0 0.624904
6423.0 0.625193
6424.0 0.62548
6425.0 0.625766
6426.0 0.626051
6427.0 0.626335
6428.0 0.626617
6429.0 0.626898
6430.0 0.627178
6431.0 0.627456
6432.0 0.627733
6433.0 0.628008
6434.0 0.628281
6435.0 0.628554
6436.0 0.628824
6437.0 0.629093
6438.0 0.629361
6439.0 0.629626
6440.0 0.62989
6441.0 0.630153
6442.0 0.630413
6443.0 0.630672
6444.0 0.630928
6445.0 0.631183
6446.0 0.631436
6447.0 0.631687
6448.0 0.631936
6449.0 0.632182
6450.0 0.632428
6451.0 0.63267
6452.0 0.632911
6453.0 0.633149
6454.0 0.633386
6455.0 0.633619
6456.0 0.633851
6457.0 0.634081
6458.0 0.634308
6459.0 0.634533
6460.0 0.634756
6461.0 0.634976
6462.0 0.635194
6463.0 0.635408
6464.0 0.635622
6465.0 0.635832
6466.0 0.63604
6467.0 0.636245
6468.0 0.636447
6469.0 0.636647
6470.0 0.636845
6471.0 0.63704
6472.0 0.637232
6473.0 0.637421
6474.0 0.637608
6475.0 0.637792
6476.0 0.637973
6477.0 0.638152
6478.0 0.638327
6479.0 0.6385
6480.0 0.63867
6481.0 0.638837
6482.0 0.639002
6483.0 0.639163
6484.0 0.639322
6485.0 0.639477
6486.0 0.63963
6487.0 0.63978
6488.0 0.639926
6489.0 0.64007
6490.0 0.640211
6491.0 0.640349
6492.0 0.640483
6493.0 0.640615
6494.0 0.640744
6495.0 0.64087
6496.0 0.640992
6497.0 0.641112
6498.0 0.641229
6499.0 0.641342
6500.0 0.641453
6501.0 0.64156
6502.0 0.641665
6503.0 0.641765
6504.0 0.641864
6505.0 0.641959
6506.0 0.64205
6507.0 0.642139
6508.0 0.642225
6509.0 0.642308
6510.0 0.642387
6511.0 0.642464
6512.0 0.642537
6513.0 0.642607
6514.0 0.642674
6515.0 0.642739
6516.0 0.642799
6517.0 0.642857
6518.0 0.642912
6519.0 0.642964
6520.0 0.643013
6521.0 0.643059
6522.0 0.643101
6523.0 0.643141
6524.0 0.643178
6525.0 0.643211
6526.0 0.643242
6527.0 0.64327
6528.0 0.643294
6529.0 0.643317
6530.0 0.643335
6531.0 0.643351
6532.0 0.643364
6533.0 0.643375
6534.0 0.643382
6535.0 0.643386
6536.0 0.643388
6537.0 0.643387
6538.0 0.643383
6539.0 0.643376
6540.0 0.643367
6541.0 0.643354
6542.0 0.64334
6543.0 0.643322
6544.0 0.643302
6545.0 0.643279
6546.0 0.643253
6547.0 0.643225
6548.0 0.643195
6549.0 0.643162
6550.0 0.643126
6551.0 0.643088
6552.0 0.643047
6553.0 0.643004
6554.0 0.642959
6555.0 0.642911
6556.0 0.642861
6557.0 0.642809
6558.0 0.642754
6559.0 0.642697
6560.0 0.642638
6561.0 0.642577
6562.0 0.642513
6563.0 0.642448
6564.0 0.64238
6565.0 0.64231
6566.0 0.642239
6567.0 0.642165
6568.0 0.642089
6569.0 0.642012
6570.0 0.641933
6571.0 0.641852
6572.0 0.641768
6573.0 0.641684
6574.0 0.641597
6575.0 0.641509
6576.0 0.641419
6577.0 0.641328
6578.0 0.641235
6579.0 0.64114
6580.0 0.641044
6581.0 0.640946
6582.0 0.640847
6583.0 0.640747
6584.0 0.640645
6585.0 0.640542
6586.0 0.640438
6587.0 0.640332
6588.0 0.640225
6589.0 0.640117
6590.0 0.640008
6591.0 0.639898
6592.0 0.639787
6593.0 0.639675
6594.0 0.639562
6595.0 0.639447
6596.0 0.639332
6597.0 0.639216
6598.0 0.6391
6599.0 0.638982
6600.0 0.638864
6601.0 0.638745
6602.0 0.638625
6603.0 0.638505
6604.0 0.638384
6605.0 0.638263
6606.0 0.638141
6607.0 0.638018
6608.0 0.637895
6609.0 0.637772
6610.0 0.637648
6611.0 0.637524
6612.0 0.6374
6613.0 0.637275
6614.0 0.63715
6615.0 0.637025
6616.0 0.6369
6617.0 0.636774
6618.0 0.636648
6619.0 0.636523
6620.0 0.636397
6621.0 0.636271
6622.0 0.636145
6623.0 0.636019
6624.0 0.635894
6625.0 0.635768
6626.0 0.635642
6627.0 0.635517
6628.0 0.635392
6629.0 0.635267
6630.0 0.635142
6631.0 0.635017
6632.0 0.634893
6633.0 0.634769
6634.0 0.634645
6635.0 0.634521
6636.0 0.634398
6637.0 0.634276
6638.0 0.634153
6639.0 0.634031
6640.0 0.63391
6641.0 0.633789
6642.0 0.633668
6643.0 0.633547
6644.0 0.633428
6645.0 0.633308
6646.0 0.63319
6647.0 0.633071
6648.0 0.632954
6649.0 0.632836
6650.0 0.63272
6651.0 0.632604
6652.0 0.632488
6653.0 0.632373
6654.0 0.632259
6655.0 0.632145
6656.0 0.632031
6657.0 0.631919
6658.0 0.631807
6659.0 0.631695
6660.0 0.631584
6661.0 0.631474
6662.0 0.631364
6663.0 0.631255
6664.0 0.631146
6665.0 0.631038
6666.0 0.63093
6667.0 0.630824
6668.0 0.630717
6669.0 0.630611
6670.0 0.630506
6671.0 0.630401
6672.0 0.630296
6673.0 0.630192
6674.0 0.630089
6675.0 0.629986
6676.0 0.629884
6677.0 0.629781
6678.0 0.62968
6679.0 0.629578
6680.0 0.629477
6681.0 0.629377
6682.0 0.629277
6683.0 0.629177
6684.0 0.629077
6685.0 0.628977
6686.0 0.628878
6687.0 0.628779
6688.0 0.62868
6689.0 0.628581
6690.0 0.628483
6691.0 0.628385
6692.0 0.628286
6693.0 0.628188
6694.0 0.62809
6695.0 0.627991
6696.0 0.627892
6697.0 0.627794
6698.0 0.627695
6699.0 0.627596
6700.0 0.627497
6701.0 0.627397
6702.0 0.627298
6703.0 0.627198
6704.0 0.627097
6705.0 0.626997
6706.0 0.626896
6707.0 0.626794
6708.0 0.626692
6709.0 0.626589
6710.0 0.626485
6711.0 0.626381
6712.0 0.626276
6713.0 0.626171
6714.0 0.626065
6715.0 0.625958
6716.0 0.62585
6717.0 0.625741
6718.0 0.625631
6719.0 0.62552
6720.0 0.625407
6721.0 0.625294
6722.0 0.62518
6723.0 0.625064
6724.0 0.624947
6725.0 0.62483
6726.0 0.62471
6727.0 0.624589
6728.0 0.624467
6729.0 0.624343
6730.0 0.624217
6731.0 0.62409
6732.0 0.623962
6733.0 0.623831
6734.0 0.623699
6735.0 0.623565
6736.0 0.623429
6737.0 0.623292
6738.0 0.623152
6739.0 0.62301
6740.0 0.622867
6741.0 0.622721
6742.0 0.622573
6743.0 0.622423
6744.0 0.622271
6745.0 0.622116
6746.0 0.62196
6747.0 0.6218
6748.0 0.621639
6749.0 0.621475
6750.0 0.621308
6751.0 0.621139
6752.0 0.620967
6753.0 0.620793
6754.0 0.620616
6755.0 0.620436
6756.0 0.620254
6757.0 0.620069
6758.0 0.619881
6759.0 0.619691
6760.0 0.619497
6761.0 0.619301
6762.0 0.619101
6763.0 0.618898
6764.0 0.618693
6765.0 0.618484
6766.0 0.618273
6767.0 0.618058
6768.0 0.61784
6769.0 0.617619
6770.0 0.617395
6771.0 0.617168
6772.0 0.616937
6773.0 0.616704
6774.0 0.616466
6775.0 0.616226
6776.0 0.615983
6777.0 0.615736
6778.0 0.615485
6779.0 0.615232
6780.0 0.614975
6781.0 0.614715
6782.0 0.614451
6783.0 0.614184
6784.0 0.613914
6785.0 0.61364
6786.0 0.613363
6787.0 0.613083
6788.0 0.612799
6789.0 0.612512
6790.0 0.612222
6791.0 0.611928
6792.0 0.611631
6793.0 0.61133
6794.0 0.611026
6795.0 0.610719
6796.0 0.610409
6797.0 0.610095
6798.0 0.609779
6799.0 0.609458
6800.0 0.609135
6801.0 0.608809
6802.0 0.60848
6803.0 0.608147
6804.0 0.607812
6805.0 0.607473
6806.0 0.607131
6807.0 0.606787
6808.0 0.60644
6809.0 0.60609
6810.0 0.605737
6811.0 0.605381
6812.0 0.605022
6813.0 0.604661
6814.0 0.604298
6815.0 0.603931
6816.0 0.603562
6817.0 0.603192
6818.0 0.602818
6819.0 0.602442
6820.0 0.602064
6821.0 0.601684
6822.0 0.601301
6823.0 0.600917
6824.0 0.60053
6825.0 0.600142
6826.0 0.599752
6827.0 0.59936
6828.0 0.598967
6829.0 0.598571
6830.0 0.598175
6831.0 0.597776
6832.0 0.597377
6833.0 0.596976
6834.0 0.596574
6835.0 0.596171
6836.0 0.595767
6837.0 0.595362
6838.0 0.594956
6839.0 0.594549
6840.0 0.594142
6841.0 0.593734
6842.0 0.593326
6843.0 0.592918
6844.0 0.592508
6845.0 0.592099
6846.0 0.59169
6847.0 0.591281
6848.0 0.590872
6849.0 0.590463
6850.0 0.590055
6851.0 0.589647
6852.0 0.589239
6853.0 0.588833
6854.0 0.588427
6855.0 0.588022
6856.0 0.587617
6857.0 0.587214
6858.0 0.586812
6859.0 0.586411
6860.0 0.586011
6861.0 0.585613
6862.0 0.585217
6863.0 0.584822
6864.0 0.58443
6865.0 0.584039
6866.0 0.58365
6867.0 0.583263
6868.0 0.582879
6869.0 0.582496
6870.0 0.582116
6871.0 0.581739
6872.0 0.581364
6873.0 0.580992
6874.0 0.580623
6875.0 0.580257
6876.0 0.579893
6877.0 0.579533
6878.0 0.579176
6879.0 0.578822
6880.0 0.578472
6881.0 0.578125
6882.0 0.577782
6883.0 0.577442
6884.0 0.577107
6885.0 0.576775
6886.0 0.576447
6887.0 0.576122
6888.0 0.575802
6889.0 0.575486
6890.0 0.575175
6891.0 0.574867
6892.0 0.574564
6893.0 0.574266
6894.0 0.573971
6895.0 0.573682
6896.0 0.573397
6897.0 0.573116
6898.0 0.572841
6899.0 0.57257
6900.0 0.572304
6901.0 0.572043
6902.0 0.571786
6903.0 0.571535
6904.0 0.571289
6905.0 0.571048
6906.0 0.570811
6907.0 0.57058
6908.0 0.570354
6909.0 0.570133
6910.0 0.569917
6911.0 0.569707
6912.0 0.569501
6913.0 0.569301
6914.0 0.569105
6915.0 0.568915
6916.0 0.56873
6917.0 0.568551
6918.0 0.568376
6919.0 0.568207
6920.0 0.568042
6921.0 0.567883
6922.0 0.567729
6923.0 0.56758
6924.0 0.567436
6925.0 0.567297
6926.0 0.567162
6927.0 0.567033
6928.0 0.566908
6929.0 0.566788
6930.0 0.566673
6931.0 0.566562
6932.0 0.566457
6933.0 0.566355
6934.0 0.566258
6935.0 0.566165
6936.0 0.566077
6937.0 0.565993
6938.0 0.565913
6939.0 0.565837
6940.0 0.565764
6941.0 0.565696
6942.0 0.565631
6943.0 0.56557
6944.0 0.565513
6945.0 0.565458
6946.0 0.565407
6947.0 0.565359
6948.0 0.565314
6949.0 0.565272
6950.0 0.565233
6951.0 0.565196
6952.0 0.565162
6953.0 0.565131
6954.0 0.565101
6955.0 0.565073
6956.0 0.565048
6957.0 0.565024
6958.0 0.565002
6959.0 0.564981
6960.0 0.564961
6961.0 0.564943
6962.0 0.564925
6963.0 0.564909
6964.0 0.564893
6965.0 0.564878
6966.0 0.564862
6967.0 0.564848
6968.0 0.564833
6969.0 0.564817
6970.0 0.564802
6971.0 0.564786
6972.0 0.56477
6973.0 0.564753
6974.0 0.564734
6975.0 0.564714
6976.0 0.564694
6977.0 0.564671
6978.0 0.564647
6979.0 0.564621
6980.0 0.564593
6981.0 0.564563
6982.0 0.564531
6983.0 0.564496
6984.0 0.564458
6985.0 0.564418
6986.0 0.564375
6987.0 0.564328
6988.0 0.564279
6989.0 0.564226
6990.0 0.564169
6991.0 0.564109
6992.0 0.564045
6993.0 0.563977
6994.0 0.563905
6995.0 0.563828
6996.0 0.563748
6997.0 0.563663
6998.0 0.563573
6999.0 0.563479
7000.0 0.56338
7001.0 0.563277
7002.0 0.563169
7003.0 0.563055
7004.0 0.562937
7005.0 0.562813
7006.0 0.562684
7007.0 0.56255
7008.0 0.562411
7009.0 0.562267
7010.0 0.562117
7011.0 0.561961
7012.0 0.561801
7013.0 0.561634
7014.0 0.561463
7015.0 0.561287
7016.0 0.561104
7017.0 0.560916
7018.0 0.560723
7019.0 0.560525
7020.0 0.560322
7021.0 0.560113
7022.0 0.559899
7023.0 0.559681
7024.0 0.559457
7025.0 0.559228
7026.0 0.558995
7027.0 0.558757
7028.0 0.558514
7029.0 0.558267
7030.0 0.558016
7031.0 0.55776
7032.0 0.5575
7033.0 0.557237
7034.0 0.55697
7035.0 0.556699
7036.0 0.556426
7037.0 0.556149
7038.0 0.555869
7039.0 0.555587
7040.0 0.555302
7041.0 0.555014
7042.0 0.554725
7043.0 0.554434
7044.0 0.554141
7045.0 0.553848
7046.0 0.553553
7047.0 0.553257
7048.0 0.552961
7049.0 0.552665
7050.0 0.552369
7051.0 0.552073
7052.0 0.551778
7053.0 0.551484
7054.0 0.55119
7055.0 0.550899
7056.0 0.55061
7057.0 0.550322
7058.0 0.550038
7059.0 0.549755
7060.0 0.549476
7061.0 0.5492
7062.0 0.548928
7063.0 0.54866
7064.0 0.548397
7065.0 0.548138
7066.0 0.547883
7067.0 0.547634
7068.0 0.547391
7069.0 0.547153
7070.0 0.546921
7071.0 0.546695
7072.0 0.546476
7073.0 0.546263
7074.0 0.546057
7075.0 0.545859
7076.0 0.545668
7077.0 0.545485
7078.0 0.545309
7079.0 0.545142
7080.0 0.544982
7081.0 0.544831
7082.0 0.544688
7083.0 0.544554
7084.0 0.544428
7085.0 0.54431
7086.0 0.544202
7087.0 0.544101
7088.0 0.54401
7089.0 0.543927
7090.0 0.543853
7091.0 0.543787
7092.0 0.543729
7093.0 0.54368
7094.0 0.543639
7095.0 0.543606
7096.0 0.54358
7097.0 0.543562
7098.0 0.543551
7099.0 0.543547
7100.0 0.543549
7101.0 0.543557
7102.0 0.543571
7103.0 0.543591
7104.0 0.543615
7105.0 0.543643
7106.0 0.543675
7107.0 0.543711
7108.0 0.543748
7109.0 0.543788
7110.0 0.54383
7111.0 0.543871
7112.0 0.543912
7113.0 0.543953
7114.0 0.543992
7115.0 0.544028
7116.0 0.54406
7117.0 0.544089
7118.0 0.544113
7119.0 0.54413
7120.0 0.544141
7121.0 0.544144
7122.0 0.544137
7123.0 0.544121
7124.0 0.544094
7125.0 0.544056
7126.0 0.544005
7127.0 0.543939
7128.0 0.54386
7129.0 0.543765
7130.0 0.543653
7131.0 0.543524
7132.0 0.543377
7133.0 0.54321
7134.0 0.543024
7135.0 0.542817
7136.0 0.542588
7137.0 0.542339
7138.0 0.542066
7139.0 0.541771
7140.0 0.541452
7141.0 0.54111
7142.0 0.540745
7143.0 0.540355
7144.0 0.539943
7145.0 0.539508
7146.0 0.53905
7147.0 0.53857
7148.0 0.53807
7149.0 0.537549
7150.0 0.53701
7151.0 0.536454
7152.0 0.535883
7153.0 0.535299
7154.0 0.534705
7155.0 0.534103
7156.0 0.533497
7157.0 0.53289
7158.0 0.532287
7159.0 0.531691
7160.0 0.531107
7161.0 0.530542
7162.0 0.530001
7163.0 0.529491
7164.0 0.529017
7165.0 0.52859
7166.0 0.528216
7167.0 0.527906
7168.0 0.527668
7169.0 0.527515
7170.0 0.527456
7171.0 0.527505
7172.0 0.527676
7173.0 0.527982
7174.0 0.528439
