# %ECSV 1.0
# ---
# datatype:
# - {name: WAV, unit: Angstrom, datatype: float32}
# - {name: EFF, datatype: float64}
# meta: !!omap
# - {GRISM: 400/3400}
# - {DICHROIC: D680}
# schema: astropy-2.0
WAV EFF
3100.0 0.06412532
3101.0 0.06465648
3102.0 0.06523664
3103.0 0.06585796
3104.0 0.06651456
3105.0 0.06720252
3106.0 0.06791694000000001
3107.0 0.06865292
3108.0 0.06940654
3109.0 0.07017682
3110.0 0.07095788
3111.0 0.07174972
3112.0 0.07254842
3113.0 0.073353
3114.0 0.07416247999999999
3115.0 0.07497392
3116.0 0.07578634
3117.0 0.07659974
3118.0 0.07741313999999999
3119.0 0.07822556
3120.0 0.07903602
3121.0 0.07984452
3122.0 0.08065008
3123.0 0.08145368
3124.0 0.08225531999999999
3125.0 0.08305304000000001
3126.0 0.0838488
3127.0 0.0846426
3128.0 0.08543248
3129.0 0.0862204
3130.0 0.08700636
3131.0 0.08779036
3132.0 0.08857142
3133.0 0.0893515
3134.0 0.09012962
3135.0 0.09090675999999999
3136.0 0.09168193999999999
3137.0 0.09245711999999999
3138.0 0.09323034
3139.0 0.09400355999999999
3140.0 0.09477580000000001
3141.0 0.09554804
3142.0 0.0963193
3143.0 0.09709055999999999
3144.0 0.09786182
3145.0 0.09863308
3146.0 0.09940434
3147.0 0.10017462
3148.0 0.10094588
3149.0 0.10171616
3150.0 0.10248644
3151.0 0.10325672
3152.0 0.104027
3153.0 0.1047963
3154.0 0.1055656
3155.0 0.10633392
3156.0 0.10710125999999999
3157.0 0.10786762
3158.0 0.10863300000000001
3159.0 0.10939739999999999
3160.0 0.11015984
3161.0 0.11092129999999999
3162.0 0.11167982
3163.0 0.11243736
3164.0 0.11319196
3165.0 0.11394362
3166.0 0.11469233999999999
3167.0 0.11543909999999999
3168.0 0.11618194
3169.0 0.11692085999999999
3170.0 0.11765586
3171.0 0.11838792
3172.0 0.11911508
3173.0 0.11983734
3174.0 0.12055568
3175.0 0.12126912000000001
3176.0 0.12197667999999999
3177.0 0.12267933999999998
3178.0 0.12337612
3179.0 0.12406701999999999
3180.0 0.12475204
3181.0 0.12543118
3182.0 0.12610443999999998
3183.0 0.12677084
3184.0 0.12743038
3185.0 0.12808306
3186.0 0.12872888
3187.0 0.12936783999999998
3188.0 0.12999993999999998
3189.0 0.13062517999999998
3190.0 0.13124258
3191.0 0.13185214
3192.0 0.13245484
3193.0 0.1330497
3194.0 0.13363769999999997
3195.0 0.13421786
3196.0 0.13479017999999998
3197.0 0.13535564
3198.0 0.13591326
3199.0 0.13646304
3200.0 0.13700596
3201.0 0.13754202
3202.0 0.13806926
3203.0 0.13859062
3204.0 0.13910414000000001
3205.0 0.1396108
3206.0 0.1401106
3207.0 0.14060354
3208.0 0.14109059999999998
3209.0 0.14156982
3210.0 0.14204413999999999
3211.0 0.1425116
3212.0 0.1429722
3213.0 0.1434279
3214.0 0.14387772
3215.0 0.14432264
3216.0 0.14476167999999998
3217.0 0.14519582
3218.0 0.14562604
3219.0 0.14605038
3220.0 0.1464708
3221.0 0.1468873
3222.0 0.14729988
3223.0 0.14770951999999998
3224.0 0.14811523999999998
3225.0 0.14851704
3226.0 0.14891688
3227.0 0.14931378
3228.0 0.14970872000000002
3229.0 0.15010072
3230.0 0.15049174
3231.0 0.15087982
3232.0 0.15126789999999998
3233.0 0.15165402
3234.0 0.15204014
3235.0 0.15242528
3236.0 0.15281042
3237.0 0.15319458
3238.0 0.15357972
3239.0 0.15396485999999998
3240.0 0.15435098
3241.0 0.15473808
3242.0 0.15512615999999999
3243.0 0.1555162
3244.0 0.15590722
3245.0 0.1563002
3246.0 0.15669514
3247.0 0.15709302
3248.0 0.15749285999999998
3249.0 0.15789564
3250.0 0.15830136
3251.0 0.15871002
3252.0 0.15912259999999998
3253.0 0.15953811999999998
3254.0 0.15995756
3255.0 0.16038091999999998
3256.0 0.1608082
3257.0 0.1612394
3258.0 0.1616755
3259.0 0.16211551999999999
3260.0 0.16256044
3261.0 0.16301026000000002
3262.0 0.16346498
3263.0 0.1639246
3264.0 0.16438912
3265.0 0.16485854
3266.0 0.16533383999999998
3267.0 0.16581501999999998
3268.0 0.1663011
3269.0 0.16679207999999998
3270.0 0.16728991999999998
3271.0 0.16779266
3272.0 0.16830128
3273.0 0.16881578
3274.0 0.16933615999999999
3275.0 0.16986242000000001
3276.0 0.17039456
3277.0 0.17093258
3278.0 0.17147648
3279.0 0.17202626
3280.0 0.1725829
3281.0 0.17314444
3282.0 0.17371186
3283.0 0.17428516
3284.0 0.17486532000000002
3285.0 0.17545038
3286.0 0.17604131999999997
3287.0 0.17663813999999997
3288.0 0.17724083999999998
3289.0 0.17784844
3290.0 0.17846192
3291.0 0.17908128
3292.0 0.17970554
3293.0 0.18033568
3294.0 0.18097072
3295.0 0.18161164000000002
3296.0 0.18225746
3297.0 0.18290818
3298.0 0.1835638
3299.0 0.18422432
3300.0 0.18488875999999999
3301.0 0.18555908
3302.0 0.18623332
3303.0 0.18691148
3304.0 0.18759454
3305.0 0.18828151999999998
3306.0 0.18897339999999999
3307.0 0.18966822
3308.0 0.19036696
3309.0 0.19106962
3310.0 0.1917762
3311.0 0.19248572
3312.0 0.19319818
3313.0 0.19391455999999999
3314.0 0.19463388
3315.0 0.19535516
3316.0 0.19608036
3317.0 0.19680751999999999
3318.0 0.19753762
3319.0 0.19826968
3320.0 0.19900468
3321.0 0.19974066
3322.0 0.20047958
3323.0 0.20121948
3324.0 0.20196231999999997
3325.0 0.20270614
3326.0 0.20345094
3327.0 0.20419769999999998
3328.0 0.20494544
3329.0 0.20569416
3330.0 0.20644386
3331.0 0.20719356
3332.0 0.20794522
3333.0 0.2086959
3334.0 0.20944756
3335.0 0.21019922000000002
3336.0 0.21095088
3337.0 0.21170155999999998
3338.0 0.21245322
3339.0 0.2132039
3340.0 0.2139536
3341.0 0.21470232
3342.0 0.21545103999999998
3343.0 0.2161978
3344.0 0.21694456
3345.0 0.21768936
3346.0 0.2184322
3347.0 0.21917406
3348.0 0.21991493999999998
3349.0 0.22065288
3350.0 0.22138984
3351.0 0.22212386
3352.0 0.2228569
3353.0 0.22358699999999998
3354.0 0.22431514
3355.0 0.22504132
3356.0 0.22576456
3357.0 0.22648486
3358.0 0.22720221999999998
3359.0 0.22791762
3360.0 0.22863007999999999
3361.0 0.2293396
3362.0 0.23004618
3363.0 0.23074883999999998
3364.0 0.23144953999999998
3365.0 0.23214632000000002
3366.0 0.23284016
3367.0 0.23353008
3368.0 0.23421804
3369.0 0.23490109999999997
3370.0 0.23558121999999998
3371.0 0.23625839999999998
3372.0 0.23693166000000002
3373.0 0.237601
3374.0 0.23826642
3375.0 0.2389289
3376.0 0.23958746
3377.0 0.2402421
3378.0 0.24089282
3379.0 0.24153961999999998
3380.0 0.24218348
3381.0 0.24282244
3382.0 0.24345846000000002
3383.0 0.24409055999999998
3384.0 0.24471775999999998
3385.0 0.24534202
3386.0 0.24596236
3387.0 0.24657877999999997
3388.0 0.24719128
3389.0 0.24779985999999998
3390.0 0.24840451999999996
3391.0 0.24900526
3392.0 0.24960207999999998
3393.0 0.25019596
3394.0 0.25078494
3395.0 0.25137097999999997
3396.0 0.2519531
3397.0 0.25253228
3398.0 0.25310753999999996
3399.0 0.25367888
3400.0 0.25424728
3401.0 0.25481176
3402.0 0.2553733
3403.0 0.25593190000000005
3404.0 0.25648657999999996
3405.0 0.25703832
3406.0 0.25758712
3407.0 0.25813298
3408.0 0.2586759
3409.0 0.25921588
3410.0 0.25975292
3411.0 0.26028702
3412.0 0.26081818
3413.0 0.26134738
3414.0 0.26187364
3415.0 0.26239696
3416.0 0.26291832000000004
3417.0 0.26343772
3418.0 0.26395418
3419.0 0.26446868
3420.0 0.26498121999999996
3421.0 0.26549082
3422.0 0.26599944
3423.0 0.26650512000000004
3424.0 0.26700982
3425.0 0.26751158
3426.0 0.26801236
3427.0 0.26851117999999996
3428.0 0.26900804
3429.0 0.26950392
3430.0 0.26999784
3431.0 0.27049078
3432.0 0.27098175999999996
3433.0 0.27147175999999995
3434.0 0.2719598
3435.0 0.27244686
3436.0 0.27293392
3437.0 0.27341804000000003
3438.0 0.27390216
3439.0 0.2743853
3440.0 0.27486648
3441.0 0.27534766
3442.0 0.27582786
3443.0 0.27630708
3444.0 0.27678532
3445.0 0.27726258
3446.0 0.27773886000000003
3447.0 0.27821514
3448.0 0.27869044000000004
3449.0 0.27916574
3450.0 0.27964006
3451.0 0.28011339999999996
3452.0 0.28058576
3453.0 0.2810591
3454.0 0.28153047999999997
3455.0 0.28200186
3456.0 0.28247324
3457.0 0.28294364
3458.0 0.28341404
3459.0 0.28388443999999996
3460.0 0.28435386
3461.0 0.28482328
3462.0 0.2852927
3463.0 0.28576113999999997
3464.0 0.28622958000000004
3465.0 0.28669802
3466.0 0.28716548000000003
3467.0 0.28763392
3468.0 0.28810137999999996
3469.0 0.28856884
3470.0 0.28903532
3471.0 0.28950277999999996
3472.0 0.28996926
3473.0 0.29043574
3474.0 0.29090222
3475.0 0.29136772
3476.0 0.29183322
3477.0 0.29229871999999996
3478.0 0.29276421999999996
3479.0 0.29322874
3480.0 0.29369325999999996
3481.0 0.29415778
3482.0 0.29462132
3483.0 0.29508486
3484.0 0.2955484
3485.0 0.29601096
3486.0 0.29647352
3487.0 0.2969351
3488.0 0.29739668
3489.0 0.29785728
3490.0 0.2983169
3491.0 0.29877652
3492.0 0.29923516
3493.0 0.2996938
3494.0 0.30015048
3495.0 0.30060716
3496.0 0.30106286
3497.0 0.30151757999999995
3498.0 0.30197229999999997
3499.0 0.30242506
3500.0 0.30287684
3501.0 0.30332764
3502.0 0.30377746
3503.0 0.3042263
3504.0 0.30467415999999997
3505.0 0.30512005999999997
3506.0 0.30556498
3507.0 0.30600891999999996
3508.0 0.3064509
3509.0 0.3068919
3510.0 0.30733094
3511.0 0.30776802000000003
3512.0 0.30820411999999997
3513.0 0.30863826
3514.0 0.30907044
3515.0 0.30950163999999997
3516.0 0.3099299
3517.0 0.31035718
3518.0 0.31078152000000003
3519.0 0.31120488
3520.0 0.3116253
3521.0 0.31204474
3522.0 0.31246026
3523.0 0.3128748
3524.0 0.3132864
3525.0 0.31369604
3526.0 0.31410274
3527.0 0.31450748
3528.0 0.31490928
3529.0 0.31530911999999994
3530.0 0.31570602000000003
3531.0 0.31609997999999995
3532.0 0.316491
3533.0 0.31687908000000004
3534.0 0.31726422
3535.0 0.31764739999999997
3536.0 0.31802666
3537.0 0.31840298
3538.0 0.31877636000000004
3539.0 0.31914778
3540.0 0.31951430000000003
3541.0 0.31987886
3542.0 0.32023949999999995
3543.0 0.32059719999999997
3544.0 0.32095098
3545.0 0.32130182
3546.0 0.32164972
3547.0 0.3219937
3548.0 0.32233375999999997
3549.0 0.32267088
3550.0 0.32300407999999997
3551.0 0.32333434
3552.0 0.32366068
3553.0 0.3239831
3554.0 0.32430258
3555.0 0.32461814
3556.0 0.32492978
3557.0 0.32523749999999996
3558.0 0.3255413
3559.0 0.32584216
3560.0 0.3261391
3561.0 0.32643212
3562.0 0.32672122
3563.0 0.3270064
3564.0 0.32728766
3565.0 0.32756598000000003
3566.0 0.3278394
3567.0 0.32810987999999996
3568.0 0.32837644
3569.0 0.32863908
3570.0 0.3288978
3571.0 0.3291526
3572.0 0.32940347999999997
3573.0 0.32965142
3574.0 0.32989446
3575.0 0.33013456
3576.0 0.33037074
3577.0 0.330603
3578.0 0.33083232
3579.0 0.33105673999999996
3580.0 0.33127821999999996
3581.0 0.33149676
3582.0 0.3317104
3583.0 0.3319211
3584.0 0.33212886
3585.0 0.3323327
3586.0 0.33253262
3587.0 0.33272862000000003
3588.0 0.33292266
3589.0 0.33311179999999996
3590.0 0.333298
3591.0 0.33348126
3592.0 0.33366158
3593.0 0.33383798
3594.0 0.33401046
3595.0 0.33418098
3596.0 0.33434758
3597.0 0.33451221999999997
3598.0 0.33467294
3599.0 0.33483072
3600.0 0.33498556
3601.0 0.33513844
3602.0 0.33528739999999996
3603.0 0.33543439999999997
3604.0 0.33557845999999997
3605.0 0.33571958
3606.0 0.33585874
3607.0 0.33599496
3608.0 0.33612824
3609.0 0.33626054
3610.0 0.33638989999999996
3611.0 0.33651729999999996
3612.0 0.33664175999999996
3613.0 0.33676523999999997
3614.0 0.33688577999999997
3615.0 0.33700534
3616.0 0.33712195999999994
3617.0 0.33723759999999997
3618.0 0.33735226
3619.0 0.33746496
3620.0 0.33757570000000003
3621.0 0.33768546
3622.0 0.33779326000000004
3623.0 0.33790106000000003
3624.0 0.3380069
3625.0 0.33811176
3626.0 0.33821662
3627.0 0.33831952
3628.0 0.33842242
3629.0 0.33852434
3630.0 0.33862625999999996
3631.0 0.3387272
3632.0 0.33882814
3633.0 0.33892908
3634.0 0.33902903999999995
3635.0 0.33912998
3636.0 0.33922994
3637.0 0.33933088
3638.0 0.33943181999999994
3639.0 0.33953276
3640.0 0.33963467999999997
3641.0 0.33973758
3642.0 0.33984047999999994
3643.0 0.33994534
3644.0 0.3400502
3645.0 0.34015604
3646.0 0.34026286
3647.0 0.34037164000000003
3648.0 0.34048042
3649.0 0.34059214
3650.0 0.34070385999999997
3651.0 0.34081852
3652.0 0.34093416
3653.0 0.34105176
3654.0 0.34117132
3655.0 0.34129284
3656.0 0.34141632
3657.0 0.34154274
3658.0 0.34167112
3659.0 0.34180146
3660.0 0.34193376
3661.0 0.34206998
3662.0 0.34220816
3663.0 0.34234928
3664.0 0.34249334
3665.0 0.34264034000000004
3666.0 0.34279028
3667.0 0.34294315999999997
3668.0 0.34309898
3669.0 0.34325872
3670.0 0.34342237999999997
3671.0 0.34358898
3672.0 0.34375851999999996
3673.0 0.34393295999999995
3674.0 0.34411033999999996
3675.0 0.34429262
3676.0 0.34447784
3677.0 0.34466697999999996
3678.0 0.34486102
3679.0 0.34505898
3680.0 0.34526086
3681.0 0.34546763999999996
3682.0 0.34567834000000003
3683.0 0.34589394
3684.0 0.34611346000000004
3685.0 0.34633788
3686.0 0.3465672
3687.0 0.34680141999999997
3688.0 0.34704054
3689.0 0.34728456
3690.0 0.34753348
3691.0 0.3477873
3692.0 0.34804602
3693.0 0.34831061999999996
3694.0 0.34858012
3695.0 0.34885452
3696.0 0.3491348
3697.0 0.34942095999999995
3698.0 0.34971202
3699.0 0.35000798
3700.0 0.35030982
3701.0 0.35061754
3702.0 0.35093114
3703.0 0.35124964000000003
3704.0 0.351575
3705.0 0.35190526
3706.0 0.35224140000000004
3707.0 0.35258342000000004
3708.0 0.35293132
3709.0 0.35328608
3710.0 0.35364574
3711.0 0.35401128
3712.0 0.3543827
3713.0 0.35476098
3714.0 0.35514416
3715.0 0.3555342
3716.0 0.35593012
3717.0 0.35633191999999997
3718.0 0.35674058
3719.0 0.35715414
3720.0 0.35757456
3721.0 0.35800086
3722.0 0.35843401999999996
3723.0 0.35887208000000004
3724.0 0.359317
3725.0 0.35976779999999997
3726.0 0.36022448
3727.0 0.36068802
3728.0 0.36115744
3729.0 0.36163273999999995
3730.0 0.36211392
3731.0 0.36260098
3732.0 0.36309392
3733.0 0.36359372
3734.0 0.3640994
3735.0 0.36461096
3736.0 0.3651284
3737.0 0.36565172
3738.0 0.36618091999999997
3739.0 0.366716
3740.0 0.36725695999999997
3741.0 0.36780379999999996
3742.0 0.36835554
3743.0 0.36891414
3744.0 0.36947764
3745.0 0.37004702
3746.0 0.37062228
3747.0 0.37120341999999995
3748.0 0.37178946
3749.0 0.3723804
3750.0 0.37297722
3751.0 0.37357991999999995
3752.0 0.37418654
3753.0 0.37480001999999996
3754.0 0.37541742
3755.0 0.37604069999999995
3756.0 0.3766679
3757.0 0.37730097999999995
3758.0 0.37793896
3759.0 0.37858184
3760.0 0.37922863999999995
3761.0 0.37988034
3762.0 0.38053694
3763.0 0.38119843999999997
3764.0 0.38186385999999994
3765.0 0.3825332
3766.0 0.38320743999999995
3767.0 0.38388658
3768.0 0.38456866
3769.0 0.38525465999999997
3770.0 0.38594556
3771.0 0.38663939999999997
3772.0 0.38733715999999996
3773.0 0.38803884
3774.0 0.38874443999999997
3775.0 0.38945298
3776.0 0.39016544
3777.0 0.39088084
3778.0 0.39160016
3779.0 0.39232144
3780.0 0.39304663999999995
3781.0 0.39377478
3782.0 0.39450586
3783.0 0.3952389
3784.0 0.39597488000000003
3785.0 0.3967138
3786.0 0.39745566
3787.0 0.3981985
3788.0 0.39894525999999997
3789.0 0.39969299999999996
3790.0 0.4004427
3791.0 0.40119534
3792.0 0.40194896
3793.0 0.40270454
3794.0 0.40346208
3795.0 0.40422157999999997
3796.0 0.40498108
3797.0 0.40574254
3798.0 0.40650596
3799.0 0.40726937999999996
3800.0 0.40803476
3801.0 0.40880112
3802.0 0.40956748000000004
3803.0 0.41033482
3804.0 0.41110216
3805.0 0.41187048
3806.0 0.41263978
3807.0 0.4134081
3808.0 0.4141774
3809.0 0.4149467
3810.0 0.41571600000000003
3811.0 0.41648431999999996
3812.0 0.41725263999999995
3813.0 0.41802096
3814.0 0.4187883
3815.0 0.41955564
3816.0 0.420322
3817.0 0.42108737999999996
3818.0 0.4218508
3819.0 0.42261422
3820.0 0.42337665999999996
3821.0 0.42413713999999997
3822.0 0.42489664
3823.0 0.42565418
3824.0 0.42641074
3825.0 0.42716534
3826.0 0.42791798000000003
3827.0 0.42866866
3828.0 0.42941737999999996
3829.0 0.43016414000000003
3830.0 0.43090796
3831.0 0.4316508
3832.0 0.43238972
3833.0 0.43312668000000004
3834.0 0.43386167999999997
3835.0 0.43459276
3836.0 0.43532188
3837.0 0.43604805999999996
3838.0 0.4367713
3839.0 0.43749062
3840.0 0.43820699999999996
3841.0 0.43892043999999997
3842.0 0.43963093999999997
3843.0 0.44033752
3844.0 0.44104116
3845.0 0.4417399
3846.0 0.44243667999999997
3847.0 0.44312856
3848.0 0.44381652
3849.0 0.44450154
3850.0 0.44518166
3851.0 0.44585786
3852.0 0.44653014
3853.0 0.44719752
3854.0 0.44786097999999996
3855.0 0.44852052000000003
3856.0 0.44917614
3857.0 0.44982588
3858.0 0.4504717
3859.0 0.4511136
3860.0 0.45174962
3861.0 0.45238172000000004
3862.0 0.45300892
3863.0 0.45363024
3864.0 0.45424763999999995
3865.0 0.45486013999999997
3866.0 0.45546676
3867.0 0.45606946
3868.0 0.45666628
3869.0 0.45725721999999996
3870.0 0.45784423999999996
3871.0 0.45842538
3872.0 0.45900064
3873.0 0.45957099999999995
3874.0 0.46013646
3875.0 0.46069604000000003
3876.0 0.46124973999999996
3877.0 0.46179755999999994
3878.0 0.46234047999999994
3879.0 0.46287752
3880.0 0.46340868
3881.0 0.46393494
3882.0 0.46445433999999997
3883.0 0.46496884
3884.0 0.46547745999999995
3885.0 0.4659802
3886.0 0.46647706
3887.0 0.46696804
3888.0 0.46745216
3889.0 0.46793138
3890.0 0.46840472
3891.0 0.4688712
3892.0 0.46933277999999995
3893.0 0.46978749999999997
3894.0 0.47023731999999996
3895.0 0.47068028
3896.0 0.47111638
3897.0 0.47154758
3898.0 0.4719729
3899.0 0.47239136
3900.0 0.47280491999999996
3901.0 0.47321162
3902.0 0.47361243999999997
3903.0 0.4740064
3904.0 0.47439546
3905.0 0.47477766
3906.0 0.47515496
3907.0 0.4755254
3908.0 0.47588995999999995
3909.0 0.47624864
3910.0 0.47660046
3911.0 0.47694738
3912.0 0.47728842
3913.0 0.4776226
3914.0 0.47795187999999994
3915.0 0.4782743
3916.0 0.47859182
3917.0 0.47890247999999996
3918.0 0.47920823999999995
3919.0 0.47950713999999994
3920.0 0.47980114
3921.0 0.48008926
3922.0 0.4803715
3923.0 0.48064786
3924.0 0.48091833999999994
3925.0 0.48118392
3926.0 0.48144362
3927.0 0.48169744000000003
3928.0 0.48194635999999996
3929.0 0.48218842
3930.0 0.48242656
3931.0 0.48265784
3932.0 0.4828852
3933.0 0.48310569999999997
3934.0 0.48332228
3935.0 0.48353297999999995
3936.0 0.4837378
3937.0 0.48393771999999996
3938.0 0.48413273999999995
3939.0 0.48432286
3940.0 0.48450709999999997
3941.0 0.48468742
3942.0 0.48486186
3943.0 0.48503139999999995
3944.0 0.48519702
3945.0 0.48535676
3946.0 0.48551160000000004
3947.0 0.48566252
3948.0 0.48580854
3949.0 0.48594966
3950.0 0.48608587999999997
3951.0 0.48621818
3952.0 0.48634558
3953.0 0.48646807999999997
3954.0 0.48658666
3955.0 0.48670132
3956.0 0.48681108
3957.0 0.48691692000000003
3958.0 0.48701884
3959.0 0.48711586
3960.0 0.48720895999999997
3961.0 0.48729814
3962.0 0.48738339999999997
3963.0 0.48746572
3964.0 0.48754314
3965.0 0.48761664
3966.0 0.48768720000000004
3967.0 0.48775286
3968.0 0.48781656
3969.0 0.48787536
3970.0 0.48793122
3971.0 0.48798315999999997
3972.0 0.48803216
3973.0 0.48807723999999997
3974.0 0.48811938
3975.0 0.48815857999999995
3976.0 0.48819483999999996
3977.0 0.48822718
3978.0 0.48825658
3979.0 0.48828402
3980.0 0.48830754000000004
3981.0 0.48832812000000003
3982.0 0.48834674
3983.0 0.48836144
3984.0 0.48837418
3985.0 0.48838398
3986.0 0.48839182
3987.0 0.48839671999999995
3988.0 0.48839868
3989.0 0.48839868
3990.0 0.48839671999999995
3991.0 0.48839182
3992.0 0.48838496000000003
3993.0 0.48837516
3994.0 0.48836438000000004
3995.0 0.48835066
3996.0 0.48833498
3997.0 0.48831734
3998.0 0.48829871999999996
3999.0 0.48827716
4000.0 0.48825462000000003
4001.0 0.48822914
4002.0 0.48820268
4003.0 0.48817524
4004.0 0.48814486
4005.0 0.4881135
4006.0 0.48808018000000003
4007.0 0.48804588
4008.0 0.4880106
4009.0 0.48797335999999997
4010.0 0.48793514
4011.0 0.48789496
4012.0 0.48785478
4013.0 0.48781263999999996
4014.0 0.48776952
4015.0 0.48772444
4016.0 0.48767936
4017.0 0.4876333
4018.0 0.48758626
4019.0 0.48753823999999996
4020.0 0.48748826
4021.0 0.48743828
4022.0 0.4873883
4023.0 0.48733635999999997
4024.0 0.48728442
4025.0 0.4872315
4026.0 0.48717857999999997
4027.0 0.48712468
4028.0 0.4870698
4029.0 0.48701492
4030.0 0.48695905999999994
4031.0 0.4869032
4032.0 0.48684733999999996
4033.0 0.4867905
4034.0 0.48673366
4035.0 0.48667583999999997
4036.0 0.48661802
4037.0 0.4865602
4038.0 0.4865014
4039.0 0.48644358
4040.0 0.48638478
4041.0 0.48632598
4042.0 0.48626717999999997
4043.0 0.48620838
4044.0 0.4861486
4045.0 0.4860898
4046.0 0.486031
4047.0 0.48597122000000004
4048.0 0.48591242
4049.0 0.48585362
4050.0 0.48579384
4051.0 0.48573503999999995
4052.0 0.48567624
4053.0 0.48561744
4054.0 0.48555864
4055.0 0.48550082
4056.0 0.48544202
4057.0 0.4853842
4058.0 0.48532637999999995
4059.0 0.48526856
4060.0 0.48521074000000003
4061.0 0.4851539
4062.0 0.48509706
4063.0 0.48504022
4064.0 0.48498436
4065.0 0.4849285
4066.0 0.48487263999999997
4067.0 0.48481678
4068.0 0.4847619
4069.0 0.48470702
4070.0 0.48465312
4071.0 0.48459922
4072.0 0.48454532
4073.0 0.4844924
4074.0 0.48443948
4075.0 0.48438655999999997
4076.0 0.48433462
4077.0 0.48428267999999997
4078.0 0.48423172
4079.0 0.48418076
4080.0 0.48413078
4081.0 0.4840808
4082.0 0.48403082
4083.0 0.48398182
4084.0 0.4839338
4085.0 0.48388479999999995
4086.0 0.48383775999999995
4087.0 0.48378974
4088.0 0.4837427
4089.0 0.48369565999999997
4090.0 0.4836496
4091.0 0.48360452000000004
4092.0 0.48355846
4093.0 0.48351338
4094.0 0.4834683
4095.0 0.48342419999999997
4096.0 0.4833801
4097.0 0.48333697999999997
4098.0 0.48329386
4099.0 0.48325074
4100.0 0.4832086
4101.0 0.48316548000000004
4102.0 0.48312432
4103.0 0.48308218
4104.0 0.48304102
4105.0 0.48299986
4106.0 0.4829587
4107.0 0.48291851999999996
4108.0 0.48287736
4109.0 0.48283718
4110.0 0.48279798
4111.0 0.48275779999999996
4112.0 0.4827186
4113.0 0.48267940000000004
4114.0 0.48264019999999996
4115.0 0.482601
4116.0 0.4825618
4117.0 0.48252259999999997
4118.0 0.48248438
4119.0 0.48244616
4120.0 0.48240696
4121.0 0.48236874
4122.0 0.48233052
4123.0 0.4822923
4124.0 0.48225408
4125.0 0.48221586
4126.0 0.48217764
4127.0 0.48213942
4128.0 0.4821012
4129.0 0.48206298
4130.0 0.48202476
4131.0 0.48198556
4132.0 0.48194734
4133.0 0.48190912
4134.0 0.48186991999999995
4135.0 0.48183072
4136.0 0.48179152
4137.0 0.48175232
4138.0 0.48171312
4139.0 0.48167392
4140.0 0.48163374
4141.0 0.48159454
4142.0 0.48155338000000003
4143.0 0.4815132
4144.0 0.48147204
4145.0 0.48143186
4146.0 0.4813907
4147.0 0.48134856
4148.0 0.48130641999999996
4149.0 0.48126428
4150.0 0.48122214
4151.0 0.48117902
4152.0 0.48113491999999997
4153.0 0.4810918
4154.0 0.48104769999999997
4155.0 0.48100262
4156.0 0.48095754
4157.0 0.48091148
4158.0 0.48086639999999997
4159.0 0.48081936000000003
4160.0 0.48077232000000003
4161.0 0.4807243
4162.0 0.48067627999999996
4163.0 0.48062728
4164.0 0.4805773
4165.0 0.48052732
4166.0 0.48047636
4167.0 0.4804254
4168.0 0.48037346
4169.0 0.48032152
4170.0 0.48026761999999995
4171.0 0.48021372
4172.0 0.48015884
4173.0 0.48010297999999996
4174.0 0.48004712
4175.0 0.47999028
4176.0 0.47993246
4177.0 0.47987366000000004
4178.0 0.47981486
4179.0 0.4797541
4180.0 0.47969333999999997
4181.0 0.4796316
4182.0 0.47956985999999996
4183.0 0.47950616
4184.0 0.47944148
4185.0 0.4793768
4186.0 0.47931113999999997
4187.0 0.47924352
4188.0 0.4791759
4189.0 0.4791073
4190.0 0.47903772
4191.0 0.47896716
4192.0 0.47889562
4193.0 0.4788231
4194.0 0.4787496
4195.0 0.47867511999999995
4196.0 0.47860064
4197.0 0.4785242
4198.0 0.47844678
4199.0 0.47836838
4200.0 0.47828899999999996
4201.0 0.47820962
4202.0 0.47812827999999996
4203.0 0.47804596
4204.0 0.47796266
4205.0 0.47787838
4206.0 0.47779311999999996
4207.0 0.47770688
4208.0 0.47761966
4209.0 0.47753146
4210.0 0.47744228
4211.0 0.47735212
4212.0 0.47725999999999996
4213.0 0.47716788
4214.0 0.47707478
4215.0 0.47697972
4216.0 0.47688466
4217.0 0.47678764
4218.0 0.47668964
4219.0 0.47659164
4220.0 0.47649168
4221.0 0.47639074000000003
4222.0 0.47628882
4223.0 0.47618592
4224.0 0.47608105999999994
4225.0 0.4759762
4226.0 0.47587036
4227.0 0.47576256
4228.0 0.47565476
4229.0 0.475545
4230.0 0.47543426
4231.0 0.47532253999999996
4232.0 0.47521082
4233.0 0.47509714
4234.0 0.4749815
4235.0 0.47486586000000003
4236.0 0.47474923999999996
4237.0 0.47463164
4238.0 0.47451306
4239.0 0.47439252
4240.0 0.47427198000000004
4241.0 0.47414947999999996
4242.0 0.47402698
4243.0 0.47390252
4244.0 0.47377707999999996
4245.0 0.47365164000000004
4246.0 0.47352424
4247.0 0.47339586
4248.0 0.47326748
4249.0 0.47313714
4250.0 0.47300582
4251.0 0.47287352
4252.0 0.47274024
4253.0 0.47260598
4254.0 0.47247172
4255.0 0.47233549999999996
4256.0 0.4721983
4257.0 0.47206109999999996
4258.0 0.47192194
4259.0 0.4717818
4260.0 0.47164166
4261.0 0.47150054
4262.0 0.47135746
4263.0 0.47121438
4264.0 0.47107032
4265.0 0.47092528
4266.0 0.47077926
4267.0 0.47063226
4268.0 0.47048428
4269.0 0.4703363
4270.0 0.47018635999999997
4271.0 0.47003642
4272.0 0.46988549999999996
4273.0 0.46973360000000003
4274.0 0.4695817
4275.0 0.46942784
4276.0 0.46927398000000003
4277.0 0.46911914
4278.0 0.46896332
4279.0 0.4688075
4280.0 0.4686507
4281.0 0.46849292
4282.0 0.46833416
4283.0 0.46817442
4284.0 0.46801566
4285.0 0.46785494
4286.0 0.46769324
4287.0 0.46753154
4288.0 0.46736886
4289.0 0.46720618
4290.0 0.46704252
4291.0 0.46687886
4292.0 0.46671324
4293.0 0.4665486
4294.0 0.46638199999999996
4295.0 0.4662154
4296.0 0.4660488
4297.0 0.46588122
4298.0 0.46571266
4299.0 0.46554409999999996
4300.0 0.46537554
4301.0 0.465206
4302.0 0.46503548
4303.0 0.46486594000000003
4304.0 0.46469444
4305.0 0.46452294
4306.0 0.46435144
4307.0 0.46417896000000003
4308.0 0.46400746
4309.0 0.46383399999999997
4310.0 0.46366054
4311.0 0.46348708
4312.0 0.46331264
4313.0 0.46313918
4314.0 0.46296474000000004
4315.0 0.46278932
4316.0 0.46261389999999997
4317.0 0.46243848
4318.0 0.46226305999999995
4319.0 0.46208666000000004
4320.0 0.46191026
4321.0 0.46173386
4322.0 0.46155746
4323.0 0.46138007999999997
4324.0 0.4612027
4325.0 0.46102532
4326.0 0.46084793999999996
4327.0 0.46067056
4328.0 0.46049219999999996
4329.0 0.46031481999999996
4330.0 0.46013646
4331.0 0.4599581
4332.0 0.45977974
4333.0 0.45960137999999995
4334.0 0.45942302
4335.0 0.45924368
4336.0 0.45906532
4337.0 0.45888597999999997
4338.0 0.45870762
4339.0 0.45852828
4340.0 0.45834992
4341.0 0.45817058
4342.0 0.45799123999999997
4343.0 0.4578119
4344.0 0.45763354
4345.0 0.4574542
4346.0 0.45727584
4347.0 0.45709649999999996
4348.0 0.45691814000000003
4349.0 0.45673879999999994
4350.0 0.45656044
4351.0 0.45638110000000004
4352.0 0.45620274
4353.0 0.45602438
4354.0 0.45584601999999996
4355.0 0.45566863999999996
4356.0 0.45549027999999997
4357.0 0.45531192
4358.0 0.45513454
4359.0 0.45495715999999997
4360.0 0.45477977999999997
4361.0 0.4546024
4362.0 0.45442501999999996
4363.0 0.45424862
4364.0 0.45407124000000004
4365.0 0.45389484
4366.0 0.45371844
4367.0 0.45354302
4368.0 0.4533676
4369.0 0.4531912
4370.0 0.45301676
4371.0 0.45284134000000004
4372.0 0.45266592
4373.0 0.45249246
4374.0 0.45231802
4375.0 0.45214358
4376.0 0.45197012
4377.0 0.45179666
4378.0 0.4516232
4379.0 0.45145072
4380.0 0.45127824
4381.0 0.45110674
4382.0 0.45093426000000003
4383.0 0.45076276
4384.0 0.45059224
4385.0 0.45042074
4386.0 0.4502512
4387.0 0.45008068
4388.0 0.44991114
4389.0 0.44974159999999996
4390.0 0.44957206
4391.0 0.4494035
4392.0 0.44923591999999996
4393.0 0.44906735999999997
4394.0 0.44889977999999997
4395.0 0.44873318
4396.0 0.44856658
4397.0 0.44839998
4398.0 0.44823436
4399.0 0.44806873999999997
4400.0 0.44790312
4401.0 0.44773848
4402.0 0.44757384
4403.0 0.44741018
4404.0 0.44724652
4405.0 0.44708384
4406.0 0.44692116
4407.0 0.44675848
4408.0 0.44659677999999997
4409.0 0.44643605999999997
4410.0 0.44627533999999996
4411.0 0.44611461999999996
4412.0 0.44595488
4413.0 0.44579514
4414.0 0.44563638
4415.0 0.44547762
4416.0 0.44531983999999997
4417.0 0.44516206
4418.0 0.44500526
4419.0 0.44484846
4420.0 0.44469166
4421.0 0.44453682
4422.0 0.444381
4423.0 0.44422616
4424.0 0.4440723
4425.0 0.44391843999999997
4426.0 0.44376457999999996
4427.0 0.44361268
4428.0 0.4434598
4429.0 0.4433079
4430.0 0.44315698000000003
4431.0 0.44300606
4432.0 0.44285612
4433.0 0.44270618
4434.0 0.44255722000000003
4435.0 0.44240825999999994
4436.0 0.44225929999999997
4437.0 0.4421123
4438.0 0.4419653
4439.0 0.4418183
4440.0 0.44167228
4441.0 0.44152626
4442.0 0.44138024
4443.0 0.44123618
4444.0 0.44109212
4445.0 0.44094806
4446.0 0.44080498
4447.0 0.44066288
4448.0 0.4405198
4449.0 0.44037867999999997
4450.0 0.44023756
4451.0 0.44009644
4452.0 0.43995629999999997
4453.0 0.43981714
4454.0 0.43967798
4455.0 0.43953980000000004
4456.0 0.43940162
4457.0 0.43926344
4458.0 0.43912624
4459.0 0.43899002
4460.0 0.43885379999999996
4461.0 0.43871856
4462.0 0.43858332
4463.0 0.43844808
4464.0 0.4383148
4465.0 0.43818152
4466.0 0.43804824
4467.0 0.43791496
4468.0 0.43778266
4469.0 0.43765134
4470.0 0.43752001999999995
4471.0 0.43738968
4472.0 0.43725934
4473.0 0.43712998
4474.0 0.43700062
4475.0 0.43687224
4476.0 0.43674386000000004
4477.0 0.43661646
4478.0 0.43648906
4479.0 0.43636263999999997
4480.0 0.43623622
4481.0 0.4361098
4482.0 0.43598533999999994
4483.0 0.4358599
4484.0 0.43573544000000003
4485.0 0.43561196
4486.0 0.43548848
4487.0 0.43536598
4488.0 0.43524348
4489.0 0.43512098
4490.0 0.43499946
4491.0 0.43487891999999995
4492.0 0.43475838
4493.0 0.43463784
4494.0 0.43451828
4495.0 0.4343997
4496.0 0.43428111999999996
4497.0 0.43416254
4498.0 0.43404494
4499.0 0.43392734
4500.0 0.43380973999999994
4501.0 0.4336941
4502.0 0.43357747999999996
4503.0 0.43346184
4504.0 0.43334718
4505.0 0.43323153999999997
4506.0 0.43311785999999997
4507.0 0.43300417999999996
4508.0 0.43289049999999996
4509.0 0.43277681999999995
4510.0 0.4326651
4511.0 0.4325524
4512.0 0.43244067999999997
4513.0 0.43232896
4514.0 0.43221822
4515.0 0.43210748
4516.0 0.43199674
4517.0 0.43188698
4518.0 0.4317782
4519.0 0.43166844
4520.0 0.43155966
4521.0 0.43145186
4522.0 0.43134406000000003
4523.0 0.43123626
4524.0 0.43112846
4525.0 0.43102164
4526.0 0.43091579999999996
4527.0 0.43080898
4528.0 0.43070314000000004
4529.0 0.43059828
4530.0 0.43049341999999996
4531.0 0.43038758
4532.0 0.4302837
4533.0 0.43017884
4534.0 0.43007594
4535.0 0.42997206
4536.0 0.42986818
4537.0 0.42976527999999997
4538.0 0.42966336
4539.0 0.42956046000000003
4540.0 0.42945853999999994
4541.0 0.42935661999999997
4542.0 0.42925568000000003
4543.0 0.42915376
4544.0 0.42905282
4545.0 0.42895286
4546.0 0.42885192
4547.0 0.42875196
4548.0 0.428652
4549.0 0.42855204
4550.0 0.42845306
4551.0 0.4283531
4552.0 0.42825411999999996
4553.0 0.42815514
4554.0 0.42805714
4555.0 0.42795816000000003
4556.0 0.42786016
4557.0 0.42776216
4558.0 0.42766416
4559.0 0.42756713999999996
4560.0 0.42746913999999997
4561.0 0.42737211999999997
4562.0 0.4272751
4563.0 0.42717808
4564.0 0.42708105999999996
4565.0 0.42698502
4566.0 0.426888
4567.0 0.42679195999999997
4568.0 0.42669592
4569.0 0.42659988000000004
4570.0 0.42650383999999997
4571.0 0.4264078
4572.0 0.42631176
4573.0 0.42621572
4574.0 0.42612066
4575.0 0.42602462
4576.0 0.42592956
4577.0 0.42583352
4578.0 0.42573846
4579.0 0.4256434
4580.0 0.42554833999999997
4581.0 0.4254523
4582.0 0.42535723999999997
4583.0 0.42526218
4584.0 0.42516712
4585.0 0.42507206
4586.0 0.424977
4587.0 0.42488194
4588.0 0.42478688
4589.0 0.42469182
4590.0 0.42459675999999996
4591.0 0.42450170000000004
4592.0 0.42440664
4593.0 0.42431060000000004
4594.0 0.42421554
4595.0 0.42412047999999997
4596.0 0.42402444
4597.0 0.42392937999999997
4598.0 0.42383334
4599.0 0.42373827999999997
4600.0 0.42364224
4601.0 0.4235462
4602.0 0.42345015999999996
4603.0 0.42335412
4604.0 0.42325808
4605.0 0.42316106
4606.0 0.42306502
4607.0 0.42296799999999996
4608.0 0.42287098
4609.0 0.42277494
4610.0 0.42267694
4611.0 0.42257991999999994
4612.0 0.4224829
4613.0 0.4223849
4614.0 0.42228689999999997
4615.0 0.4221889
4616.0 0.4220909
4617.0 0.42199191999999996
4618.0 0.42189392
4619.0 0.42179396
4620.0 0.42169498
4621.0 0.421596
4622.0 0.42149603999999996
4623.0 0.42139608
4624.0 0.42129612
4625.0 0.42119517999999995
4626.0 0.42109522
4627.0 0.4209933
4628.0 0.42089235999999997
4629.0 0.42079044
4630.0 0.42068851999999995
4631.0 0.4205866
4632.0 0.42048369999999996
4633.0 0.42038178
4634.0 0.4202779
4635.0 0.420175
4636.0 0.42007112
4637.0 0.41996723999999996
4638.0 0.41986238
4639.0 0.41975752
4640.0 0.41965167999999997
4641.0 0.41954682
4642.0 0.41944
4643.0 0.41933416
4644.0 0.41922734
4645.0 0.41912052
4646.0 0.41901272
4647.0 0.41890492
4648.0 0.41879711999999997
4649.0 0.41868834
4650.0 0.41857956
4651.0 0.4184698
4652.0 0.41836004
4653.0 0.4182493
4654.0 0.41813856
4655.0 0.41802782
4656.0 0.4179161
4657.0 0.41780438000000003
4658.0 0.41769167999999995
4659.0 0.41757898
4660.0 0.4174653
4661.0 0.41735162
4662.0 0.41723696
4663.0 0.4171223
4664.0 0.41700666
4665.0 0.416892
4666.0 0.41677538000000003
4667.0 0.41665875999999996
4668.0 0.41654214
4669.0 0.41642356
4670.0 0.41630596000000003
4671.0 0.41618738
4672.0 0.41606879999999996
4673.0 0.41594924
4674.0 0.4158287
4675.0 0.41570816
4676.0 0.41558762
4677.0 0.4154661
4678.0 0.4153436
4679.0 0.41522109999999995
4680.0 0.4150986
4681.0 0.41497512
4682.0 0.41485164
4683.0 0.41472718
4684.0 0.41460174
4685.0 0.4144763
4686.0 0.41435086
4687.0 0.41422346000000004
4688.0 0.41409703999999997
4689.0 0.41396964
4690.0 0.41384126
4691.0 0.41371287999999995
4692.0 0.41358449999999997
4693.0 0.41345415999999996
4694.0 0.4133248
4695.0 0.41319446
4696.0 0.41306314
4697.0 0.41293181999999995
4698.0 0.41279952
4699.0 0.41266722
4700.0 0.41253491999999997
4701.0 0.41240066
4702.0 0.41226738
4703.0 0.41213311999999996
4704.0 0.41199788
4705.0 0.41186263999999995
4706.0 0.4117274
4707.0 0.41159118
4708.0 0.41145397999999994
4709.0 0.41131678
4710.0 0.41117958000000004
4711.0 0.4110414
4712.0 0.41090322
4713.0 0.41076406
4714.0 0.4106249
4715.0 0.41048574
4716.0 0.4103456
4717.0 0.41020448
4718.0 0.41006336000000004
4719.0 0.40992224
4720.0 0.40978013999999996
4721.0 0.40963804
4722.0 0.40949593999999995
4723.0 0.40935286
4724.0 0.4092088
4725.0 0.40906572
4726.0 0.40892165999999996
4727.0 0.40877662000000003
4728.0 0.40863256
4729.0 0.40848752
4730.0 0.4083415
4731.0 0.40819548
4732.0 0.40804946
4733.0 0.40790246
4734.0 0.40775644
4735.0 0.40760944
4736.0 0.40746146
4737.0 0.40731348
4738.0 0.40716549999999996
4739.0 0.40701752
4740.0 0.40686856
4741.0 0.40672057999999994
4742.0 0.40657064
4743.0 0.40642167999999995
4744.0 0.40627272
4745.0 0.40612277999999996
4746.0 0.40597284
4747.0 0.40582192
4748.0 0.40567198
4749.0 0.40552106000000004
4750.0 0.40537014
4751.0 0.40521922
4752.0 0.4050683
4753.0 0.40491738
4754.0 0.40476548
4755.0 0.40461358
4756.0 0.40446168000000005
4757.0 0.40431076
4758.0 0.40415787999999997
4759.0 0.40400598
4760.0 0.40385408
4761.0 0.40370218
4762.0 0.4035493
4763.0 0.40339739999999996
4764.0 0.40324452
4765.0 0.40309261999999996
4766.0 0.40293974
4767.0 0.40278783999999995
4768.0 0.40263496
4769.0 0.40248208
4770.0 0.40233018
4771.0 0.4021773
4772.0 0.4020254
4773.0 0.40187252
4774.0 0.40172062
4775.0 0.40156774
4776.0 0.40141584
4777.0 0.40126394
4778.0 0.40111204
4779.0 0.40096013999999996
4780.0 0.40080824000000004
4781.0 0.40065634
4782.0 0.40050542
4783.0 0.40035352
4784.0 0.4002026
4785.0 0.40005168
4786.0 0.39990075999999997
4787.0 0.39974983999999997
4788.0 0.39959989999999995
4789.0 0.39944898
4790.0 0.39929904
4791.0 0.39914910000000003
4792.0 0.39900013999999995
4793.0 0.3988502
4794.0 0.39870123999999996
4795.0 0.39855228
4796.0 0.3984043
4797.0 0.39825534
4798.0 0.39810735999999997
4799.0 0.39796036
4800.0 0.39781237999999997
4801.0 0.39766538
4802.0 0.39751936
4803.0 0.39737236
4804.0 0.39722634
4805.0 0.3970813
4806.0 0.39693528
4807.0 0.39679024
4808.0 0.39664618
4809.0 0.39650212
4810.0 0.39635806
4811.0 0.39621498
4812.0 0.3960719
4813.0 0.39592882
4814.0 0.39578769999999996
4815.0 0.39564560000000004
4816.0 0.39550448
4817.0 0.39536336
4818.0 0.39522322
4819.0 0.39508308
4820.0 0.39494391999999995
4821.0 0.39480476
4822.0 0.39466658
4823.0 0.3945284
4824.0 0.3943912
4825.0 0.394254
4826.0 0.39411778
4827.0 0.39398254
4828.0 0.39384632
4829.0 0.39371206000000003
4830.0 0.39357682
4831.0 0.39344354000000004
4832.0 0.39331025999999997
4833.0 0.39317697999999995
4834.0 0.39304566
4835.0 0.39291336
4836.0 0.39278204
4837.0 0.3926517
4838.0 0.39252233999999997
4839.0 0.39239199999999996
4840.0 0.39226362
4841.0 0.39213524
4842.0 0.39200783999999994
4843.0 0.39188044
4844.0 0.39175402000000004
4845.0 0.39162759999999996
4846.0 0.39150216
4847.0 0.3913777
4848.0 0.39125324
4849.0 0.39112976
4850.0 0.39100628
4851.0 0.39088378
4852.0 0.39076128
4853.0 0.39063976
4854.0 0.39051922
4855.0 0.39039868
4856.0 0.39027912
4857.0 0.39016054
4858.0 0.39004196
4859.0 0.38992338
4860.0 0.38980578
4861.0 0.38968916
4862.0 0.38957352
4863.0 0.38945788
4864.0 0.38934223999999995
4865.0 0.38922757999999996
4866.0 0.38911389999999996
4867.0 0.38900021999999995
4868.0 0.38888752
4869.0 0.38877481999999997
4870.0 0.3886631
4871.0 0.38855137999999995
4872.0 0.38844064
4873.0 0.38833088
4874.0 0.38822112
4875.0 0.38811135999999996
4876.0 0.38800258000000004
4877.0 0.38789478
4878.0 0.38778698
4879.0 0.38767918
4880.0 0.38757236
4881.0 0.38746652
4882.0 0.38736068
4883.0 0.38725582
4884.0 0.38714998
4885.0 0.3870461
4886.0 0.38694222
4887.0 0.38683834
4888.0 0.38673544
4889.0 0.38663254
4890.0 0.38653062
4891.0 0.3864287
4892.0 0.38632678
4893.0 0.38622584
4894.0 0.3861249
4895.0 0.38602494
4896.0 0.385924
4897.0 0.38582502
4898.0 0.38572505999999995
4899.0 0.38562608
4900.0 0.38552808
4901.0 0.3854291
4902.0 0.3853311
4903.0 0.3852331
4904.0 0.38513509999999995
4905.0 0.38503808
4906.0 0.38494106
4907.0 0.38484404
4908.0 0.384748
4909.0 0.38465196
4910.0 0.38455592
4911.0 0.38445988
4912.0 0.38436384
4913.0 0.3842678
4914.0 0.38417274
4915.0 0.38407768
4916.0 0.38398261999999994
4917.0 0.38388756
4918.0 0.3837925
4919.0 0.38369744
4920.0 0.38360336
4921.0 0.38350829999999997
4922.0 0.38341422
4923.0 0.38331916
4924.0 0.38322508
4925.0 0.383131
4926.0 0.38303594
4927.0 0.38294186
4928.0 0.38284777999999997
4929.0 0.38275272
4930.0 0.38265864
4931.0 0.38256456
4932.0 0.38246949999999996
4933.0 0.38237541999999997
4934.0 0.38228036
4935.0 0.38218628
4936.0 0.38209121999999995
4937.0 0.38199616000000003
4938.0 0.3819011
4939.0 0.38180604
4940.0 0.38171098
4941.0 0.38161494
4942.0 0.3815189
4943.0 0.38142384
4944.0 0.3813278
4945.0 0.38123078
4946.0 0.38113474
4947.0 0.38103771999999997
4948.0 0.38094069999999997
4949.0 0.38084368
4950.0 0.38074568
4951.0 0.38064768
4952.0 0.38054968
4953.0 0.38045168
4954.0 0.3803527
4955.0 0.38025372
4956.0 0.38015474
4957.0 0.38005478000000004
4958.0 0.37995482
4959.0 0.37985388
4960.0 0.37975294
4961.0 0.379652
4962.0 0.37955007999999996
4963.0 0.37944816
4964.0 0.37934526
4965.0 0.37924236
4966.0 0.37913946000000004
4967.0 0.37903558
4968.0 0.37893072
4969.0 0.37882585999999996
4970.0 0.37872100000000003
4971.0 0.37861516
4972.0 0.37850932000000004
4973.0 0.3784025
4974.0 0.3782947
4975.0 0.3781869
4976.0 0.3780791
4977.0 0.37797032
4978.0 0.37786056
4979.0 0.3777508
4980.0 0.37764006
4981.0 0.37752932
4982.0 0.3774176
4983.0 0.37730588
4984.0 0.37719317999999996
4985.0 0.37707949999999996
4986.0 0.37696483999999997
4987.0 0.37685115999999996
4988.0 0.37673552
4989.0 0.37661987999999996
4990.0 0.37650326
4991.0 0.37638664
4992.0 0.37626904
4993.0 0.37615045999999996
4994.0 0.37603188
4995.0 0.37591231999999997
4996.0 0.37579276
4997.0 0.37567124
4998.0 0.37555069999999996
4999.0 0.3754282
5000.0 0.3753057
5001.0 0.37518221999999996
5002.0 0.37505874
5003.0 0.3749333
5004.0 0.37480884000000003
5005.0 0.37468241999999996
5006.0 0.374556
5007.0 0.3744286
5008.0 0.3743012
5009.0 0.37417282
5010.0 0.37404346
5011.0 0.3739141
5012.0 0.37378278
5013.0 0.37365244
5014.0 0.37352014
5015.0 0.37338784
5016.0 0.37325554
5017.0 0.37312128
5018.0 0.37298702
5019.0 0.37285276
5020.0 0.37271654000000004
5021.0 0.37258032
5022.0 0.3724441
5023.0 0.37230592
5024.0 0.37216872
5025.0 0.37202956
5026.0 0.37189039999999995
5027.0 0.37175026
5028.0 0.37161012
5029.0 0.371469
5030.0 0.37132788
5031.0 0.37118578
5032.0 0.37104269999999995
5033.0 0.37089962
5034.0 0.37075556
5035.0 0.37061052
5036.0 0.37046547999999996
5037.0 0.37032044
5038.0 0.37017441999999995
5039.0 0.37002742
5040.0 0.36988042
5041.0 0.36973244
5042.0 0.36958446
5043.0 0.36943549999999997
5044.0 0.36928654
5045.0 0.3691366
5046.0 0.36898665999999997
5047.0 0.36883671999999995
5048.0 0.36868482
5049.0 0.36853389999999997
5050.0 0.368382
5051.0 0.36822912
5052.0 0.36807722
5053.0 0.36792336
5054.0 0.36777048
5055.0 0.36761661999999995
5056.0 0.36746177999999996
5057.0 0.36730693999999997
5058.0 0.3671521
5059.0 0.36699726
5060.0 0.36684143999999996
5061.0 0.36668562
5062.0 0.36652882
5063.0 0.36637201999999996
5064.0 0.36621522
5065.0 0.36605842
5066.0 0.36590064
5067.0 0.36574286
5068.0 0.36558508
5069.0 0.36542631999999997
5070.0 0.36526854000000003
5071.0 0.36510978
5072.0 0.36495101999999996
5073.0 0.36479128
5074.0 0.36463252
5075.0 0.36447278
5076.0 0.36431304000000003
5077.0 0.3641533
5078.0 0.36399356
5079.0 0.36383382
5080.0 0.36367407999999996
5081.0 0.36351335999999995
5082.0 0.36335362
5083.0 0.3631929
5084.0 0.36303218000000004
5085.0 0.36287243999999996
5086.0 0.36271172
5087.0 0.362551
5088.0 0.36239028
5089.0 0.36222956
5090.0 0.36206884
5091.0 0.36190812
5092.0 0.36174838
5093.0 0.36158766
5094.0 0.36142694
5095.0 0.36126621999999997
5096.0 0.36110549999999997
5097.0 0.36094575999999995
5098.0 0.36078602
5099.0 0.3606253
5100.0 0.36046555999999996
5101.0 0.36030483999999996
5102.0 0.3601451
5103.0 0.35998536
5104.0 0.35982562
5105.0 0.35966686000000003
5106.0 0.35950712
5107.0 0.35934836
5108.0 0.3591896
5109.0 0.35903084
5110.0 0.35887208000000004
5111.0 0.3587143
5112.0 0.35855554
5113.0 0.35839775999999995
5114.0 0.35823998
5115.0 0.35808318
5116.0 0.3579254
5117.0 0.3577686
5118.0 0.35761277999999996
5119.0 0.35745598
5120.0 0.35729918
5121.0 0.35714335999999997
5122.0 0.35698852
5123.0 0.3568327
5124.0 0.35667785999999996
5125.0 0.356524
5126.0 0.35636916
5127.0 0.3562153
5128.0 0.35606143999999995
5129.0 0.35590758
5130.0 0.3557547
5131.0 0.35560181999999996
5132.0 0.35544992000000003
5133.0 0.35529802
5134.0 0.35514612
5135.0 0.3549952
5136.0 0.35484428
5137.0 0.35469335999999996
5138.0 0.35454342
5139.0 0.35439348
5140.0 0.35424353999999997
5141.0 0.35409458
5142.0 0.35394562
5143.0 0.35379764
5144.0 0.35364966
5145.0 0.35350168
5146.0 0.35335468
5147.0 0.35320768
5148.0 0.35306166
5149.0 0.35291564
5150.0 0.35276961999999995
5151.0 0.35262458
5152.0 0.35247954000000004
5153.0 0.3523345
5154.0 0.35219044
5155.0 0.35204638
5156.0 0.3519033
5157.0 0.35176022
5158.0 0.35161812
5159.0 0.35147504
5160.0 0.35133391999999997
5161.0 0.35119182
5162.0 0.3510507
5163.0 0.35091056
5164.0 0.35077041999999997
5165.0 0.35063027999999996
5166.0 0.35049014
5167.0 0.35035098000000003
5168.0 0.35021181999999995
5169.0 0.35007363999999996
5170.0 0.34993546
5171.0 0.34979728
5172.0 0.34966008
5173.0 0.34952288
5174.0 0.34938665999999996
5175.0 0.34924946
5176.0 0.34911324
5177.0 0.348978
5178.0 0.34884276
5179.0 0.34870752
5180.0 0.34857228
5181.0 0.34843802
5182.0 0.34830376
5183.0 0.34817047999999995
5184.0 0.34803621999999995
5185.0 0.34790294
5186.0 0.34777064
5187.0 0.34763736
5188.0 0.34750506
5189.0 0.34737374
5190.0 0.34724143999999996
5191.0 0.34711012
5192.0 0.3469788
5193.0 0.34684748
5194.0 0.34671714000000003
5195.0 0.3465868
5196.0 0.34645645999999997
5197.0 0.34632611999999996
5198.0 0.34619578
5199.0 0.34606642000000004
5200.0 0.34593706
5201.0 0.3458077
5202.0 0.34567932
5203.0 0.34555094
5204.0 0.34542256
5205.0 0.34529418
5206.0 0.3451658
5207.0 0.34503742
5208.0 0.34491002
5209.0 0.34478262
5210.0 0.34465522
5211.0 0.34452782
5212.0 0.3444014
5213.0 0.34427399999999997
5214.0 0.34414758
5215.0 0.34402116
5216.0 0.34389474
5217.0 0.34376831999999996
5218.0 0.34364288000000004
5219.0 0.34351645999999997
5220.0 0.34339102
5221.0 0.34326460000000003
5222.0 0.34313916
5223.0 0.34301371999999997
5224.0 0.34288926
5225.0 0.34276382
5226.0 0.34263838
5227.0 0.34251391999999997
5228.0 0.34238848
5229.0 0.34226401999999995
5230.0 0.34213956
5231.0 0.3420151
5232.0 0.34189064
5233.0 0.34176618000000003
5234.0 0.34164172
5235.0 0.34151824000000003
5236.0 0.34139378
5237.0 0.3412703
5238.0 0.34114584
5239.0 0.34102236
5240.0 0.34089888
5241.0 0.34077539999999995
5242.0 0.34065192
5243.0 0.34052844
5244.0 0.34040496
5245.0 0.34028147999999997
5246.0 0.340158
5247.0 0.3400355
5248.0 0.33991202000000004
5249.0 0.33978951999999996
5250.0 0.33966702
5251.0 0.33954452
5252.0 0.33942202
5253.0 0.33929951999999997
5254.0 0.33917702
5255.0 0.33905451999999997
5256.0 0.33893202
5257.0 0.3388105
5258.0 0.338688
5259.0 0.33856648
5260.0 0.33844495999999996
5261.0 0.33832344
5262.0 0.33820192
5263.0 0.3380804
5264.0 0.33795888
5265.0 0.33783736
5266.0 0.33771682
5267.0 0.33759628
5268.0 0.33747476
5269.0 0.33735422000000004
5270.0 0.33723466
5271.0 0.33711412
5272.0 0.33699357999999996
5273.0 0.33687402
5274.0 0.33675446000000003
5275.0 0.3366349
5276.0 0.33651534
5277.0 0.33639578
5278.0 0.3362772
5279.0 0.33615764
5280.0 0.33603906
5281.0 0.33592048
5282.0 0.33580288
5283.0 0.3356843
5284.0 0.3355667
5285.0 0.3354491
5286.0 0.3353315
5287.0 0.33521488
5288.0 0.33509826
5289.0 0.33498164
5290.0 0.33486501999999996
5291.0 0.3347484
5292.0 0.33463276
5293.0 0.33451712
5294.0 0.33440246
5295.0 0.3342878
5296.0 0.33417216
5297.0 0.33405848
5298.0 0.33394381999999995
5299.0 0.33383013999999994
5300.0 0.33371744
5301.0 0.33360375999999997
5302.0 0.33349106
5303.0 0.33337836
5304.0 0.33326664
5305.0 0.33315491999999997
5306.0 0.3330432
5307.0 0.33293246
5308.0 0.33282172000000004
5309.0 0.33271098
5310.0 0.33260122
5311.0 0.33249146
5312.0 0.3323817
5313.0 0.33227292
5314.0 0.33216512000000004
5315.0 0.33205634
5316.0 0.33194952
5317.0 0.33184172
5318.0 0.3317349
5319.0 0.33162808
5320.0 0.33152223999999997
5321.0 0.3314164
5322.0 0.33131154
5323.0 0.33120668
5324.0 0.33110182
5325.0 0.33099794000000005
5326.0 0.33089406
5327.0 0.33079116000000003
5328.0 0.33068825999999996
5329.0 0.33058634
5330.0 0.33048442
5331.0 0.33038347999999995
5332.0 0.33028254
5333.0 0.33018159999999996
5334.0 0.33008164
5335.0 0.32998168
5336.0 0.32988172000000004
5337.0 0.32978371999999995
5338.0 0.32968474000000003
5339.0 0.32958674
5340.0 0.32948874
5341.0 0.32939172
5342.0 0.3292947
5343.0 0.32919866000000003
5344.0 0.32910261999999996
5345.0 0.32900756000000003
5346.0 0.32891151999999996
5347.0 0.32881743999999996
5348.0 0.32872238
5349.0 0.3286283
5350.0 0.32853519999999997
5351.0 0.32844112
5352.0 0.328349
5353.0 0.3282559
5354.0 0.32816378
5355.0 0.32807166
5356.0 0.32798052
5357.0 0.32788938
5358.0 0.32779824
5359.0 0.3277071
5360.0 0.32761694
5361.0 0.32752677999999996
5362.0 0.32743759999999994
5363.0 0.32734744
5364.0 0.32725825999999997
5365.0 0.32716907999999995
5366.0 0.32708088
5367.0 0.3269917
5368.0 0.3269035
5369.0 0.3268153
5370.0 0.3267271
5371.0 0.32663988
5372.0 0.32655168
5373.0 0.32646446
5374.0 0.32637724
5375.0 0.32629002
5376.0 0.32620279999999996
5377.0 0.32611557999999996
5378.0 0.32602835999999996
5379.0 0.32594114
5380.0 0.3258549
5381.0 0.32576768
5382.0 0.32568144
5383.0 0.32559422
5384.0 0.325507
5385.0 0.32541978
5386.0 0.32533354000000003
5387.0 0.32524632000000003
5388.0 0.3251591
5389.0 0.32507188
5390.0 0.32498466
5391.0 0.32489744
5392.0 0.32481022
5393.0 0.32472202
5394.0 0.32463382
5395.0 0.32454562
5396.0 0.32445742
5397.0 0.32436921999999996
5398.0 0.32428004
5399.0 0.32419086
5400.0 0.32410168
5401.0 0.32401151999999994
5402.0 0.32392234000000003
5403.0 0.32383217999999997
5404.0 0.32374104
5405.0 0.3236499
5406.0 0.32355876
5407.0 0.32346762
5408.0 0.32337550000000004
5409.0 0.3232824
5410.0 0.3231893
5411.0 0.3230962
5412.0 0.32300212
5413.0 0.32290804
5414.0 0.32281297999999997
5415.0 0.32271792
5416.0 0.32262187999999997
5417.0 0.32252485999999997
5418.0 0.32242784
5419.0 0.32233082
5420.0 0.32223184
5421.0 0.32213384
5422.0 0.32203388
5423.0 0.32193392
5424.0 0.32183396000000003
5425.0 0.32173302
5426.0 0.3216311
5427.0 0.3215282
5428.0 0.3214253
5429.0 0.32132141999999997
5430.0 0.32121656
5431.0 0.3211117
5432.0 0.32100586
5433.0 0.32089904
5434.0 0.32079221999999996
5435.0 0.32068441999999997
5436.0 0.32057564
5437.0 0.32046588000000004
5438.0 0.32035612
5439.0 0.32024537999999997
5440.0 0.32013366
5441.0 0.32002096
5442.0 0.31990825999999994
5443.0 0.31979458
5444.0 0.31967992
5445.0 0.31956526
5446.0 0.31944863999999995
5447.0 0.31933202
5448.0 0.31921540000000004
5449.0 0.31909682
5450.0 0.31897823999999997
5451.0 0.31885868
5452.0 0.31873814
5453.0 0.3186176
5454.0 0.31849608
5455.0 0.31837358
5456.0 0.3182501
5457.0 0.31812661999999997
5458.0 0.31800216
5459.0 0.3178777
5460.0 0.31775226
5461.0 0.31762584
5462.0 0.31749844
5463.0 0.31737104
5464.0 0.31724265999999995
5465.0 0.31711427999999997
5466.0 0.31698492
5467.0 0.31685556
5468.0 0.31672522
5469.0 0.3165939
5470.0 0.31646258
5471.0 0.31633126
5472.0 0.31619896
5473.0 0.31606568
5474.0 0.3159324
5475.0 0.31579912
5476.0 0.31566486
5477.0 0.3155306
5478.0 0.31539536
5479.0 0.31526012
5480.0 0.31512488
5481.0 0.31498963999999996
5482.0 0.31485342
5483.0 0.3147172
5484.0 0.31458
5485.0 0.31444378
5486.0 0.31430657999999995
5487.0 0.31416938
5488.0 0.31403218
5489.0 0.31389498
5490.0 0.31375778
5491.0 0.3136196
5492.0 0.3134824
5493.0 0.3133452
5494.0 0.31320702
5495.0 0.31306982
5496.0 0.31293164
5497.0 0.31279444
5498.0 0.31265724
5499.0 0.31252004
5500.0 0.31238284
5501.0 0.31224564
5502.0 0.31210844
5503.0 0.31197221999999997
5504.0 0.311836
5505.0 0.31169978
5506.0 0.31156355999999996
5507.0 0.31142832
5508.0 0.31129308
5509.0 0.31115784
5510.0 0.31102358
5511.0 0.31088932
5512.0 0.31075506
5513.0 0.31062178
5514.0 0.3104885
5515.0 0.3103562
5516.0 0.3102239
5517.0 0.31009258
5518.0 0.30996125999999996
5519.0 0.30983092
5520.0 0.30970058
5521.0 0.30957122
5522.0 0.30944186
5523.0 0.30931348000000003
5524.0 0.30918510000000005
5525.0 0.3090577
5526.0 0.30893128000000003
5527.0 0.30880486
5528.0 0.30867942
5529.0 0.30855398
5530.0 0.30842952
5531.0 0.30830604
5532.0 0.30818256
5533.0 0.30805908
5534.0 0.30793756
5535.0 0.30781603999999996
5536.0 0.3076955
5537.0 0.30757496
5538.0 0.3074554
5539.0 0.30733583999999997
5540.0 0.30721726
5541.0 0.30709966
5542.0 0.30698206
5543.0 0.30686544
5544.0 0.3067498
5545.0 0.30663317999999995
5546.0 0.30651852
5547.0 0.30640386000000003
5548.0 0.3062892
5549.0 0.30617552
5550.0 0.30606184
5551.0 0.30594914
5552.0 0.30583644000000004
5553.0 0.30572472
5554.0 0.305613
5555.0 0.30550128
5556.0 0.30538956
5557.0 0.30527881999999995
5558.0 0.30516808
5559.0 0.30505733999999995
5560.0 0.30494758
5561.0 0.30483684
5562.0 0.30472708
5563.0 0.30461731999999997
5564.0 0.30450756
5565.0 0.3043978
5566.0 0.30428804
5567.0 0.30417827999999997
5568.0 0.30406754
5569.0 0.30395778
5570.0 0.30384704
5571.0 0.30373728
5572.0 0.30362654
5573.0 0.3035158
5574.0 0.30340407999999996
5575.0 0.30329236
5576.0 0.30318063999999995
5577.0 0.30306794
5578.0 0.30295426
5579.0 0.30284156
5580.0 0.30272689999999997
5581.0 0.30261224
5582.0 0.3024966
5583.0 0.30238096
5584.0 0.30226434
5585.0 0.30214674
5586.0 0.30202816
5587.0 0.30190957999999996
5588.0 0.30179002
5589.0 0.3016685
5590.0 0.30154698
5591.0 0.30142448
5592.0 0.30130001999999995
5593.0 0.30117555999999995
5594.0 0.30104914
5595.0 0.30092174
5596.0 0.30079434
5597.0 0.30066497999999997
5598.0 0.30053366000000004
5599.0 0.30040234
5600.0 0.30026906
5601.0 0.3001348
5602.0 0.29999857999999996
5603.0 0.29986236
5604.0 0.29972417999999995
5605.0 0.29958404
5606.0 0.29944292
5607.0 0.29930081999999997
5608.0 0.29915675999999997
5609.0 0.29901172
5610.0 0.29886569999999996
5611.0 0.29871771999999996
5612.0 0.29856876
5613.0 0.29841784
5614.0 0.29826594
5615.0 0.29811208
5616.0 0.29795723999999996
5617.0 0.29780142
5618.0 0.29764364
5619.0 0.29748488
5620.0 0.29732514000000004
5621.0 0.29716344
5622.0 0.29700174
5623.0 0.2968371
5624.0 0.29667246
5625.0 0.29650684
5626.0 0.29633926
5627.0 0.29617168
5628.0 0.29600214
5629.0 0.29583162
5630.0 0.2956611
5631.0 0.29548862
5632.0 0.29531614
5633.0 0.29514268
5634.0 0.29496824
5635.0 0.2947938
5636.0 0.29461837999999996
5637.0 0.29444198
5638.0 0.29426558
5639.0 0.29408918
5640.0 0.2939118
5641.0 0.29373442
5642.0 0.29355802000000003
5643.0 0.29337966
5644.0 0.29320325999999997
5645.0 0.29302588
5646.0 0.2928485
5647.0 0.2926721
5648.0 0.29249569999999997
5649.0 0.29232028
5650.0 0.29214486
5651.0 0.29197042
5652.0 0.29179598
5653.0 0.2916235
5654.0 0.29145102
5655.0 0.2912805
5656.0 0.29110998
5657.0 0.29094142
5658.0 0.29077384
5659.0 0.29060724000000004
5660.0 0.2904426
5661.0 0.29027992
5662.0 0.29011822
5663.0 0.28995847999999996
5664.0 0.2898007
5665.0 0.28964488
5666.0 0.28949004
5667.0 0.28933813999999997
5668.0 0.2891882
5669.0 0.28904022
5670.0 0.28889518000000003
5671.0 0.28875112000000003
5672.0 0.28861
5673.0 0.28847182
5674.0 0.28833559999999997
5675.0 0.28820134
5676.0 0.28807002000000004
5677.0 0.28794164
5678.0 0.28781522
5679.0 0.28769174000000003
5680.0 0.28757022
5681.0 0.28745164
5682.0 0.28733600000000004
5683.0 0.28722232000000003
5684.0 0.28711158
5685.0 0.2870028
5686.0 0.28689696000000003
5687.0 0.28679405999999996
5688.0 0.28669312
5689.0 0.28659512
5690.0 0.28649810000000003
5691.0 0.286405
5692.0 0.28631288000000005
5693.0 0.2862237
5694.0 0.2861355
5695.0 0.28605023999999996
5696.0 0.28596596
5697.0 0.28588364
5698.0 0.28580328
5699.0 0.28572390000000003
5700.0 0.2856455
5701.0 0.28556906
5702.0 0.2854936
5703.0 0.28541814
5704.0 0.28534464
5705.0 0.28527114
5706.0 0.28519764
5707.0 0.28512414
5708.0 0.28505162
5709.0 0.28497812
5710.0 0.28490462
5711.0 0.28483112
5712.0 0.28475566
5713.0 0.2846802
5714.0 0.28460376
5715.0 0.28452535999999995
5716.0 0.284445
5717.0 0.28436366
5718.0 0.28428036
5719.0 0.2841951
5720.0 0.2841069
5721.0 0.28401772000000003
5722.0 0.28392462
5723.0 0.28382858
5724.0 0.28373057999999995
5725.0 0.28362866
5726.0 0.28352281999999995
5727.0 0.28341501999999996
5728.0 0.2833033
5729.0 0.28318765999999995
5730.0 0.2830681
5731.0 0.28294559999999996
5732.0 0.28281918
5733.0 0.28268884
5734.0 0.28255458
5735.0 0.2824164
5736.0 0.2822743
5737.0 0.28212827999999995
5738.0 0.28197932
5739.0 0.28182644
5740.0 0.28166964
5741.0 0.28151088
5742.0 0.2813482
5743.0 0.28118257999999996
5744.0 0.28101402
5745.0 0.28084448
5746.0 0.280672
5747.0 0.28049756
5748.0 0.28032214
5749.0 0.28014672
5750.0 0.27997032
5751.0 0.27979392
5752.0 0.27961752
5753.0 0.27944308
5754.0 0.27926961999999994
5755.0 0.2790991
5756.0 0.27893054
5757.0 0.2787659
5758.0 0.27860518
5759.0 0.27844936
5760.0 0.27829844
5761.0 0.27815438
5762.0 0.2780162
5763.0 0.27788487999999995
5764.0 0.27776238
5765.0 0.27764869999999997
5766.0 0.27754383822537376
5767.0 0.2774487748144077
5768.0 0.27736449389886964
5769.0 0.27729004165031984
5770.0 0.27722734938895793
5771.0 0.2771753756805495
5772.0 0.2771361074302407
5773.0 0.2771069455425538
5774.0 0.27708684929590327
5775.0 0.2770785131370702
5776.0 0.27709657931469556
5777.0 0.2771293277575532
5778.0 0.27715741218846207
5779.0 0.27716211234964927
5780.0 0.2771746435964972
5781.0 0.27661548564558697
5782.0 0.27597467196513176
5783.0 0.2754630394461371
5784.0 0.27512534929757
5785.0 0.2747855661593642
5786.0 0.27483948414393383
5787.0 0.27488995555780127
5788.0 0.2749202971715059
5789.0 0.27492453707300407
5790.0 0.27490062956770017
5791.0 0.2748349033064944
5792.0 0.27472841016103206
5793.0 0.27457821415659117
5794.0 0.27437334310811895
5795.0 0.27410031656297207
5796.0 0.27374790640247904
5797.0 0.27330520769546013
5798.0 0.27275061499306663
5799.0 0.2720742551185343
5800.0 0.27126614919007724
