# %ECSV 1.0
# ---
# datatype:
# - {name: WAV, unit: Angstrom, datatype: float32}
# - {name: EFF, datatype: float64}
# meta: !!omap
# - {GRISM: 300/5000}
# - {DICHROIC: D680}
# schema: astropy-2.0
WAV EFF
3500.0 0.05073166
3501.0 0.05154114
3502.0 0.05228888
3503.0 0.05297978
3504.0 0.05361874
3505.0 0.054210659999999994
3506.0 0.05475946
3507.0 0.05527102
3508.0 0.055746319999999995
3509.0 0.056191239999999996
3510.0 0.056607740000000004
3511.0 0.05699974
3512.0 0.0573692
3513.0 0.05772004
3514.0 0.05805324
3515.0 0.05837174
3516.0 0.05867848
3517.0 0.05897346
3518.0 0.059260600000000004
3519.0 0.0595399
3520.0 0.059813319999999996
3521.0 0.06008282
3522.0 0.0603484
3523.0 0.06061202
3524.0 0.06087466
3525.0 0.0611373
3526.0 0.06139994
3527.0 0.061664540000000004
3528.0 0.0619311
3529.0 0.06219962
3530.0 0.06247108
3531.0 0.06274646
3532.0 0.06302477999999999
3533.0 0.063308
3534.0 0.06359416000000001
3535.0 0.06388619999999999
3536.0 0.06418215999999999
3537.0 0.06448203999999999
3538.0 0.0647878
3539.0 0.06509748
3540.0 0.06541108
3541.0 0.06573056000000001
3542.0 0.06605396000000001
3543.0 0.06638226
3544.0 0.06671447999999999
3545.0 0.06705061999999999
3546.0 0.06739068
3547.0 0.06773466
3548.0 0.06808256
3549.0 0.0684334
3550.0 0.06878816
3551.0 0.06914487999999999
3552.0 0.06950454
3553.0 0.06986616
3554.0 0.07023072000000001
3555.0 0.07059724
3556.0 0.07096474
3557.0 0.07133419999999999
3558.0 0.07170464
3559.0 0.07207606
3560.0 0.07244748000000001
3561.0 0.07281987999999999
3562.0 0.07319228
3563.0 0.07356370000000001
3564.0 0.07393609999999999
3565.0 0.07430752
3566.0 0.07467698
3567.0 0.07504643999999999
3568.0 0.07541492
3569.0 0.07578143999999999
3570.0 0.076146
3571.0 0.0765086
3572.0 0.07686923999999999
3573.0 0.07722791999999999
3574.0 0.07758464
3575.0 0.07793842
3576.0 0.07829024
3577.0 0.07863911999999999
3578.0 0.07898506
3579.0 0.07932904
3580.0 0.07967007999999999
3581.0 0.08000916000000001
3582.0 0.08034432
3583.0 0.08067751999999999
3584.0 0.08100876
3585.0 0.08133608
3586.0 0.08166144
3587.0 0.08198385999999999
3588.0 0.08230334
3589.0 0.08262086
3590.0 0.08293544
3591.0 0.08324806
3592.0 0.08355872
3593.0 0.08386644
3594.0 0.08417219999999999
3595.0 0.084476
3596.0 0.08477784
3597.0 0.08507870000000001
3598.0 0.08537662
3599.0 0.08567356
3600.0 0.08596854
3601.0 0.08626254
3602.0 0.08655555999999999
3603.0 0.0868476
3604.0 0.08713865999999999
3605.0 0.08742874
3606.0 0.08771882
3607.0 0.08800791999999999
3608.0 0.08829702
3609.0 0.08858612
3610.0 0.08887522
3611.0 0.08916529999999999
3612.0 0.08945538
3613.0 0.08974546
3614.0 0.09003749999999999
3615.0 0.09032954
3616.0 0.09062354
3617.0 0.09091851999999999
3618.0 0.09121546
3619.0 0.09151436
3620.0 0.09181423999999999
3621.0 0.09211706
3622.0 0.09242184
3623.0 0.09272956
3624.0 0.09304021999999999
3625.0 0.09335283999999999
3626.0 0.0936684
3627.0 0.09398788000000001
3628.0 0.09431128
3629.0 0.09463762
3630.0 0.09496788
3631.0 0.09530108
3632.0 0.09564016
3633.0 0.09598218
3634.0 0.09632909999999999
3635.0 0.09668092
3636.0 0.09703666
3637.0 0.09739828
3638.0 0.0977648
3639.0 0.09813622000000001
3640.0 0.09851254
3641.0 0.09889474
3642.0 0.09928184
3643.0 0.09967482
3644.0 0.10007368
3645.0 0.10047743999999999
3646.0 0.10088707999999999
3647.0 0.1013026
3648.0 0.101724
3649.0 0.10215128
3650.0 0.10258443999999999
3651.0 0.10302446
3652.0 0.10346937999999999
3653.0 0.10392018
3654.0 0.10437784
3655.0 0.10484138
3656.0 0.10530982
3657.0 0.1057861
3658.0 0.10626728
3659.0 0.10675532
3660.0 0.10724924
3661.0 0.10774904
3662.0 0.1082557
3663.0 0.10876726
3664.0 0.10928568
3665.0 0.10980998
3666.0 0.11034015999999999
3667.0 0.11087622
3668.0 0.11141816
3669.0 0.11196598
3670.0 0.1125187
3671.0 0.11307828
3672.0 0.11364276
3673.0 0.11421311999999999
3674.0 0.11478936
3675.0 0.1153705
3676.0 0.11595752
3677.0 0.11654846
3678.0 0.11714626
3679.0 0.11774797999999999
3680.0 0.1183546
3681.0 0.11896612
3682.0 0.11958254
3683.0 0.12020288
3684.0 0.12082812
3685.0 0.12145728
3686.0 0.12209133999999999
3687.0 0.12272834
3688.0 0.12337023999999999
3689.0 0.12401507999999999
3690.0 0.12466383999999998
3691.0 0.12531652
3692.0 0.12597213999999998
3693.0 0.12662972
3694.0 0.12729122
3695.0 0.12795566
3696.0 0.12862206
3697.0 0.1292914
3698.0 0.12996270000000001
3699.0 0.13063694
3700.0 0.13131216
3701.0 0.13198836
3702.0 0.1326675
3703.0 0.13334664
3704.0 0.13402774
3705.0 0.13470982
3706.0 0.13539288
3707.0 0.13607594
3708.0 0.13675998
3709.0 0.13744402
3710.0 0.13812806
3711.0 0.13881308
3712.0 0.13949809999999999
3713.0 0.14018312
3714.0 0.14086814
3715.0 0.14155218
3716.0 0.14223622
3717.0 0.14292026
3718.0 0.14360332
3719.0 0.1442854
3720.0 0.1449665
3721.0 0.14564662
3722.0 0.14632576
3723.0 0.14700391999999998
3724.0 0.14768109999999998
3725.0 0.14835631999999999
3726.0 0.14902958000000002
3727.0 0.14970186
3728.0 0.15037316
3729.0 0.15104152
3730.0 0.15170792
3731.0 0.15237236
3732.0 0.15303582
3733.0 0.15369536
3734.0 0.15435392
3735.0 0.15500954
3736.0 0.15566222000000002
3737.0 0.15631294
3738.0 0.15696072
3739.0 0.15760555999999998
3740.0 0.15824844000000002
3741.0 0.15888739999999998
3742.0 0.15952342
3743.0 0.16015748
3744.0 0.16078663999999998
3745.0 0.16141384
3746.0 0.16203711999999998
3747.0 0.16265746
3748.0 0.16327486
3749.0 0.16388735999999998
3750.0 0.1644979
3751.0 0.16510354000000002
3752.0 0.16570623999999998
3753.0 0.16630502
3754.0 0.16690085999999998
3755.0 0.1674918
3756.0 0.16807882
3757.0 0.1686629
3758.0 0.16924208
3759.0 0.16981832
3760.0 0.17038966
3761.0 0.17095806
3762.0 0.17152156000000002
3763.0 0.17208114
3764.0 0.1726368
3765.0 0.17318756
3766.0 0.17373538
3767.0 0.1742783
3768.0 0.17481729999999998
3769.0 0.1753514
3770.0 0.17588256
3771.0 0.17640882
3772.0 0.17693018
3773.0 0.1774486
3774.0 0.17796212
3775.0 0.17847172
3776.0 0.17897642
3777.0 0.17947818
3778.0 0.17997504
3779.0 0.18046700000000002
3780.0 0.18095602
3781.0 0.18144014
3782.0 0.18192033999999999
3783.0 0.18239662
3784.0 0.18286799999999998
3785.0 0.18333644
3786.0 0.18379998
3787.0 0.1842596
3788.0 0.1847153
3789.0 0.18516708
3790.0 0.18561493999999998
3791.0 0.18605887999999998
3792.0 0.1864989
3793.0 0.186935
3794.0 0.18736718
3795.0 0.18779642
3796.0 0.18822076000000001
3797.0 0.18864216
3798.0 0.18905964
3799.0 0.18947418000000002
3800.0 0.18988381999999998
3801.0 0.19029149999999997
3802.0 0.19069526
3803.0 0.1910951
3804.0 0.191492
3805.0 0.19188596
3806.0 0.192276
3807.0 0.19266309999999998
3808.0 0.19304726
3809.0 0.19342847999999999
3810.0 0.19380676
3811.0 0.1941821
3812.0 0.1945545
3813.0 0.19492395999999998
3814.0 0.19529048000000002
3815.0 0.19565504
3816.0 0.19601666
3817.0 0.19637534
3818.0 0.19673206000000001
3819.0 0.19708682
3820.0 0.19743864
3821.0 0.1977885
3822.0 0.1981364
3823.0 0.19848233999999998
3824.0 0.19882632
3825.0 0.19916736
3826.0 0.19950742000000002
3827.0 0.19984552
3828.0 0.20018264
3829.0 0.20051682
3830.0 0.200851
3831.0 0.20118223999999998
3832.0 0.20151348
3833.0 0.20184276
3834.0 0.20217106
3835.0 0.20249838
3836.0 0.20282374
3837.0 0.2031491
3838.0 0.20347348
3839.0 0.20379687999999999
3840.0 0.20412028
3841.0 0.2044427
3842.0 0.20476413999999998
3843.0 0.20508558000000002
3844.0 0.20540702
3845.0 0.20572748
3846.0 0.20604892
3847.0 0.20636938
3848.0 0.20668984
3849.0 0.20701128
3850.0 0.20733272
3851.0 0.20765416
3852.0 0.20797559999999998
3853.0 0.20829801999999997
3854.0 0.20862142
3855.0 0.20894482
3856.0 0.20927018
3857.0 0.20959554
3858.0 0.20992188
3859.0 0.21025018
3860.0 0.21057848
3861.0 0.21090873999999998
3862.0 0.21123998
3863.0 0.21157318
3864.0 0.21190834
3865.0 0.21224447999999999
3866.0 0.2125816
3867.0 0.21292067999999997
3868.0 0.21326172
3869.0 0.21360374
3870.0 0.2139487
3871.0 0.21429366
3872.0 0.21464155999999998
3873.0 0.21499043999999998
3874.0 0.21534128
3875.0 0.21569408
3876.0 0.21604785999999998
3877.0 0.21640457999999999
3878.0 0.21676228
3879.0 0.21712193999999999
3880.0 0.21748356
3881.0 0.21784615999999998
3882.0 0.2182117
3883.0 0.21857919999999997
3884.0 0.21894866
3885.0 0.2193191
3886.0 0.21969248
3887.0 0.22006684
3888.0 0.22044414
3889.0 0.2208234
3890.0 0.22120462
3891.0 0.2215878
3892.0 0.22197294
3893.0 0.22236003999999998
3894.0 0.2227491
3895.0 0.2231411
3896.0 0.22353408
3897.0 0.22393000000000002
3898.0 0.22432788
3899.0 0.22472869999999998
3900.0 0.2251305
3901.0 0.22553524
3902.0 0.22594194
3903.0 0.22635158
3904.0 0.2267622
3905.0 0.22717575999999998
3906.0 0.22759226
3907.0 0.22801072
3908.0 0.22843113999999998
3909.0 0.22885352
3910.0 0.22927883999999998
3911.0 0.2297071
3912.0 0.23013731999999998
3913.0 0.2305695
3914.0 0.23100462
3915.0 0.2314417
3916.0 0.23188073999999997
3917.0 0.2323237
3918.0 0.23276764
3919.0 0.23321451999999998
3920.0 0.23366434
3921.0 0.23411611999999998
3922.0 0.23457083999999997
3923.0 0.23502752000000002
3924.0 0.23548616
3925.0 0.23594872
3926.0 0.23641226
3927.0 0.23687972000000002
3928.0 0.23734914
3929.0 0.23782052
3930.0 0.23829484
3931.0 0.2387721
3932.0 0.23925132
3933.0 0.23973250000000002
3934.0 0.2402176
3935.0 0.24070368
3936.0 0.24119368
3937.0 0.24168564
3938.0 0.24217956000000002
3939.0 0.2426774
3940.0 0.24317622
3941.0 0.24367896
3942.0 0.24418267999999999
3943.0 0.24469032
3944.0 0.24519992
3945.0 0.24571148
3946.0 0.24622598
3947.0 0.24674341999999996
3948.0 0.24726282
3949.0 0.24778417999999997
3950.0 0.24830848
3951.0 0.24883571999999998
3952.0 0.24936492000000002
3953.0 0.24989705999999998
3954.0 0.25043116
3955.0 0.25096722
3956.0 0.25150622
3957.0 0.25204718
3958.0 0.25259107999999997
3959.0 0.25313694
3960.0 0.25368574
3961.0 0.25423650000000003
3962.0 0.25478922000000004
3963.0 0.25534488
3964.0 0.25590152
3965.0 0.25646208
3966.0 0.25702361999999995
3967.0 0.2575881
3968.0 0.25815454
3969.0 0.25872293999999996
3970.0 0.25929428
3971.0 0.2598666
3972.0 0.26044186
3973.0 0.26101908
3974.0 0.26159825999999997
3975.0 0.2621794
3976.0 0.2627625
3977.0 0.26334756000000004
3978.0 0.26393458
3979.0 0.26452356
3980.0 0.26511450000000003
3981.0 0.2657074
3982.0 0.26630226
3983.0 0.26689809999999997
3984.0 0.26749688
3985.0 0.26809664
3986.0 0.26869835999999997
3987.0 0.26930106
3988.0 0.2699067
3989.0 0.27051332
3990.0 0.27112092
3991.0 0.27173048
3992.0 0.272342
3993.0 0.27295450000000004
3994.0 0.27356798
3995.0 0.27418342
3996.0 0.27479983999999996
3997.0 0.27541822
3998.0 0.27603758
3999.0 0.27665792
4000.0 0.27727924000000004
4001.0 0.27790252
4002.0 0.2785258
4003.0 0.27915103999999996
4004.0 0.27977628
4005.0 0.28040348
4006.0 0.28103068000000003
4007.0 0.28165886
4008.0 0.28228802
4009.0 0.28291816
4010.0 0.28354830000000003
4011.0 0.2841804
4012.0 0.28481152
4013.0 0.28544362
4014.0 0.28607669999999996
4015.0 0.28670978
4016.0 0.28734384
4017.0 0.28797692
4018.0 0.28861098
4019.0 0.28924602
4020.0 0.28988008
4021.0 0.29051414000000003
4022.0 0.29114918
4023.0 0.29178324
4024.0 0.2924173
4025.0 0.29305136000000004
4026.0 0.29368542
4027.0 0.29431947999999997
4028.0 0.29495256000000003
4029.0 0.29558466
4030.0 0.29621774
4031.0 0.29684886
4032.0 0.29747998000000003
4033.0 0.29811012000000003
4034.0 0.29874026000000004
4035.0 0.29936844
4036.0 0.29999662
4037.0 0.30062283999999995
4038.0 0.30124905999999996
4039.0 0.3018743
4040.0 0.30249758
4041.0 0.30312086
4042.0 0.30374218000000003
4043.0 0.30436252
4044.0 0.30498286
4045.0 0.30560124
4046.0 0.30621864000000004
4047.0 0.30683407999999995
4048.0 0.30744952
4049.0 0.30806300000000003
4050.0 0.3086755
4051.0 0.30928702
4052.0 0.30989756
4053.0 0.31050614
4054.0 0.31111373999999997
4055.0 0.31171938
4056.0 0.31232502
4057.0 0.3129287
4058.0 0.31353042000000003
4059.0 0.31413214
4060.0 0.3147319
4061.0 0.3153297
4062.0 0.31592652
4063.0 0.31652236
4064.0 0.31711624
4065.0 0.31770815999999996
4066.0 0.3182991
4067.0 0.31888906
4068.0 0.31947706
4069.0 0.32006408
4070.0 0.32064914
4071.0 0.32123224
4072.0 0.32181436
4073.0 0.32239451999999996
4074.0 0.3229737
4075.0 0.32355092
4076.0 0.32412618
4077.0 0.32470045999999997
4078.0 0.32527278
4079.0 0.32584314
4080.0 0.32641252
4081.0 0.32697993999999997
4082.0 0.32754540000000004
4083.0 0.32810890000000004
4084.0 0.32867142
4085.0 0.32923198
4086.0 0.32979058
4087.0 0.33034722
4088.0 0.33090288
4089.0 0.3314556
4090.0 0.33200734
4091.0 0.33255712
4092.0 0.33310592
4093.0 0.33365178
4094.0 0.33419568
4095.0 0.3347386
4096.0 0.33527858
4097.0 0.33581758
4098.0 0.33635462
4099.0 0.33688969999999996
4100.0 0.33742281999999996
4101.0 0.33795398
4102.0 0.33848318
4103.0 0.33901042
4104.0 0.3395357
4105.0 0.34006
4106.0 0.34058136
4107.0 0.34110076
4108.0 0.3416182
4109.0 0.34213368
4110.0 0.34264817999999997
4111.0 0.34315974
4112.0 0.34366934
4113.0 0.34417697999999997
4114.0 0.34468266
4115.0 0.34518638
4116.0 0.34568814
4117.0 0.34618793999999997
4118.0 0.34668578
4119.0 0.34718166
4120.0 0.34767459999999994
4121.0 0.34816655999999996
4122.0 0.34865655999999995
4123.0 0.34914362
4124.0 0.34962872
4125.0 0.35011284000000004
4126.0 0.35059401999999995
4127.0 0.35107324
4128.0 0.3515505
4129.0 0.35202579999999994
4130.0 0.35249914
4131.0 0.35296954
4132.0 0.35343895999999997
4133.0 0.35390642
4134.0 0.35437094
4135.0 0.35483448
4136.0 0.35529508
4137.0 0.35575372
4138.0 0.35621040000000004
4139.0 0.35666512
4140.0 0.35711788
4141.0 0.35756868
4142.0 0.35801654
4143.0 0.35846342000000003
4144.0 0.35890736
4145.0 0.35935032
4146.0 0.35979034
4147.0 0.3602284
4148.0 0.36066548000000004
4149.0 0.36109962
4150.0 0.3615318
4151.0 0.36196202
4152.0 0.36239028
4153.0 0.36281559999999996
4154.0 0.36323994
4155.0 0.36366232000000004
4156.0 0.36408273999999996
4157.0 0.36450119999999997
4158.0 0.36491671999999997
4159.0 0.36533126
4160.0 0.36574384
4161.0 0.36615348000000003
4162.0 0.36656214
4163.0 0.36696884
4164.0 0.3673726
4165.0 0.36777538
4166.0 0.3681762
4167.0 0.36857506
4168.0 0.36897196
4169.0 0.3693669
4170.0 0.36975988
4171.0 0.3701509
4172.0 0.37053996
4173.0 0.37092706
4174.0 0.37131317999999996
4175.0 0.37169636
4176.0 0.37207757999999996
4177.0 0.37245782
4178.0 0.37283512
4179.0 0.37321144
4180.0 0.37358579999999997
4181.0 0.37395722
4182.0 0.37432864
4183.0 0.37469613999999996
4184.0 0.37506266
4185.0 0.37542722
4186.0 0.37579080000000004
4187.0 0.37615144
4188.0 0.37651011999999995
4189.0 0.37686781999999996
4190.0 0.37722258000000003
4191.0 0.37757636
4192.0 0.37792818
4193.0 0.37827804
4194.0 0.37862594
4195.0 0.37897188
4196.0 0.37931586
4197.0 0.37965787999999995
4198.0 0.37999891999999996
4199.0 0.380338
4200.0 0.38067512
4201.0 0.3810093
4202.0 0.38134348
4203.0 0.38167471999999997
4204.0 0.38200498
4205.0 0.3823323
4206.0 0.38265864
4207.0 0.38298302
4208.0 0.38330543999999994
4209.0 0.38362688
4210.0 0.38394636
4211.0 0.38426388
4212.0 0.38457944
4213.0 0.38489303999999996
4214.0 0.38520566
4215.0 0.38551632
4216.0 0.38582502
4217.0 0.38613274
4218.0 0.38643849999999996
4219.0 0.3867423
4220.0 0.38704414
4221.0 0.387345
4222.0 0.3876439
4223.0 0.38794083999999995
4224.0 0.3882368
4225.0 0.38853079999999995
4226.0 0.38882382
4227.0 0.38911488
4228.0 0.38940398
4229.0 0.38969210000000004
4230.0 0.38997825999999997
4231.0 0.39026246
4232.0 0.39054567999999995
4233.0 0.39082792
4234.0 0.39110722000000003
4235.0 0.39138652
4236.0 0.39166386
4237.0 0.39193924
4238.0 0.39221364000000003
4239.0 0.39248608
4240.0 0.39275753999999996
4241.0 0.39302704
4242.0 0.39329556
4243.0 0.3935631
4244.0 0.39382868
4245.0 0.3940923
4246.0 0.39435591999999997
4247.0 0.39461757999999997
4248.0 0.39487728
4249.0 0.395136
4250.0 0.39539374
4251.0 0.3956505
4252.0 0.39590529999999996
4253.0 0.39615912
4254.0 0.39641097999999997
4255.0 0.39666284
4256.0 0.39691274
4257.0 0.39716165999999997
4258.0 0.39740862
4259.0 0.39765558
4260.0 0.39790058
4261.0 0.3981446
4262.0 0.39838764
4263.0 0.39862872
4264.0 0.3988698
4265.0 0.39910892
4266.0 0.39934706
4267.0 0.39958422
4268.0 0.39982137999999995
4269.0 0.4000556
4270.0 0.40028982
4271.0 0.40052306
4272.0 0.40075532
4273.0 0.40098659999999997
4274.0 0.40121592
4275.0 0.40144524
4276.0 0.4016726
4277.0 0.40189996
4278.0 0.40212633999999997
4279.0 0.40235174
4280.0 0.40257615999999996
4281.0 0.4027996
4282.0 0.40302205999999996
4283.0 0.40324353999999996
4284.0 0.40346404
4285.0 0.40368454
4286.0 0.40390308
4287.0 0.40412161999999996
4288.0 0.40433917999999996
4289.0 0.40455576
4290.0 0.40477136
4291.0 0.40498597999999997
4292.0 0.4052006
4293.0 0.40541424
4294.0 0.40562788
4295.0 0.40583956
4296.0 0.40605124
4297.0 0.40626194
4298.0 0.40647264
4299.0 0.40668138
4300.0 0.40689012
4301.0 0.40709886
4302.0 0.40730662
4303.0 0.40751339999999997
4304.0 0.40772018
4305.0 0.40792597999999997
4306.0 0.40813178
4307.0 0.4083366
4308.0 0.40854044
4309.0 0.40874428
4310.0 0.40894811999999997
4311.0 0.40915098
4312.0 0.40935286
4313.0 0.40955474
4314.0 0.40975662
4315.0 0.40995751999999996
4316.0 0.41015841999999997
4317.0 0.41035834
4318.0 0.41055826
4319.0 0.41075818
4320.0 0.41095712
4321.0 0.41115606
4322.0 0.41135402
4323.0 0.41155295999999997
4324.0 0.41175092
4325.0 0.4119479
4326.0 0.41214586000000003
4327.0 0.41234284
4328.0 0.41253982
4329.0 0.41273582
4330.0 0.4129328
4331.0 0.41312879999999996
4332.0 0.4133248
4333.0 0.4135208
4334.0 0.41371582
4335.0 0.41391182
4336.0 0.41410684
4337.0 0.41430185999999997
4338.0 0.41449786
4339.0 0.41469288
4340.0 0.41488692
4341.0 0.41508194
4342.0 0.41527696000000003
4343.0 0.41547198
4344.0 0.415667
4345.0 0.41586104
4346.0 0.41605606
4347.0 0.41625108
4348.0 0.41644512
4349.0 0.41664014
4350.0 0.41683516
4351.0 0.41703018
4352.0 0.4172252
4353.0 0.41742022
4354.0 0.41761524
4355.0 0.41781026
4356.0 0.41800528000000003
4357.0 0.41820128
4358.0 0.4183963
4359.0 0.4185923
4360.0 0.4187883
4361.0 0.4189843
4362.0 0.41918029999999995
4363.0 0.4193763
4364.0 0.41957328
4365.0 0.41977026
4366.0 0.41996723999999996
4367.0 0.42016422
4368.0 0.4203612
4369.0 0.42055916000000004
4370.0 0.42075712
4371.0 0.42095508
4372.0 0.42115401999999996
4373.0 0.42135296
4374.0 0.4215519
4375.0 0.42175182
4376.0 0.42195173999999996
4377.0 0.42215166
4378.0 0.42235256
4379.0 0.42255346
4380.0 0.42275436
4381.0 0.42295526
4382.0 0.42315714
4383.0 0.42336
4384.0 0.42356286
4385.0 0.42376572
4386.0 0.42396956
4387.0 0.4241734
4388.0 0.42437724
4389.0 0.42458206
4390.0 0.42478785999999996
4391.0 0.42499366
4392.0 0.42519946000000003
4393.0 0.42540624
4394.0 0.42561302
4395.0 0.42582077999999995
4396.0 0.42602952
4397.0 0.42623826000000004
4398.0 0.42644699999999996
4399.0 0.42665672
4400.0 0.42686644
4401.0 0.42707713999999997
4402.0 0.42728881999999996
4403.0 0.42750049999999995
4404.0 0.42771316
4405.0 0.42792582
4406.0 0.42813946
4407.0 0.4283531
4408.0 0.42856772
4409.0 0.42878234
4410.0 0.42899891999999995
4411.0 0.42921452
4412.0 0.42943208
4413.0 0.42964963999999994
4414.0 0.42986719999999995
4415.0 0.43008672
4416.0 0.43030526
4417.0 0.43052576
4418.0 0.43074626
4419.0 0.43096774
4420.0 0.43118922
4421.0 0.43141167999999996
4422.0 0.43163512
4423.0 0.43185856
4424.0 0.43208298
4425.0 0.43230838
4426.0 0.43253378
4427.0 0.43276015999999995
4428.0 0.43298751999999996
4429.0 0.43321585999999995
4430.0 0.4334442
4431.0 0.43367352
4432.0 0.43390283999999996
4433.0 0.43413314000000003
4434.0 0.43436442
4435.0 0.43459668
4436.0 0.43482894
4437.0 0.43506217999999997
4438.0 0.4352964
4439.0 0.43553062
4440.0 0.43576582
4441.0 0.436002
4442.0 0.43623915999999996
4443.0 0.43647632
4444.0 0.43671445999999997
4445.0 0.43695358
4446.0 0.4371927
4447.0 0.43743378
4448.0 0.43767485999999994
4449.0 0.43791594
4450.0 0.43815898000000003
4451.0 0.43840202
4452.0 0.43864604
4453.0 0.43889005999999997
4454.0 0.43913604
4455.0 0.43938202
4456.0 0.43962799999999996
4457.0 0.43987594
4458.0 0.44012388
4459.0 0.44037279999999995
4460.0 0.4406227
4461.0 0.44087358
4462.0 0.44112446
4463.0 0.44137632
4464.0 0.44162818
4465.0 0.441882
4466.0 0.44213581999999996
4467.0 0.44239062
4468.0 0.44264542
4469.0 0.44290218
4470.0 0.44315894
4471.0 0.4434157
4472.0 0.44367344000000003
4473.0 0.44393216
4474.0 0.44419186
4475.0 0.44445155999999997
4476.0 0.44471224000000004
4477.0 0.44497292
4478.0 0.44523458
4479.0 0.44549624
4480.0 0.44575887999999997
4481.0 0.4460225
4482.0 0.44628612
4483.0 0.44654974
4484.0 0.44681434
4485.0 0.44707991999999996
4486.0 0.4473455
4487.0 0.44761108
4488.0 0.44787763999999997
4489.0 0.44814518
4490.0 0.44841174
4491.0 0.44868026
4492.0 0.4489478
4493.0 0.44921632
4494.0 0.44948484
4495.0 0.44975434
4496.0 0.45002384
4497.0 0.45029334
4498.0 0.45056381999999995
4499.0 0.45083332
4500.0 0.4511038
4501.0 0.45137526
4502.0 0.45164574
4503.0 0.45191719999999996
4504.0 0.45218866
4505.0 0.45246011999999997
4506.0 0.45273158
4507.0 0.45300402
4508.0 0.45327548
4509.0 0.45354792
4510.0 0.45382036
4511.0 0.45409279999999996
4512.0 0.45436524
4513.0 0.45463768
4514.0 0.45491012
4515.0 0.45518256
4516.0 0.455455
4517.0 0.45572744
4518.0 0.45599987999999997
4519.0 0.45627232
4520.0 0.45654476
4521.0 0.45681622
4522.0 0.45708866000000004
4523.0 0.45736012
4524.0 0.45763255999999997
4525.0 0.45790402
4526.0 0.45817547999999997
4527.0 0.45844694
4528.0 0.45871839999999997
4529.0 0.45898888
4530.0 0.45925936
4531.0 0.45952983999999997
4532.0 0.45980032
4533.0 0.46006982
4534.0 0.46033932
4535.0 0.46060882
4536.0 0.46087734
4537.0 0.46114586
4538.0 0.46141340000000003
4539.0 0.46168094
4540.0 0.46194848
4541.0 0.46221504
4542.0 0.4624816
4543.0 0.46274718000000004
4544.0 0.46301275999999997
4545.0 0.46327735999999997
4546.0 0.46354196
4547.0 0.46380558
4548.0 0.46406822
4549.0 0.46433085999999996
4550.0 0.46459252
4551.0 0.46485418
4552.0 0.46511486
4553.0 0.46537456
4554.0 0.46563328
4555.0 0.465892
4556.0 0.46614974
4557.0 0.46640748
4558.0 0.46666326
4559.0 0.46691903999999995
4560.0 0.46717285999999997
4561.0 0.46742765999999997
4562.0 0.4676805
4563.0 0.46793236
4564.0 0.46818324
4565.0 0.46843411999999995
4566.0 0.46868304
4567.0 0.46893196
4568.0 0.46917892
4569.0 0.46942587999999996
4570.0 0.46967186
4571.0 0.46991587999999995
4572.0 0.47015989999999996
4573.0 0.47040294
4574.0 0.47064402
4575.0 0.4708851
4576.0 0.47112519999999997
4577.0 0.47136432
4578.0 0.47160246
4579.0 0.47183864
4580.0 0.47207482
4581.0 0.47231002
4582.0 0.47254424
4583.0 0.47277748
4584.0 0.47300974
4585.0 0.47324102
4586.0 0.47347132
4587.0 0.47370064
4588.0 0.47392898
4589.0 0.47415634
4590.0 0.47438272
4591.0 0.47460811999999997
4592.0 0.47483253999999997
4593.0 0.47505696000000003
4594.0 0.47527942
4595.0 0.4755009
4596.0 0.47572139999999996
4597.0 0.47594092
4598.0 0.47616043999999996
4599.0 0.47637799999999997
4600.0 0.47659458
4601.0 0.47681018
4602.0 0.4770248
4603.0 0.47723941999999997
4604.0 0.47745208
4605.0 0.47766376
4606.0 0.47787544
4607.0 0.47808516
4608.0 0.47829488
4609.0 0.47850264
4610.0 0.47871040000000004
4611.0 0.4789162
4612.0 0.479122
4613.0 0.47932584
4614.0 0.47952967999999996
4615.0 0.47973254
4616.0 0.47993344
4617.0 0.48013434
4618.0 0.48033425999999996
4619.0 0.4805332
4620.0 0.48073116
4621.0 0.48092814
4622.0 0.48112414000000003
4623.0 0.48131916
4624.0 0.4815132
4625.0 0.48170724
4626.0 0.48189932
4627.0 0.48209042
4628.0 0.48228152
4629.0 0.48247164
4630.0 0.48265979999999997
4631.0 0.48284795999999996
4632.0 0.48303514000000003
4633.0 0.48322134
4634.0 0.48340656
4635.0 0.4835908
4636.0 0.48377406
4637.0 0.48395731999999997
4638.0 0.48413861999999996
4639.0 0.48431991999999996
4640.0 0.48450023999999997
4641.0 0.48467958
4642.0 0.48485794
4643.0 0.48503532
4644.0 0.48521172
4645.0 0.48538812
4646.0 0.48556256000000003
4647.0 0.485737
4648.0 0.48591046
4649.0 0.48608392
4650.0 0.48625542
4651.0 0.48642692
4652.0 0.48659646
4653.0 0.48676698
4654.0 0.48693554
4655.0 0.48710312
4656.0 0.4872707
4657.0 0.4874373
4658.0 0.48760292
4659.0 0.48776756
4660.0 0.4879322
4661.0 0.48809586
4662.0 0.48825854
4663.0 0.48842024
4664.0 0.48858194
4665.0 0.48874266
4666.0 0.48890239999999996
4667.0 0.48906214
4668.0 0.4892209
4669.0 0.48937867999999995
4670.0 0.48953548
4671.0 0.48969228000000004
4672.0 0.48984809999999995
4673.0 0.49000392
4674.0 0.49015875999999997
4675.0 0.49031262
4676.0 0.49046648000000004
4677.0 0.49061838
4678.0 0.49077126
4679.0 0.49092315999999997
4680.0 0.49107407999999997
4681.0 0.49122401999999993
4682.0 0.49137494000000004
4683.0 0.49152389999999996
4684.0 0.49167286
4685.0 0.49182084000000004
4686.0 0.49196882000000003
4687.0 0.4921168
4688.0 0.49226282
4689.0 0.49240982
4690.0 0.49255486000000004
4691.0 0.49270087999999995
4692.0 0.49284592
4693.0 0.49298998
4694.0 0.49313404000000005
4695.0 0.49327712
4696.0 0.4934202
4697.0 0.49356327999999994
4698.0 0.49370538
4699.0 0.49384747999999995
4700.0 0.4939886
4701.0 0.49412972000000005
4702.0 0.49427084
4703.0 0.49441097999999994
4704.0 0.49455111999999996
4705.0 0.49469125999999997
4706.0 0.49483041999999994
4707.0 0.49496958
4708.0 0.49510776
4709.0 0.49524692
4710.0 0.4953851
4711.0 0.4955222999999999
4712.0 0.49566048
4713.0 0.49579768
4714.0 0.49593487999999997
4715.0 0.49607207999999997
4716.0 0.4962083
4717.0 0.4963455
4718.0 0.49648172
4719.0 0.49661794
4720.0 0.49675317999999996
4721.0 0.4968894
4722.0 0.49702561999999995
4723.0 0.4971608599999999
4724.0 0.4972961
4725.0 0.49743134
4726.0 0.49756658
4727.0 0.49770181999999996
4728.0 0.49783706
4729.0 0.4979723
4730.0 0.49810753999999996
4731.0 0.49824277999999994
4732.0 0.49837704
4733.0 0.49851228
4734.0 0.49864752000000007
4735.0 0.49878178
4736.0 0.49891701999999993
4737.0 0.49905226
4738.0 0.4991875
4739.0 0.49932274
4740.0 0.49945797999999997
4741.0 0.49959322000000006
4742.0 0.49972846
4743.0 0.49986468
4744.0 0.49999992
4745.0 0.50013614
4746.0 0.5002713799999999
4747.0 0.50040858
4748.0 0.5005448
4749.0 0.50068102
4750.0 0.50081822
4751.0 0.50095444
4752.0 0.50109262
4753.0 0.5012298199999999
4754.0 0.501368
4755.0 0.50150618
4756.0 0.5016443599999999
4757.0 0.50178254
4758.0 0.5019217
4759.0 0.50206184
4760.0 0.5022009999999999
4761.0 0.50234114
4762.0 0.5024812799999999
4763.0 0.5026224
4764.0 0.50276352
4765.0 0.5029056199999999
4766.0 0.5030477200000001
4767.0 0.5031908
4768.0 0.50333388
4769.0 0.50347696
4770.0 0.50362102
4771.0 0.50376606
4772.0 0.5039111
4773.0 0.50405614
4774.0 0.50420314
4775.0 0.5043491600000001
4776.0 0.5044971399999999
4777.0 0.50464512
4778.0 0.5047931
4779.0 0.50494304
4780.0 0.505092
4781.0 0.5052429199999999
4782.0 0.5053938400000001
4783.0 0.50554574
4784.0 0.50569764
4785.0 0.5058515
4786.0 0.50600536
4787.0 0.5061602
4788.0 0.5063150399999999
4789.0 0.50647184
4790.0 0.50662864
4791.0 0.50678642
4792.0 0.5069442000000001
4793.0 0.50710296
4794.0 0.5072627000000001
4795.0 0.50742342
4796.0 0.5075841400000001
4797.0 0.50774584
4798.0 0.50790852
4799.0 0.5080712000000001
4800.0 0.5082348600000001
4801.0 0.5083995
4802.0 0.50856414
4803.0 0.50872976
4804.0 0.50889538
4805.0 0.50906198
4806.0 0.50922956
4807.0 0.50939812
4808.0 0.50956668
4809.0 0.50973524
4810.0 0.50990576
4811.0 0.51007628
4812.0 0.5102468
4813.0 0.5104183
4814.0 0.5105898
4815.0 0.5107632599999999
4816.0 0.51093574
4817.0 0.5111092
4818.0 0.51128364
4819.0 0.5114590600000001
4820.0 0.5116335
4821.0 0.5118099
4822.0 0.5119863
4823.0 0.5121627000000001
4824.0 0.51234008
4825.0 0.51251746
4826.0 0.51269582
4827.0 0.51287516
4828.0 0.5130535199999999
4829.0 0.5132338399999999
4830.0 0.51341318
4831.0 0.51359448
4832.0 0.5137748
4833.0 0.5139561
4834.0 0.5141383799999999
4835.0 0.51432066
4836.0 0.51450294
4837.0 0.5146862
4838.0 0.51486946
4839.0 0.51505272
4840.0 0.51523696
4841.0 0.5154211999999999
4842.0 0.5156054400000001
4843.0 0.5157906600000001
4844.0 0.51597686
4845.0 0.5161620800000001
4846.0 0.51634828
4847.0 0.51653448
4848.0 0.5167216600000001
4849.0 0.51690786
4850.0 0.51709602
4851.0 0.5172831999999999
4852.0 0.5174713599999999
4853.0 0.51765854
4854.0 0.5178467
4855.0 0.51803486
4856.0 0.518224
4857.0 0.51841314
4858.0 0.5186022800000001
4859.0 0.51879142
4860.0 0.51898056
4861.0 0.51917068
4862.0 0.5193598199999999
4863.0 0.51954994
4864.0 0.51974006
4865.0 0.51993018
4866.0 0.5201203
4867.0 0.5203104199999999
4868.0 0.52050152
4869.0 0.5206916399999999
4870.0 0.52088274
4871.0 0.5210728600000001
4872.0 0.52126396
4873.0 0.5214550600000001
4874.0 0.52164616
4875.0 0.52183628
4876.0 0.5220273799999999
4877.0 0.52221848
4878.0 0.5224095799999999
4879.0 0.52260068
4880.0 0.5227908
4881.0 0.5229819
4882.0 0.523173
4883.0 0.52336312
4884.0 0.52355324
4885.0 0.52374434
4886.0 0.52393446
4887.0 0.52412458
4888.0 0.5243147
4889.0 0.52450482
4890.0 0.5246949399999999
4891.0 0.52488408
4892.0 0.5250741999999999
4893.0 0.52526334
4894.0 0.52545248
4895.0 0.52564064
4896.0 0.5258297799999999
4897.0 0.52601794
4898.0 0.5262061
4899.0 0.52639426
4900.0 0.5265814400000001
4901.0 0.5267686199999999
4902.0 0.5269558
4903.0 0.5271429799999999
4904.0 0.52732918
4905.0 0.5275143999999999
4906.0 0.5277006
4907.0 0.52788582
4908.0 0.52807006
4909.0 0.52825528
4910.0 0.52843952
4911.0 0.52862278
4912.0 0.52880604
4913.0 0.5289883200000001
4914.0 0.5291705999999999
4915.0 0.5293528799999999
4916.0 0.52953418
4917.0 0.5297145
4918.0 0.52989482
4919.0 0.5300741600000001
4920.0 0.5302534999999999
4921.0 0.53043186
4922.0 0.53061022
4923.0 0.5307876
4924.0 0.530964
4925.0 0.5311404
4926.0 0.5313158199999999
4927.0 0.53149026
4928.0 0.5316647
4929.0 0.53183816
4930.0 0.53201162
4931.0 0.53218312
4932.0 0.53235462
4933.0 0.53252514
4934.0 0.53269468
4935.0 0.53286422
4936.0 0.53303278
4937.0 0.53319938
4938.0 0.53336598
4939.0 0.5335316
4940.0 0.53369722
4941.0 0.53386088
4942.0 0.53402356
4943.0 0.53418624
4944.0 0.53434794
4945.0 0.53450768
4946.0 0.53466742
4947.0 0.53482618
4948.0 0.53498396
4949.0 0.53513978
4950.0 0.5352956
4951.0 0.53545044
4952.0 0.53560332
4953.0 0.5357562
4954.0 0.53590712
4955.0 0.53605706
4956.0 0.536207
4957.0 0.53635498
4958.0 0.536501
4959.0 0.53664702
4960.0 0.53679108
4961.0 0.53693514
4962.0 0.53707724
4963.0 0.53721738
4964.0 0.53735752
4965.0 0.5374957
4966.0 0.5376329
4967.0 0.53776912
4968.0 0.5379033799999999
4969.0 0.5380366599999999
4970.0 0.53816798
4971.0 0.5382993
4972.0 0.53842866
4973.0 0.53855606
4974.0 0.5386824800000001
4975.0 0.5388069400000001
4976.0 0.53893042
4977.0 0.53905292
4978.0 0.53917346
4979.0 0.53929302
4980.0 0.5394096399999999
4981.0 0.53952626
4982.0 0.53964092
4983.0 0.5397536199999999
4984.0 0.53986534
4985.0 0.5399751
4986.0 0.5400828999999999
4987.0 0.54018972
4988.0 0.54029458
4989.0 0.54039846
4990.0 0.5404994
4991.0 0.54059936
4992.0 0.54069736
4993.0 0.5407943799999999
4994.0 0.5408894399999999
4995.0 0.54098254
4996.0 0.54107368
4997.0 0.54116286
4998.0 0.54125106
4999.0 0.54133632
5000.0 0.5414206
5001.0 0.54150292
5002.0 0.54158328
5003.0 0.5416616799999999
5004.0 0.54173812
5005.0 0.54181358
5006.0 0.5418861
5007.0 0.54195764
5008.0 0.54202722
5009.0 0.5420948400000001
5010.0 0.5421604999999999
5011.0 0.5422241999999999
5012.0 0.54228692
5013.0 0.5423467
5014.0 0.5424055
5015.0 0.54246234
5016.0 0.54251722
5017.0 0.54257112
5018.0 0.5426230599999999
5019.0 0.54267206
5020.0 0.54272106
5021.0 0.54276712
5022.0 0.5428122
5023.0 0.54285532
5024.0 0.54289648
5025.0 0.5429356799999999
5026.0 0.5429739
5027.0 0.54301016
5028.0 0.54304544
5029.0 0.54307778
5030.0 0.54310914
5031.0 0.54313952
5032.0 0.54316696
5033.0 0.5431934199999999
5034.0 0.5432189000000001
5035.0 0.5432414400000001
5036.0 0.543263
5037.0 0.54328358
5038.0 0.54330122
5039.0 0.5433178799999999
5040.0 0.54333356
5041.0 0.54334728
5042.0 0.54335904
5043.0 0.54336982
5044.0 0.54337962
5045.0 0.54338648
5046.0 0.54339334
5047.0 0.54339726
5048.0 0.5434002
5049.0 0.54340216
5050.0 0.54340216
5051.0 0.5434011799999999
5052.0 0.5433982399999999
5053.0 0.54339334
5054.0 0.54338844
5055.0 0.54338158
5056.0 0.54337276
5057.0 0.54336296
5058.0 0.5433512
5059.0 0.54333846
5060.0 0.54332376
5061.0 0.54330906
5062.0 0.54329142
5063.0 0.5432737799999999
5064.0 0.5432541799999999
5065.0 0.5432336
5066.0 0.5432110600000001
5067.0 0.54318754
5068.0 0.5431630399999999
5069.0 0.54313658
5070.0 0.54310914
5071.0 0.54308072
5072.0 0.54305132
5073.0 0.54301996
5074.0 0.54298762
5075.0 0.5429543
5076.0 0.54291902
5077.0 0.54288374
5078.0 0.5428465
5079.0 0.54280828
5080.0 0.5427681
5081.0 0.5427279199999999
5082.0 0.5426867599999999
5083.0 0.54264364
5084.0 0.54259954
5085.0 0.54255446
5086.0 0.5425084
5087.0 0.54246038
5088.0 0.54241236
5089.0 0.5423633600000001
5090.0 0.5423124
5091.0 0.54226046
5092.0 0.5422085200000001
5093.0 0.54215462
5094.0 0.5420997399999999
5095.0 0.54204486
5096.0 0.54198802
5097.0 0.5419301999999999
5098.0 0.5418723799999999
5099.0 0.5418126
5100.0 0.54175282
5101.0 0.54169108
5102.0 0.5416293400000001
5103.0 0.5415656400000001
5104.0 0.54150194
5105.0 0.5414372599999999
5106.0 0.5413716000000001
5107.0 0.54130496
5108.0 0.5412383199999999
5109.0 0.54116972
5110.0 0.54110112
5111.0 0.54103056
5112.0 0.54096
5113.0 0.5408894399999999
5114.0 0.5408169199999999
5115.0 0.5407444
5116.0 0.5406709
5117.0 0.5405964200000001
5118.0 0.54052096
5119.0 0.5404455
5120.0 0.5403690600000001
5121.0 0.54029164
5122.0 0.5402142200000001
5123.0 0.5401358199999999
5124.0 0.54005644
5125.0 0.5399770599999999
5126.0 0.5398967
5127.0 0.53981634
5128.0 0.539735
5129.0 0.53965268
5130.0 0.53957036
5131.0 0.53948706
5132.0 0.53940278
5133.0 0.53931948
5134.0 0.53923422
5135.0 0.53914896
5136.0 0.53906272
5137.0 0.53897746
5138.0 0.5388902400000001
5139.0 0.53880302
5140.0 0.5387158
5141.0 0.5386276
5142.0 0.5385394
5143.0 0.53845022
5144.0 0.53836104
5145.0 0.5382718599999999
5146.0 0.5381817
5147.0 0.53809154
5148.0 0.5380013800000001
5149.0 0.53791024
5150.0 0.5378191
5151.0 0.53772698
5152.0 0.53763584
5153.0 0.53754274
5154.0 0.53745062
5155.0 0.5373585
5156.0 0.5372654
5157.0 0.5371723
5158.0 0.5370792
5159.0 0.53698512
5160.0 0.53689104
5161.0 0.53679794
5162.0 0.5367038599999999
5163.0 0.5366097799999999
5164.0 0.5365147199999999
5165.0 0.53642064
5166.0 0.53632558
5167.0 0.53623052
5168.0 0.5361364399999999
5169.0 0.53604138
5170.0 0.53594632
5171.0 0.53585126
5172.0 0.5357562
5173.0 0.53566114
5174.0 0.5355650999999999
5175.0 0.5354700400000001
5176.0 0.5353749800000001
5177.0 0.53527992
5178.0 0.53518486
5179.0 0.5350898
5180.0 0.53499474
5181.0 0.53489968
5182.0 0.53480462
5183.0 0.53470956
5184.0 0.5346145
5185.0 0.53452042
5186.0 0.5344253600000001
5187.0 0.5343312800000001
5188.0 0.53423622
5189.0 0.53414214
5190.0 0.5340480599999999
5191.0 0.53395496
5192.0 0.53386088
5193.0 0.5337677799999999
5194.0 0.5336736999999999
5195.0 0.5335806
5196.0 0.5334884799999999
5197.0 0.53339538
5198.0 0.53330326
5199.0 0.53321114
5200.0 0.53311902
5201.0 0.53302788
5202.0 0.53293576
5203.0 0.5328455999999999
5204.0 0.5327544599999999
5205.0 0.5326643
5206.0 0.53257414
5207.0 0.5324849599999999
5208.0 0.5323948
5209.0 0.5323066000000001
5210.0 0.5322174199999999
5211.0 0.5321292200000001
5212.0 0.53204102
5213.0 0.5319538
5214.0 0.53186756
5215.0 0.5317803400000001
5216.0 0.5316941000000001
5217.0 0.53160884
5218.0 0.53152358
5219.0 0.53143832
5220.0 0.53135404
5221.0 0.53127074
5222.0 0.53118744
5223.0 0.53110414
5224.0 0.53102182
5225.0 0.53094048
5226.0 0.53085914
5227.0 0.5307778000000001
5228.0 0.53069744
5229.0 0.53061806
5230.0 0.53053868
5231.0 0.53046028
5232.0 0.53038286
5233.0 0.53030544
5234.0 0.5302290000000001
5235.0 0.53015256
5236.0 0.5300771
5237.0 0.5300026200000001
5238.0 0.52992814
5239.0 0.52985464
5240.0 0.52978212
5241.0 0.5297096
5242.0 0.52963806
5243.0 0.5295675000000001
5244.0 0.5294969399999999
5245.0 0.52942736
5246.0 0.52935974
5247.0 0.52929114
5248.0 0.52922352
5249.0 0.5291568799999999
5250.0 0.52909122
5251.0 0.52902654
5252.0 0.52896186
5253.0 0.5288991399999999
5254.0 0.52883642
5255.0 0.5287736999999999
5256.0 0.5287129399999999
5257.0 0.5286521799999999
5258.0 0.52859338
5259.0 0.5285345800000001
5260.0 0.52847676
5261.0 0.52841894
5262.0 0.52836308
5263.0 0.5283081999999999
5264.0 0.52825332
5265.0 0.52819942
5266.0 0.5281465
5267.0 0.52809554
5268.0 0.52804458
5269.0 0.52799362
5270.0 0.52794462
5271.0 0.5278956199999999
5272.0 0.5278476
5273.0 0.52780154
5274.0 0.5277554799999999
5275.0 0.52770942
5276.0 0.52766532
5277.0 0.52762122
5278.0 0.52757908
5279.0 0.52753694
5280.0 0.52749578
5281.0 0.52745462
5282.0 0.52741542
5283.0 0.5273762200000001
5284.0 0.527338
5285.0 0.52730076
5286.0 0.5272644999999999
5287.0 0.52722824
5288.0 0.5271929599999999
5289.0 0.52715866
5290.0 0.52712534
5291.0 0.527093
5292.0 0.52706066
5293.0 0.5270292999999999
5294.0 0.52699794
5295.0 0.5269685399999999
5296.0 0.52693914
5297.0 0.52691072
5298.0 0.5268822999999999
5299.0 0.52685584
5300.0 0.52682938
5301.0 0.52680292
5302.0 0.52677842
5303.0 0.52675392
5304.0 0.5267303999999999
5305.0 0.52670688
5306.0 0.5266843400000001
5307.0 0.52666278
5308.0 0.5266422000000001
5309.0 0.52662162
5310.0 0.52660202
5311.0 0.5265824199999999
5312.0 0.5265637999999999
5313.0 0.52654616
5314.0 0.52652852
5315.0 0.5265118599999999
5316.0 0.52649618
5317.0 0.5264804999999999
5318.0 0.5264658
5319.0 0.5264511
5320.0 0.52643738
5321.0 0.52642366
5322.0 0.52641092
5323.0 0.52639916
5324.0 0.5263874
5325.0 0.52637662
5326.0 0.52636584
5327.0 0.52635702
5328.0 0.52634722
5329.0 0.5263384
5330.0 0.52632958
5331.0 0.52632174
5332.0 0.5263148799999999
5333.0 0.52630802
5334.0 0.52630116
5335.0 0.5262952799999999
5336.0 0.5262903800000001
5337.0 0.52628548
5338.0 0.52628156
5339.0 0.52627666
5340.0 0.52627372
5341.0 0.52627078
5342.0 0.52626784
5343.0 0.52626588
5344.0 0.52626392
5345.0 0.5262619599999999
5346.0 0.5262619599999999
5347.0 0.52626098
5348.0 0.52626098
5349.0 0.52626098
5350.0 0.5262619599999999
5351.0 0.52626294
5352.0 0.52626392
5353.0 0.52626588
5354.0 0.52626784
5355.0 0.52627078
5356.0 0.5262727399999999
5357.0 0.52627666
5358.0 0.5262796000000001
5359.0 0.5262835199999999
5360.0 0.5262874399999999
5361.0 0.52629234
5362.0 0.52629724
5363.0 0.5263021400000001
5364.0 0.52630704
5365.0 0.5263129200000001
5366.0 0.5263188
5367.0 0.52632468
5368.0 0.52633154
5369.0 0.5263384
5370.0 0.5263452599999999
5371.0 0.52635212
5372.0 0.52635996
5373.0 0.5263668199999999
5374.0 0.52637466
5375.0 0.52638348
5376.0 0.52639132
5377.0 0.52640014
5378.0 0.5264089599999999
5379.0 0.52641778
5380.0 0.5264266000000001
5381.0 0.5264364
5382.0 0.52644522
5383.0 0.52645502
5384.0 0.5264648200000001
5385.0 0.52647462
5386.0 0.52648442
5387.0 0.5264952
5388.0 0.52650598
5389.0 0.52651578
5390.0 0.52652656
5391.0 0.52653734
5392.0 0.5265481200000001
5393.0 0.5265589
5394.0 0.52656968
5395.0 0.52658046
5396.0 0.52659222
5397.0 0.5266029999999999
5398.0 0.52661476
5399.0 0.52662554
5400.0 0.5266373
5401.0 0.52664906
5402.0 0.52665984
5403.0 0.5266716
5404.0 0.52668336
5405.0 0.5266951200000001
5406.0 0.52670688
5407.0 0.5267186399999999
5408.0 0.52672942
5409.0 0.52674118
5410.0 0.52675294
5411.0 0.5267647
5412.0 0.52677646
5413.0 0.52678724
5414.0 0.526799
5415.0 0.5268107599999999
5416.0 0.52682252
5417.0 0.5268333
5418.0 0.52684506
5419.0 0.52685584
5420.0 0.5268676
5421.0 0.52687838
5422.0 0.52688916
5423.0 0.52690092
5424.0 0.5269117
5425.0 0.5269215
5426.0 0.52693228
5427.0 0.52694306
5428.0 0.52695384
5429.0 0.5269636400000001
5430.0 0.52697344
5431.0 0.52698422
5432.0 0.5269940200000001
5433.0 0.52700382
5434.0 0.5270136200000001
5435.0 0.52702244
5436.0 0.52703224
5437.0 0.52704106
5438.0 0.52704988
5439.0 0.5270587
5440.0 0.52706752
5441.0 0.52707634
5442.0 0.52708418
5443.0 0.527093
5444.0 0.52709986
5445.0 0.5271077000000001
5446.0 0.52711554
5447.0 0.5271224
5448.0 0.52712926
5449.0 0.52713612
5450.0 0.5271429799999999
5451.0 0.52714886
5452.0 0.52715474
5453.0 0.5271606200000001
5454.0 0.5271665
5455.0 0.5271714
5456.0 0.52717728
5457.0 0.5271812
5458.0 0.5271861
5459.0 0.52719002
5460.0 0.52719394
5461.0 0.52719786
5462.0 0.5272008
5463.0 0.52720472
5464.0 0.52720668
5465.0 0.52720962
5466.0 0.52721158
5467.0 0.52721354
5468.0 0.5272155
5469.0 0.52721648
5470.0 0.52721746
5471.0 0.52721844
5472.0 0.52721844
5473.0 0.52721844
5474.0 0.52721844
5475.0 0.52721746
5476.0 0.52721648
5477.0 0.5272145199999999
5478.0 0.52721354
5479.0 0.52721158
5480.0 0.52720864
5481.0 0.5272057
5482.0 0.52720276
5483.0 0.5271988400000001
5484.0 0.52719492
5485.0 0.5271910000000001
5486.0 0.5271861
5487.0 0.5271812
5488.0 0.52717532
5489.0 0.52717042
5490.0 0.52716454
5491.0 0.52715768
5492.0 0.5271498400000001
5493.0 0.5271429799999999
5494.0 0.52713514
5495.0 0.5271273
5496.0 0.5271184800000001
5497.0 0.5271096599999999
5498.0 0.52709986
5499.0 0.5270900599999999
5500.0 0.52708026
5501.0 0.52706948
5502.0 0.52705772
5503.0 0.5270469400000001
5504.0 0.5270342
5505.0 0.52702244
5506.0 0.5270097
5507.0 0.5269959799999999
5508.0 0.52698226
5509.0 0.5269685399999999
5510.0 0.52695384
5511.0 0.5269381599999999
5512.0 0.5269234599999999
5513.0 0.5269077799999999
5514.0 0.52689112
5515.0 0.52687348
5516.0 0.52685682
5517.0 0.5268391800000001
5518.0 0.52682056
5519.0 0.5268019399999999
5520.0 0.5267833199999999
5521.0 0.52676372
5522.0 0.52674314
5523.0 0.52672256
5524.0 0.52670198
5525.0 0.52668042
5526.0 0.52665886
5527.0 0.5266363199999999
5528.0 0.5266128
5529.0 0.52659026
5530.0 0.52656576
5531.0 0.5265422399999999
5532.0 0.52651676
5533.0 0.52649128
5534.0 0.5264658
5535.0 0.5264393399999999
5536.0 0.52641288
5537.0 0.5263854400000001
5538.0 0.526358
5539.0 0.52632958
5540.0 0.52630116
5541.0 0.5262717600000001
5542.0 0.5262423599999999
5543.0 0.5262119799999999
5544.0 0.5261815999999999
5545.0 0.52615024
5546.0 0.52611888
5547.0 0.52608654
5548.0 0.5260542
5549.0 0.52602088
5550.0 0.52598756
5551.0 0.52595326
5552.0 0.52591896
5553.0 0.52588368
5554.0 0.5258483999999999
5555.0 0.5258111599999999
5556.0 0.5257749
5557.0 0.52573766
5558.0 0.5257004200000001
5559.0 0.5256622
5560.0 0.52562398
5561.0 0.52558478
5562.0 0.5255455800000001
5563.0 0.5255054
5564.0 0.52546424
5565.0 0.5254240600000001
5566.0 0.5253829000000001
5567.0 0.5253407600000001
5568.0 0.52529862
5569.0 0.5252555
5570.0 0.52521238
5571.0 0.5251682799999999
5572.0 0.52512418
5573.0 0.5250800800000001
5574.0 0.5250349999999999
5575.0 0.52498992
5576.0 0.52494288
5577.0 0.52489682
5578.0 0.52485076
5579.0 0.5248037200000001
5580.0 0.5247556999999999
5581.0 0.52470768
5582.0 0.52465966
5583.0 0.52461066
5584.0 0.52456166
5585.0 0.5245126600000001
5586.0 0.5244626800000001
5587.0 0.5244117199999999
5588.0 0.5243617399999999
5589.0 0.52431078
5590.0 0.5242598199999999
5591.0 0.52420788
5592.0 0.52415594
5593.0 0.52410302
5594.0 0.5240501
5595.0 0.5239971800000001
5596.0 0.52394328
5597.0 0.52389036
5598.0 0.52383646
5599.0 0.52378158
5600.0 0.5237267
5601.0 0.52367182
5602.0 0.5236169399999999
5603.0 0.52356108
5604.0 0.52350522
5605.0 0.5234493600000001
5606.0 0.52339252
5607.0 0.5233356800000001
5608.0 0.52327884
5609.0 0.52322102
5610.0 0.52316418
5611.0 0.52310636
5612.0 0.52304756
5613.0 0.52298974
5614.0 0.5229309400000001
5615.0 0.5228721399999999
5616.0 0.52281334
5617.0 0.52275356
5618.0 0.52269378
5619.0 0.52263498
5620.0 0.5225752
5621.0 0.52251444
5622.0 0.52245466
5623.0 0.5223939
5624.0 0.5223331400000001
5625.0 0.52227238
5626.0 0.52221162
5627.0 0.52214988
5628.0 0.52208912
5629.0 0.5220273799999999
5630.0 0.52196564
5631.0 0.5219039
5632.0 0.5218421599999999
5633.0 0.52177944
5634.0 0.5217177
5635.0 0.52165498
5636.0 0.52159324
5637.0 0.52153052
5638.0 0.5214677999999999
5639.0 0.52140508
5640.0 0.5213423599999999
5641.0 0.52127964
5642.0 0.52121594
5643.0 0.52115322
5644.0 0.5210905
5645.0 0.5210268
5646.0 0.5209631
5647.0 0.5208993999999999
5648.0 0.5208366799999999
5649.0 0.52077298
5650.0 0.52070928
5651.0 0.52064656
5652.0 0.52058286
5653.0 0.52051916
5654.0 0.52045546
5655.0 0.52039176
5656.0 0.52032904
5657.0 0.52026534
5658.0 0.52020164
5659.0 0.52013794
5660.0 0.52007522
5661.0 0.52001152
5662.0 0.51994782
5663.0 0.5198851
5664.0 0.5198214
5665.0 0.51975868
5666.0 0.5196959600000001
5667.0 0.51963226
5668.0 0.51956954
5669.0 0.51950682
5670.0 0.5194441
5671.0 0.51938138
5672.0 0.5193186599999999
5673.0 0.51925692
5674.0 0.5191941999999999
5675.0 0.5191324599999999
5676.0 0.51906974
5677.0 0.5190079999999999
5678.0 0.51894626
5679.0 0.51888452
5680.0 0.5188227799999999
5681.0 0.5187620199999999
5682.0 0.5187012599999999
5683.0 0.51863952
5684.0 0.5185797400000001
5685.0 0.5185189800000001
5686.0 0.5184582200000001
5687.0 0.5183984399999999
5688.0 0.51833866
5689.0 0.51827888
5690.0 0.5182191
5691.0 0.5181602999999999
5692.0 0.51810052
5693.0 0.5180427
5694.0 0.5179838999999999
5695.0 0.5179251
5696.0 0.51786728
5697.0 0.5178094599999999
5698.0 0.51775262
5699.0 0.5176947999999999
5700.0 0.51763796
5701.0 0.5175820999999999
5702.0 0.51752526
5703.0 0.5174694
5704.0 0.51741452
5705.0 0.51735866
5706.0 0.51730378
5707.0 0.5172489
5708.0 0.5171950000000001
5709.0 0.5171411
5710.0 0.51708818
5711.0 0.51703428
5712.0 0.51698234
5713.0 0.51692942
5714.0 0.5168774799999999
5715.0 0.5168255399999999
5716.0 0.51677458
5717.0 0.5167236199999999
5718.0 0.5166736399999999
5719.0 0.51662366
5720.0 0.51657368
5721.0 0.5165246800000001
5722.0 0.5164766599999999
5723.0 0.51642766
5724.0 0.5163806200000001
5725.0 0.51633358
5726.0 0.5162865400000001
5727.0 0.51624048
5728.0 0.51619442
5729.0 0.51614836
5730.0 0.51610426
5731.0 0.5160591800000001
5732.0 0.51601606
5733.0 0.51597196
5734.0 0.51592982
5735.0 0.51588768
5736.0 0.5158455399999999
5737.0 0.51580438
5738.0 0.51576322
5739.0 0.51572402
5740.0 0.51568384
5741.0 0.51564464
5742.0 0.5156064199999999
5743.0 0.51556918
5744.0 0.51553194
5745.0 0.5154947
5746.0 0.51545942
5747.0 0.51542316
5748.0 0.51538886
5749.0 0.51535456
5750.0 0.51532124
5751.0 0.5152888999999999
5752.0 0.51525656
5753.0 0.5152242199999999
5754.0 0.5151938399999999
5755.0 0.5151634599999999
5756.0 0.51513406
5757.0 0.51510466
5758.0 0.51507722
5759.0 0.5150488
5760.0 0.51502234
5761.0 0.5149958800000001
5762.0 0.5149703999999999
5763.0 0.5149459
5764.0 0.51492238
5765.0 0.51489886
5766.0 0.5148763167078605
5767.0 0.5148547503772262
5768.0 0.514833188675319
5769.0 0.5148126601956691
5770.0 0.5147931117120745
5771.0 0.5147744291221611
5772.0 0.5147566623561597
5773.0 0.5147376442623438
5774.0 0.514714601073541
5775.0 0.5146935182437175
5776.0 0.5146986541717743
5777.0 0.5147148148121845
5778.0 0.5147041070616929
5779.0 0.5146355603868513
5780.0 0.5145670163071598
5781.0 0.5134274458102375
5782.0 0.5121287159958086
5783.0 0.5110665963547821
5784.0 0.5103331339010011
5785.0 0.5095996935586514
5786.0 0.5096118986010594
5787.0 0.5096412411343411
5788.0 0.5096592784814084
5789.0 0.5096704537718197
5790.0 0.5096808051086202
5791.0 0.5096739835455663
5792.0 0.5096671620196896
5793.0 0.509671243811792
5794.0 0.5096801512755523
5795.0 0.5096906311828048
5796.0 0.5096997230910287
5797.0 0.5097097857908309
5798.0 0.5097058484144411
5799.0 0.5096984097537897
5800.0 0.5096978518354015
5801.0 0.5097108240026514
5802.0 0.5097247670447765
5803.0 0.5097384204958447
5804.0 0.5097528729545611
5805.0 0.5097632079076212
5806.0 0.5097680372495926
5807.0 0.5097738369818592
5808.0 0.5097895641847756
5809.0 0.5098073332528973
5810.0 0.5098290745599634
5811.0 0.5098542427007047
5812.0 0.5098794882721889
5813.0 0.5098975017535985
5814.0 0.509917456790319
5815.0 0.5099312961218712
5816.0 0.509942454886788
5817.0 0.5099568495662531
5818.0 0.5099792781185556
5819.0 0.5100036481049451
5820.0 0.5100406571142264
5821.0 0.5100806846568159
5822.0 0.5101169327854772
5823.0 0.5101449284329338
5824.0 0.5101738948391558
5825.0 0.5102115444685372
5826.0 0.5102511190781582
5827.0 0.5102869949114607
5828.0 0.5103159755543323
5829.0 0.510346862870888
5830.0 0.5103743439020475
5831.0 0.5104037654471194
5832.0 0.5104378570175043
5833.0 0.5104758264224586
5834.0 0.5105152604673704
5835.0 0.5105592882651024
5836.0 0.5106042873540436
5837.0 0.5106511862517268
5838.0 0.5106994936146919
5839.0 0.5107459718930493
5840.0 0.5107798229738187
5841.0 0.5108156134403412
5842.0 0.5108498037606849
5843.0 0.5108842791665087
5844.0 0.5109246953389314
5845.0 0.5109753167116343
5846.0 0.5110269085851104
5847.0 0.511088841208259
5848.0 0.5111516062596665
5849.0 0.5112138676897462
5850.0 0.5112732577443835
5851.0 0.5113345010125546
5852.0 0.511392358741219
5853.0 0.5114511868706235
5854.0 0.511508778306151
5855.0 0.5115667118596443
5856.0 0.5116266702155563
5857.0 0.5116936914045123
5858.0 0.5117626547369095
5859.0 0.5118276329737835
5860.0 0.5118913542229293
5861.0 0.5119562033041318
5862.0 0.512018613448559
5863.0 0.5120829628552248
5864.0 0.5121494715896658
5865.0 0.5122184605299391
5866.0 0.5122890242461425
5867.0 0.512361634016123
5868.0 0.512436184096578
5869.0 0.5125269969343974
5870.0 0.5126211695411474
5871.0 0.5127024187431991
5872.0 0.5127716023154598
5873.0 0.5128418564892774
5874.0 0.5129164375529021
5875.0 0.5129929568994083
5876.0 0.5130750764126105
5877.0 0.5131630303442253
5878.0 0.5132501057042902
5879.0 0.51333414153601
5880.0 0.5134191461016784
5881.0 0.5135122832419219
5882.0 0.5136080754728736
5883.0 0.5137030993675786
5884.0 0.5137951112873875
5885.0 0.5138871220577823
5886.0 0.5139655461852457
5887.0 0.514041524839096
5888.0 0.5141309521153101
5889.0 0.5142426112346135
5890.0 0.5143562159282854
5891.0 0.5144610604721737
5892.0 0.5145671873803739
5893.0 0.5146727248668707
5894.0 0.5147766377378156
5895.0 0.5148828782447252
5896.0 0.5149974428915235
5897.0 0.515112980945642
5898.0 0.5152170483967831
5899.0 0.515314756684017
5900.0 0.5154132782227901
5901.0 0.5155170666830258
5902.0 0.5156227922103217
5903.0 0.5157228940457239
5904.0 0.5158227443114592
5905.0 0.515927059721601
5906.0 0.5160418108043181
5907.0 0.5161575305755904
5908.0 0.5162711513552282
5909.0 0.5163851108775301
5910.0 0.5165030007632465
5911.0 0.516626495204859
5912.0 0.5167509600945367
5913.0 0.5168751730634694
5914.0 0.5170002778441302
5915.0 0.5171211073438561
5916.0 0.5172357163033705
5917.0 0.5173515286722411
5918.0 0.5174730331307786
5919.0 0.5175945327902163
5920.0 0.5177189078693031
5921.0 0.5178463904276136
5922.0 0.5179721647840979
5923.0 0.5180905790703086
5924.0 0.5182099549145044
5925.0 0.5183444525371658
5926.0 0.5184838283014017
5927.0 0.5186224370049499
5928.0 0.5187577594160909
5929.0 0.5188940495682658
5930.0 0.5190215274297443
5931.0 0.5191481042387681
5932.0 0.5192780415816589
5933.0 0.5194115713728198
5934.0 0.519547035573025
5935.0 0.5196937306544264
5936.0 0.5198428346909714
5937.0 0.5199900167634015
5938.0 0.5201363206439799
5939.0 0.5202833859028504
5940.0 0.520428663606591
5941.0 0.5205749083371414
5942.0 0.5207259975410847
5943.0 0.5208818742591876
5944.0 0.5210356202335833
5945.0 0.5211812434892227
5946.0 0.521327831583473
5947.0 0.521462274845362
5948.0 0.5215920976389612
5949.0 0.5217285854446126
5950.0 0.5218793602612904
5951.0 0.522031100427698
5952.0 0.5221949164594132
5953.0 0.522360544071472
5954.0 0.522520297037466
5955.0 0.5226711616999303
5956.0 0.522822019489804
5957.0 0.522978057884582
5958.0 0.5231332221271431
5959.0 0.5232872856799068
5960.0 0.5234386499318509
5961.0 0.5235912276628852
5962.0 0.5237466996500246
5963.0 0.5239031347025863
5964.0 0.5240609042289389
5965.0 0.5242198459618191
5966.0 0.524379833687869
5967.0 0.5245449958280641
5968.0 0.5247101550502435
5969.0 0.5248782022436329
5970.0 0.5250468546928093
5971.0 0.5252127376045085
5972.0 0.5253712639876311
5973.0 0.5255297811415383
5974.0 0.5256996838544357
5975.0 0.5258711424932565
5976.0 0.5260400972513158
5977.0 0.5262067000495204
5978.0 0.526374267031926
5979.0 0.5265306663906767
5980.0 0.5266877945153993
5981.0 0.5268493172524719
5982.0 0.527014585841654
5983.0 0.5271819039966753
5984.0 0.5273590083854485
5985.0 0.5275370818740076
5986.0 0.5277088182588772
5987.0 0.5278781060890004
5988.0 0.5280452303914607
5989.0 0.5282098168323096
5990.0 0.5283734233868509
5991.0 0.5285465492888757
5992.0 0.5287222283300945
5993.0 0.5288893949126728
5994.0 0.5290363320114713
5995.0 0.5291842154115944
5996.0 0.5293152076009362
5997.0 0.5294437313638345
5998.0 0.5296068483157639
5999.0 0.5298162448194789
6000.0 0.5300266289514001
6001.0 0.530244682096024
6002.0 0.5304637289221392
6003.0 0.5306497779743229
6004.0 0.5308088012376578
6005.0 0.5309690089551179
6006.0 0.5311398910941822
6007.0 0.5313097951887121
6008.0 0.5314866918543307
6009.0 0.5316655870951794
6010.0 0.5318460258025267
6011.0 0.5320231356625212
6012.0 0.5322012102226953
6013.0 0.532371957222271
6014.0 0.5325393858579565
6015.0 0.5327077712783571
6016.0 0.5328780261346474
6017.0 0.5330482714528065
6018.0 0.5332269915451756
6019.0 0.5334076196633162
6020.0 0.5335842518694505
6021.0 0.5337571814475858
6022.0 0.5339301052468981
6023.0 0.5341032083246388
6024.0 0.534276303866019
6025.0 0.5344482400236779
6026.0 0.5346192986150569
6027.0 0.5347900295458801
6028.0 0.5349574446640842
6029.0 0.5351258175436104
6030.0 0.5353014807741275
6031.0 0.5354810318390907
6032.0 0.5356602636628413
6033.0 0.5358384891593584
6034.0 0.5360167113708566
6035.0 0.5361924909246679
6036.0 0.5363688434565528
6037.0 0.5365462727016527
6038.0 0.5367265382078082
6039.0 0.5369077715409518
6040.0 0.5370840756049494
6041.0 0.537259984630264
6042.0 0.537433797927596
6043.0 0.5376042778642612
6044.0 0.5377747220047246
6045.0 0.5379437214599329
6046.0 0.5381127134776766
6047.0 0.5382798587177465
6048.0 0.5384463649856981
6049.0 0.5386128031746052
6050.0 0.5387778980012247
6051.0 0.5389420160319676
6052.0 0.5391011194039553
6053.0 0.5392565571525403
6054.0 0.5394164825265236
6055.0 0.5395889386730052
6056.0 0.5397613923833876
6057.0 0.5399275007743326
6058.0 0.5400923420788322
6059.0 0.5402595525836303
6060.0 0.5404300151562086
6061.0 0.5405995073116703
6062.0 0.5407652030894763
6063.0 0.540930563999447
6064.0 0.5410966807810984
6065.0 0.5412646671731758
6066.0 0.541430144005572
6067.0 0.5415828782635781
6068.0 0.5417346329010416
6069.0 0.5418903461364692
6070.0 0.5420504512956972
6071.0 0.5422095701588479
6072.0 0.5423741007678159
6073.0 0.5425376611884241
6074.0 0.5426897269489885
6075.0 0.5428361200322833
6076.0 0.5429847924333175
6077.0 0.5431427339113041
6078.0 0.5432997031312626
6079.0 0.5434615742886753
6080.0 0.5436225858957604
6081.0 0.5437762631221642
6082.0 0.543914451233434
6083.0 0.5440526254362403
6084.0 0.5441897278186052
6085.0 0.54432480106923
6086.0 0.5444776932937992
6087.0 0.5446491482841741
6088.0 0.5448181282259481
6089.0 0.5449767191442562
6090.0 0.54513434307262
6091.0 0.5452769669483837
6092.0 0.545408054556953
6093.0 0.5455403349891819
6094.0 0.5456719218154588
6095.0 0.5458025287937627
6096.0 0.5459342898896751
6097.0 0.5460641816140854
6098.0 0.5461976922126616
6099.0 0.5463430206597181
6100.0 0.5464873788499289
6101.0 0.5466403904829457
6102.0 0.5467944087753354
6103.0 0.5469429198819197
6104.0 0.5470818428352473
6105.0 0.5472207614393028
6106.0 0.5473387412980174
6107.0 0.5474557065242974
6108.0 0.547578166477726
6109.0 0.5477061263857134
6110.0 0.54783362543568
6111.0 0.5479691724997933
6112.0 0.5481037491729203
6113.0 0.5482293985684187
6114.0 0.5483491955394887
6115.0 0.5484711925474716
6116.0 0.5486022838656942
6117.0 0.5487324047178995
6118.0 0.5488556555740304
6119.0 0.5489767173610988
6120.0 0.5490989558544112
6121.0 0.5492254888038286
6122.0 0.5493510511619412
6123.0 0.5494707967267725
6124.0 0.5495875761855994
6125.0 0.549708877015075
6126.0 0.5498369672064657
6127.0 0.5499631224407864
6128.0 0.5500834396648125
6129.0 0.5502025426689984
6130.0 0.5503254607380694
6131.0 0.550449969425059
6132.0 0.55057302264431
6133.0 0.5506757792248187
6134.0 0.5507785253528112
6135.0 0.5508731629071115
6136.0 0.550965132228159
6137.0 0.5510569289647377
6138.0 0.5511562805433009
6139.0 0.5512546554178934
6140.0 0.5513569688778347
6141.0 0.5514599467608073
6142.0 0.5515659361301275
6143.0 0.5516779987031987
6144.0 0.5517900583548129
6145.0 0.5519036848245161
6146.0 0.5520177223905841
6147.0 0.5521187847546087
6148.0 0.5522045902426761
6149.0 0.5522903830789541
6150.0 0.5523860287298146
6151.0 0.5524810354350222
6152.0 0.5525677805820027
6153.0 0.5526462277775487
6154.0 0.5527249708660584
6155.0 0.5528049038281866
6156.0 0.5528857899740791
6157.0 0.5529055752193911
6158.0 0.5528905327126101
6159.0 0.5527445678098563
6160.0 0.5520739429681616
6161.0 0.5514039727571386
6162.0 0.5504127991323234
6163.0 0.5493204485079185
6164.0 0.5486437446901703
6165.0 0.5488531865493191
6166.0 0.5490626683694029
6167.0 0.5501424964680496
6168.0 0.5513529120163486
6169.0 0.5523232619330631
6170.0 0.5529763683948504
6171.0 0.5536296830321356
6172.0 0.553908883949285
6173.0 0.5541843787213662
6174.0 0.5543843914538253
6175.0 0.5545191087169313
6176.0 0.5546486351012783
6177.0 0.554731339169124
6178.0 0.5548130706117815
6179.0 0.5548751714079775
6180.0 0.5549271466737901
6181.0 0.554988911844971
6182.0 0.5550875673318951
6183.0 0.555185256757064
6184.0 0.5552773779293877
6185.0 0.5553678325995701
6186.0 0.5554533725450083
6187.0 0.555528934574974
6188.0 0.5556035226421182
6189.0 0.5556858973651394
6190.0 0.5557681451653408
6191.0 0.5558508734331193
6192.0 0.5559320226575974
6193.0 0.556013164969279
6194.0 0.5560645304665974
6195.0 0.5561149135465333
6196.0 0.5561639822692801
6197.0 0.5562129778406243
6198.0 0.5562661722480411
6199.0 0.5563622469067387
6200.0 0.5564573557274132
6201.0 0.5565437104630497
6202.0 0.556625273337261
6203.0 0.5567030390122313
6204.0 0.5567681054177852
6205.0 0.5568331586857391
6206.0 0.5568904122544494
6207.0 0.5569451808812635
6208.0 0.5570053526712441
6209.0 0.5570760332275045
6210.0 0.5571476656520264
6211.0 0.5572225261526504
6212.0 0.5572977362465217
6213.0 0.5573684208351551
6214.0 0.5574326605478461
6215.0 0.5574968316520206
6216.0 0.5575566279077275
6217.0 0.5576164071505754
6218.0 0.5576817997410336
6219.0 0.5577523885244855
6220.0 0.5578240544996548
6221.0 0.5578965627419133
6222.0 0.5579700204651371
6223.0 0.5580399090995806
6224.0 0.5581081094347469
6225.0 0.5581734763006094
6226.0 0.5582228407859747
6227.0 0.5582741065885274
6228.0 0.5583339950058038
6229.0 0.5583960252706964
6230.0 0.5584710286886252
6231.0 0.5585665768442986
6232.0 0.5586621181470832
6233.0 0.5587291378318289
6234.0 0.5587931270502633
6235.0 0.5588606473425795
6236.0 0.55893203078219
6237.0 0.5590043152382412
6238.0 0.5590752294929042
6239.0 0.559147085649119
6240.0 0.5592139830103295
6241.0 0.5592775455957377
6242.0 0.559342556492145
6243.0 0.5594116471168911
6244.0 0.5594807146300915
6245.0 0.5595532807573608
6246.0 0.5596274707553481
6247.0 0.5596970728154784
6248.0 0.5597500680289856
6249.0 0.5598049512531523
6250.0 0.5598849982598498
6251.0 0.5599728557296003
6252.0 0.5600473174741675
6253.0 0.5600982964883773
6254.0 0.5601501975247117
6255.0 0.5602152466280679
6256.0 0.5602822862152886
6257.0 0.5603589044573091
6258.0 0.5604467878846816
6259.0 0.560534632254954
6260.0 0.5606000230787218
6261.0 0.5606663364234424
6262.0 0.5607527270971728
6263.0 0.5608537815226492
6264.0 0.5609544848773967
6265.0 0.5610488208522324
6266.0 0.5611450481656052
6267.0 0.5612329301181328
6268.0 0.5613179486817097
6269.0 0.5614043775890066
6270.0 0.5614940027449328
6271.0 0.5615845527326607
6272.0 0.5616637161251677
6273.0 0.5617420516751984
6274.0 0.5618193935262729
6275.0 0.5618920121105085
6276.0 0.5619674559164791
6277.0 0.5620622925186793
6278.0 0.5621602478821205
6279.0 0.5622434144547144
6280.0 0.5623091824915445
6281.0 0.5623781559188804
6282.0 0.5624554785848123
6283.0 0.5625337040880727
6284.0 0.5626239702950646
6285.0 0.5627216560917634
6286.0 0.5628204075485275
6287.0 0.5629171092570396
6288.0 0.5630147181495058
6289.0 0.5631050840778
6290.0 0.5631941364297823
6291.0 0.5632897558946698
6292.0 0.5633983998132209
6293.0 0.5635089070527042
6294.0 0.5636089141283178
6295.0 0.5637086021320475
6296.0 0.5637957315209836
6297.0 0.5638646041576131
6298.0 0.563933395202182
6299.0 0.564032912726797
6300.0 0.5641338378658424
6301.0 0.5642401575638559
6302.0 0.5643498640083763
6303.0 0.5644601461849865
6304.0 0.5645514023816406
6305.0 0.56464448861806
6306.0 0.5647290855558573
6307.0 0.5648097618619273
6308.0 0.5649000798961616
6309.0 0.5650269293927335
6310.0 0.5651556250243255
6311.0 0.5652543902465053
6312.0 0.5653428555956955
6313.0 0.5654285128411495
6314.0 0.5655037110724129
6315.0 0.5655807065188777
6316.0 0.5656767801070841
6317.0 0.5657767617416904
6318.0 0.5658803444182229
6319.0 0.5659906359467914
6320.0 0.5661008393416
6321.0 0.5662276276030384
6322.0 0.5663558636707476
6323.0 0.5664640326725117
6324.0 0.5665528419289176
6325.0 0.5666416868812945
6326.0 0.5667240563054011
6327.0 0.56680630249915
6328.0 0.5669072706470573
6329.0 0.5670199829924262
6330.0 0.5671323542057518
6331.0 0.5672414570444267
6332.0 0.5673513982026868
6333.0 0.5674526619168156
6334.0 0.567551264266596
6335.0 0.5676518031024557
6336.0 0.5677575368870503
6337.0 0.5678631488756029
6338.0 0.5679794640867365
6339.0 0.5680980651637695
6340.0 0.5681937191494504
6341.0 0.5682560232337266
6342.0 0.5683191049290568
6343.0 0.5683921235810337
6344.0 0.5684670577173601
6345.0 0.5685567677948616
6346.0 0.5686606310208248
6347.0 0.5687643414334242
6348.0 0.5688706082783882
6349.0 0.5689767339416604
6350.0 0.5690792943219685
6351.0 0.5691812418384832
6352.0 0.569283046695317
6353.0 0.5693866120758317
6354.0 0.5694909694024972
6355.0 0.5695744254239744
6356.0 0.5696517979573195
6357.0 0.5697377293546484
6358.0 0.5698380619307654
6359.0 0.5699391755559688
6360.0 0.5700493775647694
6361.0 0.5701624402513938
6362.0 0.5702606231994607
6363.0 0.5703400474206378
6364.0 0.5704202246686195
6365.0 0.570501484688008
6366.0 0.5705825611351765
6367.0 0.5706588068196886
6368.0 0.5707295209426306
6369.0 0.5708020627622327
6370.0 0.5708851574519352
6371.0 0.5709680617371672
6372.0 0.5710348073842204
6373.0 0.5710935687609238
6374.0 0.571154742231404
6375.0 0.5712207709272105
6376.0 0.5712884602160355
6377.0 0.5713861554624807
6378.0 0.5714936343300564
6379.0 0.5715964821459963
6380.0 0.5716938628393164
6381.0 0.5717910597936456
6382.0 0.5718619709466775
6383.0 0.5719303776050417
6384.0 0.5719908193477121
6385.0 0.572040629243821
6386.0 0.5720920726348799
6387.0 0.5721890640815644
6388.0 0.5722849386945112
6389.0 0.572356877574949
6390.0 0.5724092041404686
6391.0 0.5724605987663904
6392.0 0.5725075391673738
6393.0 0.5725533143172523
6394.0 0.5726322917811751
6395.0 0.5727275444319463
6396.0 0.5728110521741941
6397.0 0.5728556460447525
6398.0 0.5728990768717924
6399.0 0.5729450736449558
6400.0 0.5729904083282905
6401.0 0.5730342710679854
6402.0 0.5730745670774966
6403.0 0.5731155532423227
6404.0 0.5731730401132025
6405.0 0.5732313475534325
6406.0 0.5732744201768205
6407.0 0.5732996227009957
6408.0 0.5733235361222274
6409.0 0.5733404798466696
6410.0 0.5733571722683748
6411.0 0.5733910849419431
6412.0 0.5734377256177404
6413.0 0.573483254290312
6414.0 0.5735216609966841
6415.0 0.573558922335867
6416.0 0.5735850745664138
6417.0 0.5736042597481504
6418.0 0.5736267816940058
6419.0 0.5736633077855231
6420.0 0.5736977773196053
6421.0 0.5737145035705995
6422.0 0.5737247764951429
6423.0 0.5737250637128732
6424.0 0.5737059306604801
6425.0 0.5736856215800371
6426.0 0.5737037668305265
6427.0 0.57372469584733
6428.0 0.5737571384809251
6429.0 0.5738037625895837
6430.0 0.5738481649097906
6431.0 0.5738543855176729
6432.0 0.5738594720660346
6433.0 0.57384085984359
6434.0 0.5738051315878566
6435.0 0.573771369843789
6436.0 0.5737482332593282
6437.0 0.5737239531673801
6438.0 0.5737067969000124
6439.0 0.5736902284845296
6440.0 0.573679846528757
6441.0 0.5736891707550544
6442.0 0.5736955727301879
6443.0 0.5737143537124192
6444.0 0.5737333914396221
6445.0 0.5737325129861481
6446.0 0.5736975482978748
6447.0 0.5736605550221995
6448.0 0.5736069625200155
6449.0 0.5735493304866722
6450.0 0.5735040434018428
6451.0 0.5734685375946802
6452.0 0.5734309497663294
6453.0 0.5733668983993344
6454.0 0.5733017316281867
6455.0 0.5732272124610274
6456.0 0.5731478949778105
6457.0 0.573069123095549
6458.0 0.5730009035393426
6459.0 0.57293068248167
6460.0 0.5729011906782192
6461.0 0.5728862885081628
6462.0 0.5728700611230032
6463.0 0.5728517757528667
6464.0 0.5728333480626489
6465.0 0.5726947679332658
6466.0 0.5725303207684665
6467.0 0.5723867211169565
6468.0 0.5722790180364987
6469.0 0.5721693337880297
6470.0 0.5721253700281035
6471.0 0.5720828967334396
6472.0 0.5720389295450475
6473.0 0.5719934727235196
6474.0 0.5719435405334319
6475.0 0.5718422551270773
6476.0 0.5717381275097447
6477.0 0.5716588090369963
6478.0 0.5715928826859311
6479.0 0.5715263867744711
6480.0 0.5714636441483495
6481.0 0.5713981038083407
6482.0 0.571293640164451
6483.0 0.5711717749888476
6484.0 0.5710471629421279
6485.0 0.570916721161183
6486.0 0.570784364297704
6487.0 0.5706542423900984
6488.0 0.5705213906522331
6489.0 0.5703929068908632
6490.0 0.5702710428278022
6491.0 0.5701463986347284
6492.0 0.5700308244860077
6493.0 0.5699140432740227
6494.0 0.569783561342632
6495.0 0.569639804492733
6496.0 0.569494159286198
6497.0 0.5693701088389137
6498.0 0.5692433088283485
6499.0 0.5691163856324273
6500.0 0.5689897602827086
6501.0 0.5688538448984862
6502.0 0.5686902666498416
6503.0 0.5685221750328384
6504.0 0.5683835889919514
6505.0 0.5682521001059516
6506.0 0.5680948557336841
6507.0 0.5678840792548547
6508.0 0.5676705707832631
6509.0 0.5674534963277839
6510.0 0.5672326668694269
6511.0 0.5670481864634412
6512.0 0.5669150729689401
6513.0 0.5667792685880562
6514.0 0.5666144833928197
6515.0 0.5664470756532859
6516.0 0.5662814837663754
6517.0 0.5661198744319661
6518.0 0.5659489706314321
6519.0 0.5656993086880365
6520.0 0.5654469608445513
6521.0 0.5652295232275898
6522.0 0.5650296813160127
6523.0 0.5648239537155689
6524.0 0.5645980899031648
6525.0 0.5643686866702036
6526.0 0.5641181081776611
6527.0 0.5638584080477351
6528.0 0.5636174966830282
6529.0 0.5634253672372097
6530.0 0.563228845197466
6531.0 0.5630160198665924
6532.0 0.5627983860668413
6533.0 0.5625799137540402
6534.0 0.5623592072884493
6535.0 0.5621358747426709
6536.0 0.5619026356023566
6537.0 0.5616666095779468
6538.0 0.5614038357026211
6539.0 0.5611178929369263
6540.0 0.5608273678459273
6541.0 0.5605046001431103
6542.0 0.5601809742877969
6543.0 0.5599139183976112
6544.0 0.5596774635018276
6545.0 0.5594406258812855
6546.0 0.5592095192290825
6547.0 0.5589766913874
6548.0 0.558693899783496
6549.0 0.5583932931272281
6550.0 0.5580849166737021
6551.0 0.5577637991806388
6552.0 0.5574401151210112
6553.0 0.5571025104865239
6554.0 0.556761547286452
6555.0 0.5564224670605714
6556.0 0.5560873480228662
6557.0 0.5557505452518665
6558.0 0.5554309166721114
6559.0 0.5551098063846232
6560.0 0.5547880936310828
6561.0 0.5544655850423885
6562.0 0.5541372600604915
6563.0 0.5537815899191715
6564.0 0.5534233958435452
6565.0 0.5530511906753909
6566.0 0.5526718302816118
6567.0 0.5522919072678543
6568.0 0.5519172407473643
6569.0 0.5515417883640319
6570.0 0.5511858533284408
6571.0 0.5508342403793128
6572.0 0.5504973022158448
6573.0 0.5501953030527714
6574.0 0.5498907928948175
6575.0 0.5494820560702884
6576.0 0.5490589166633124
6577.0 0.5486166559755881
6578.0 0.548150348628287
6579.0 0.5476836869128168
6580.0 0.5473392167767257
6581.0 0.5469931184209118
6582.0 0.546615467162115
6583.0 0.54621287335404
6584.0 0.5458051124217251
6585.0 0.5453704833676981
6586.0 0.5449351149914281
6587.0 0.5445228631877205
6588.0 0.5441214918927054
6589.0 0.5437031478655526
6590.0 0.5432297489920745
6591.0 0.5427556316416915
6592.0 0.5422924434617096
6593.0 0.5418316314911239
6594.0 0.5413689460933598
6595.0 0.5409025538188863
6596.0 0.5404362942858864
6597.0 0.5399342757630781
6598.0 0.5394285104523175
6599.0 0.5389633331906729
6600.0 0.5385477350562655
6601.0 0.5381302867191793
6602.0 0.5376570255040767
6603.0 0.537183904150786
6604.0 0.5366628518661053
6605.0 0.5361077639167895
6606.0 0.5355528894589524
6607.0 0.53500324311907
6608.0 0.5344537689048993
6609.0 0.5339183646717259
6610.0 0.5333885334696815
6611.0 0.5328639800064
6612.0 0.5323549234021051
6613.0 0.5318451899747367
6614.0 0.5313001303379947
6615.0 0.530746374070648
6616.0 0.530186047452321
6617.0 0.5296130762880487
6618.0 0.5290402903650843
6619.0 0.5284517102927451
6620.0 0.5278610297210652
6621.0 0.5272668240449478
6622.0 0.5266686209823358
6623.0 0.5260716234970219
6624.0 0.5255082968434212
6625.0 0.5249443253267285
6626.0 0.5244018298829517
6627.0 0.5238751270512121
6628.0 0.5233326335881433
6629.0 0.5226999063535854
6630.0 0.522067387603238
6631.0 0.5213880602510585
6632.0 0.5206896338018588
6633.0 0.5200198389469114
6634.0 0.5194310768874745
6635.0 0.518842505202381
6636.0 0.5182233432389332
6637.0 0.5175982637042914
6638.0 0.5169409334374052
6639.0 0.5162307743834681
6640.0 0.5155216635952591
6641.0 0.514834665274908
6642.0 0.5141495382184148
6643.0 0.5134663184994178
6644.0 0.5127866929277086
6645.0 0.5121046665349219
6646.0 0.5113810136028221
6647.0 0.5106567881899531
6648.0 0.509972816034839
6649.0 0.5093138561962832
6650.0 0.5086450300750495
6651.0 0.5079150830481757
6652.0 0.507185369521395
6653.0 0.5063827207681905
6654.0 0.5055523692745677
6655.0 0.5047423639986378
6656.0 0.5039868977711334
6657.0 0.5032332639500218
6658.0 0.502473480516397
6659.0 0.5017126272737524
6660.0 0.500951551425226
6661.0 0.5001895431804135
6662.0 0.49942777001602223
6663.0 0.4985763686296711
6664.0 0.4977194461138008
6665.0 0.4968692331510313
6666.0 0.49602493701968886
6667.0 0.4951850503642574
6668.0 0.49438504086910345
6669.0 0.49358605702658664
6670.0 0.4927264676507307
6671.0 0.4918277423957479
6672.0 0.49092764477099654
6673.0 0.49002057001659555
6674.0 0.48911454417621353
6675.0 0.488225917771882
6676.0 0.4873446639995499
6677.0 0.48643510962863623
6678.0 0.4854593471225599
6679.0 0.48448310307693365
6680.0 0.4835272055737223
6681.0 0.4825760298657467
6682.0 0.4816435316544808
6683.0 0.48073890052957385
6684.0 0.47983453263486536
6685.0 0.47882541668822387
6686.0 0.47781298237492537
6687.0 0.47678844547215204
6688.0 0.4757522979405526
6689.0 0.47471413522147415
6690.0 0.47364623978156595
6691.0 0.47257865429646345
6692.0 0.4715334491894938
6693.0 0.47050269962795094
6694.0 0.46945998999518146
6695.0 0.4683610004413083
6696.0 0.4672623340586277
6697.0 0.46614790113451593
6698.0 0.46502713941050805
6699.0 0.4639060632701662
6700.0 0.4627838134722486
6701.0 0.4616611588617536
6702.0 0.46051615532231355
6703.0 0.4593669462431977
6704.0 0.458202443716108
6705.0 0.4570175750130673
6706.0 0.4558323338274148
6707.0 0.45455174734071624
6708.0 0.45326861651216577
6709.0 0.4520208706046718
6710.0 0.45080445535249486
6711.0 0.449584487824575
6712.0 0.44831898307025553
6713.0 0.44705387738859337
6714.0 0.44579389645432416
6715.0 0.444536664583229
6716.0 0.443260644682737
6717.0 0.44191041118045904
6718.0 0.4405599170016379
6719.0 0.43917961097239183
6720.0 0.4377885163903457
6721.0 0.4364050912006543
6722.0 0.4350374541795807
6723.0 0.43366889931428326
6724.0 0.43218220935370155
6725.0 0.4306784285296681
6726.0 0.4291923559847408
6727.0 0.4277316322738039
6728.0 0.42627075970271716
6729.0 0.4248019040195649
6730.0 0.4233320957047237
6731.0 0.4218083127810957
6732.0 0.42023857227725075
6733.0 0.41866922209259744
6734.0 0.4171159781166231
6735.0 0.41556202124286357
6736.0 0.4140457648933252
6737.0 0.4125501407016903
6738.0 0.41101148939371324
6739.0 0.4093154666720111
6740.0 0.4076195199655703
6741.0 0.4059351194404737
6742.0 0.4042539776624161
6743.0 0.4025551112564692
6744.0 0.4008192202591156
6745.0 0.39908220480104595
6746.0 0.39735952778482425
6747.0 0.3956370502527149
6748.0 0.3938790636285944
6749.0 0.3920746055408752
6750.0 0.39026916053770105
6751.0 0.38850081055554514
6752.0 0.38673149670823553
6753.0 0.38493148562781015
6754.0 0.38310572353610384
6755.0 0.3812810240870267
6756.0 0.3794716854655887
6757.0 0.37766151583752694
6758.0 0.37579108869009825
6759.0 0.37389124690148345
6760.0 0.3719839830848388
6761.0 0.370054973499061
6762.0 0.36812473198001744
6763.0 0.36608449191328307
6764.0 0.3640134899241415
6765.0 0.3619174223919289
6766.0 0.3597749195064854
6767.0 0.35763148015460317
6768.0 0.35554728947469644
6769.0 0.3534701236835079
6770.0 0.3514248768382517
6771.0 0.34941870159074745
6772.0 0.3474106683906679
6773.0 0.34530532499684835
6774.0 0.3431986897214108
6775.0 0.3410184250969496
6776.0 0.3387822671846138
6777.0 0.3365541943760015
6778.0 0.3343887651772483
6779.0 0.33222391024620074
6780.0 0.32997323522728705
6781.0 0.32768258259437155
6782.0 0.32541278132365936
6783.0 0.3232101768231413
6784.0 0.3210077957649095
6785.0 0.31874636172851745
6786.0 0.3164696514332068
6787.0 0.3142114558283691
6788.0 0.3119868011573911
6789.0 0.309762556419631
6790.0 0.30740907510216275
6791.0 0.3050428713517743
6792.0 0.30269073870073354
6793.0 0.3003545321554135
6794.0 0.29801943062581604
6795.0 0.2957053449234082
6796.0 0.29339199325475673
6797.0 0.29098284089071264
6798.0 0.28850552051280987
6799.0 0.2860217115815471
6800.0 0.2834991930988295
6801.0 0.28097780447715776
6802.0 0.2785116961254605
6803.0 0.27607057412999436
6804.0 0.2736295420590915
6805.0 0.27118470162496056
6806.0 0.2687410916197167
6807.0 0.26635209663082193
6808.0 0.26397673623088874
6809.0 0.26156908072662666
6810.0 0.2591031469448167
6811.0 0.2566386379167415
6812.0 0.2541704343576967
6813.0 0.25170369886607846
6814.0 0.24923509416411202
6815.0 0.24676351573775143
6816.0 0.24429259472739187
6817.0 0.24178038968419913
6818.0 0.23926949523367713
6819.0 0.23674355318890972
6820.0 0.2342078608877902
6821.0 0.2316813100145562
6822.0 0.2291957749600598
6823.0 0.22671284109120896
6824.0 0.22429710186811772
6825.0 0.22191058455919627
6826.0 0.21949261079701013
6827.0 0.21698123654413817
6828.0 0.21447260159745937
6829.0 0.21197094834270935
6830.0 0.2094735009399348
6831.0 0.20701532229851585
6832.0 0.2046208708672846
6833.0 0.20222875594634712
6834.0 0.19975829042392004
6835.0 0.19728454385629993
6836.0 0.19481057145243827
6837.0 0.19233626637742265
6838.0 0.18986746031113214
6839.0 0.18745150278416148
6840.0 0.18503867513003294
6841.0 0.18262784539229912
6842.0 0.18021960515277988
6843.0 0.1778270059202933
6844.0 0.17550252453261214
6845.0 0.17318138241324177
6846.0 0.17084815035002562
6847.0 0.16851209900544198
6848.0 0.16617143685370328
6849.0 0.16381412086903235
6850.0 0.1614601848880991
6851.0 0.1592406505558602
6852.0 0.15705090804076524
6853.0 0.1548738724917884
6854.0 0.15271422771142823
6855.0 0.15055767181575727
6856.0 0.14833691096662546
6857.0 0.14611604053464006
6858.0 0.1439524596253845
6859.0 0.14184604643119375
6860.0 0.13974089362488165
6861.0 0.13761195606683174
6862.0 0.13548624631234582
6863.0 0.1333378013987984
6864.0 0.13117705891557468
6865.0 0.12905691172713915
6866.0 0.1271233539719071
6867.0 0.1251926883330126
6868.0 0.12324956455058668
6869.0 0.12130335577293444
6870.0 0.1193269704683073
6871.0 0.11727232839957122
6872.0 0.11522064559691303
6873.0 0.11334878835577243
6874.0 0.1115109708643645
6875.0 0.10972468722630267
6876.0 0.10801397830641235
6877.0 0.10630606434245661
6878.0 0.10458613300182468
6879.0 0.10286816653289532
6880.0 0.10108275602305969
6881.0 0.09923521564473686
6882.0 0.0973895872392746
6883.0 0.0955345292965683
6884.0 0.09368240005106925
6885.0 0.09204007340739925
6886.0 0.09052184530757211
6887.0 0.08902610446798284
6888.0 0.08761948461944379
6889.0 0.08621497250747567
6890.0 0.08467278784447078
6891.0 0.0830835268240391
6892.0 0.08156164753637249
6893.0 0.080193654418507
6894.0 0.0788274491752958
6895.0 0.07749741541165713
6896.0 0.0761747450771588
6897.0 0.07480189182950378
6898.0 0.07335936722920897
6899.0 0.07191869560144801
6900.0 0.07064970405462616
6901.0 0.06938771461110846
6902.0 0.06813495999029559
6903.0 0.06689077425759622
6904.0 0.06565009349827643
6905.0 0.06442985822990456
6906.0 0.06321107249612301
6907.0 0.06212581407139585
6908.0 0.06111610502191062
6909.0 0.060123853462560765
6910.0 0.059197445782073484
6911.0 0.05827233676564107
6912.0 0.05726792304165151
6913.0 0.056239441525314564
6914.0 0.055214050279987034
6915.0 0.05419435963149612
6916.0 0.0531758052567562
6917.0 0.05222426343187017
6918.0 0.05128350186124041
6919.0 0.05033166259509207
6920.0 0.04936458899855006
6921.0 0.04839858008367445
6922.0 0.04767877879038576
6923.0 0.046962251251924235
6924.0 0.04630487106185486
6925.0 0.04569793139869285
6926.0 0.045074047050098494
6927.0 0.04429296969218308
6928.0 0.04351255007643865
6929.0 0.042746735951860286
6930.0 0.0419887659406118
6931.0 0.041227999938858374
6932.0 0.040455202400002076
6933.0 0.03968289872576268
6934.0 0.03916447783140758
6935.0 0.038722143013681105
6936.0 0.03827752586416126
6937.0 0.03782770222949344
6938.0 0.037378274625106046
6939.0 0.03695544150917977
6940.0 0.036536487688037265
6941.0 0.03608925265618073
6942.0 0.035605780726214974
6943.0 0.035122667365873654
6944.0 0.03459638864486169
6945.0 0.0340703358064359
6946.0 0.033607848977799025
6947.0 0.03319529506353724
6948.0 0.0328047576384421
6949.0 0.03259060385374653
6950.0 0.032376653370917226
6951.0 0.03205708502372151
6952.0 0.03168563865920437
6953.0 0.03133514169295713
6954.0 0.031054163712582367
6955.0 0.030773324306677508
6956.0 0.0305111604248091
6957.0 0.030254286921313905
6958.0 0.030029475442827795
6959.0 0.029866721606445986
6960.0 0.029704032363151972
6961.0 0.029515677769614748
6962.0 0.02932447061226318
6963.0 0.02913511282823879
6964.0 0.028947885125111053
6965.0 0.028760441389539926
6966.0 0.028545484601502056
6967.0 0.028330640257271552
6968.0 0.028222018783164146
6969.0 0.028193513579046262
6970.0 0.028163507449312324
6971.0 0.028122069392293943
6972.0 0.028080633637895057
6973.0 0.027958619780907606
6974.0 0.027798619084211273
6975.0 0.02763925628438827
6976.0 0.027482045726282968
6977.0 0.027324701063379565
6978.0 0.02721347836731992
6979.0 0.027113707833328327
6980.0 0.027075674085356497
6981.0 0.02715235699037608
6982.0 0.027228935127190115
6983.0 0.027216533681336436
6984.0 0.027195204619959074
6985.0 0.027192036805605894
6986.0 0.02720930839973682
6987.0 0.027225558711298243
6988.0 0.02720127063140502
6989.0 0.02717679369312271
6990.0 0.027172533610659667
6991.0 0.027182903993422054
6992.0 0.027196781720551594
6993.0 0.027233206918351967
6994.0 0.02726942910896413
6995.0 0.027283734351813423
6996.0 0.027288157383801005
6997.0 0.02732115293068364
6998.0 0.02744033169959421
6999.0 0.02755927537403531
7000.0 0.027606818307801734
7001.0 0.027637468464844366
7002.0 0.027653689331823137
7003.0 0.027645483674778912
7004.0 0.02763708269593259
7005.0 0.02774877866284288
7006.0 0.02787064149430991
7007.0 0.02799792758183598
7008.0 0.028131106711655293
7009.0 0.028258328711183958
7010.0 0.02824993798314186
7011.0 0.02824124618094566
7012.0 0.02822112695174355
7013.0 0.028192863703959875
7014.0 0.02818107530438045
7015.0 0.028263435840172067
7016.0 0.028345385565044214
7017.0 0.02851885057513266
7018.0 0.02872943145860847
7019.0 0.028899954352388298
7020.0 0.028957286409752415
7021.0 0.029014258537126955
7022.0 0.029037165660281875
7023.0 0.029052432400978684
7024.0 0.029148797962128124
7025.0 0.029377622714583208
7026.0 0.02960603843922121
7027.0 0.029721117436746474
7028.0 0.02982861928124038
7029.0 0.029830060687029293
7030.0 0.029721267667059185
7031.0 0.029624261113843
7032.0 0.029754369490293357
7033.0 0.02988418274192947
7034.0 0.030021826957751536
7035.0 0.030164337538914506
7036.0 0.030285231104225995
7037.0 0.03029371430603805
7038.0 0.030302010500502595
7039.0 0.030345976750724916
7040.0 0.030403634787621505
7041.0 0.030456932139382678
7042.0 0.030499511802726247
7043.0 0.030541920401959497
7044.0 0.030530551187786293
7045.0 0.030508203167355773
7046.0 0.030482356256768286
7047.0 0.030451156752839544
7048.0 0.030419973192047988
7049.0 0.03053981313156986
7050.0 0.03066745076841304
7051.0 0.030827176585237103
7052.0 0.031017731200618164
7053.0 0.031198046443891424
7054.0 0.031220400656842597
7055.0 0.031242883417712
7056.0 0.031174108276756637
7057.0 0.031049497290752473
7058.0 0.03096493183696166
7059.0 0.031061288978248364
7060.0 0.03115775733051275
7061.0 0.031270974654992144
7062.0 0.03139046192655233
7063.0 0.031482074774955945
7064.0 0.03150542463658521
7065.0 0.03152896770789489
7066.0 0.031533472964397874
7067.0 0.03153491359819367
7068.0 0.03160045511552095
7069.0 0.031761828125842724
7070.0 0.0319233990114634
7071.0 0.03196870581903764
7072.0 0.03200952346678972
7073.0 0.031977741696760605
7074.0 0.03187910975814352
7075.0 0.031796410401428145
7076.0 0.031891224614393206
7077.0 0.031986433771233634
7078.0 0.03208147273910914
7079.0 0.03217667492586959
7080.0 0.032247852114842414
7081.0 0.03221562944671092
7082.0 0.03218389238164496
7083.0 0.0322190280818147
7084.0 0.0322767211520084
7085.0 0.032346489236430874
7086.0 0.03244395082735309
7087.0 0.03254178984578607
7088.0 0.03260709899115543
7089.0 0.03266747887910338
7090.0 0.03268789367781219
7091.0 0.032652879419585654
7092.0 0.03261835261859869
7093.0 0.03254790589056216
7094.0 0.0324768215372253
7095.0 0.032446286812410394
7096.0 0.032451698305091425
7097.0 0.03246677816229195
7098.0 0.03257520792907976
7099.0 0.03268405419800556
7100.0 0.03268372152293681
7101.0 0.032624766037168386
7102.0 0.032586223330079954
7103.0 0.032628261038060484
7104.0 0.032670542145855734
7105.0 0.0327768078251902
7106.0 0.03290345590236753
7107.0 0.032986141448789044
7108.0 0.03297492412826609
7109.0 0.03296388683267029
7110.0 0.03294890013545424
7111.0 0.0329332421766372
7112.0 0.03296109869902799
7113.0 0.033046649007669855
7114.0 0.0331320900273814
7115.0 0.03316030796260715
7116.0 0.033187709022669445
7117.0 0.03313413429118557
7118.0 0.03301142072120102
7119.0 0.03290663310111942
7120.0 0.03296672050269212
7121.0 0.03302632475402682
7122.0 0.03309680016714815
7123.0 0.033172638177048665
7124.0 0.03322881529837807
7125.0 0.03321701081379026
7126.0 0.033204414173456764
7127.0 0.03322591694167741
7128.0 0.033257075699991825
7129.0 0.03322848000644373
7130.0 0.033079568903060914
7131.0 0.03292968638127893
7132.0 0.03289703630118019
7133.0 0.03287779988807998
7134.0 0.03295243755761302
7135.0 0.03314662477863306
7136.0 0.03333930252564205
7137.0 0.03323070497858372
7138.0 0.03312072667982944
7139.0 0.03310862700280799
7140.0 0.03317289209794861
7141.0 0.03322949555872777
7142.0 0.033234857705916505
7143.0 0.03323864453962271
7144.0 0.03322363175506979
7145.0 0.03319862175894135
7146.0 0.03315781565487056
7147.0 0.03306758642797496
7148.0 0.03297623968222
7149.0 0.03298674757405892
7150.0 0.03302342655835786
7151.0 0.033022841579071226
7152.0 0.032951306682571346
7153.0 0.0328790508418504
7154.0 0.03287142755803149
7155.0 0.03287048051479734
7156.0 0.03283973040413349
7157.0 0.03277434174749054
7158.0 0.03270996236152851
7159.0 0.03271525997349047
7160.0 0.03272120291169984
7161.0 0.032745690405580334
7162.0 0.03278469718851865
7163.0 0.03279785681629135
7164.0 0.03262847931772795
7165.0 0.03246223913561256
7166.0 0.03237347067198809
7167.0 0.032323515231447636
7168.0 0.03230418190057177
7169.0 0.03237293970184262
7170.0 0.03244743476920991
7171.0 0.032579741344385876
7172.0 0.032732433239624346
7173.0 0.032870698088132186
7174.0 0.0329777368664223
