# %ECSV 1.0
# ---
# datatype:
# - {name: WAV, unit: Angstrom, datatype: float64}
# - {name: EFF, datatype: float64}
# meta: !!omap
# - {DICHROIC: D500}
# - {GRATING: 600/7500}
# schema: astropy-2.0
WAV EFF
5628.295617116026 0.3659085191809884
5630.7427537355015 0.36907682796845115
5633.191844168842 0.3719651231963068
5635.639469263055 0.3747737219658045
5638.086605918963 0.37679406045808356
5640.536673289578 0.3772781440602782
5642.984786870565 0.3781289864814849
5645.432412013191 0.3790377487916314
5647.882967870522 0.37837062789614073
5650.332058388591 0.3775698146374872
5652.780660468249 0.37660862802239864
5655.231216361714 0.3758098962371427
5658.905340647857 0.3740870454437961
5661.357361922685 0.37087267040998007
5663.807429407675 0.36898959382377533
5666.257008454156 0.3669117212541762
5668.708052863949 0.3648512422252692
5671.158608835205 0.36168074373390197
5673.612095521162 0.3573986081290876
5676.063139966693 0.3543359754113985
5678.513207523154 0.35167509918141854
5680.9666942447775 0.34835890426899785
5683.416761824935 0.34536851404721136
5685.870248570253 0.3414874453301071
5688.32275842644 0.3375150097611597
5690.776733645878 0.3332476113147834
5693.228755075178 0.3304441174231069
5695.684195669655 0.3259263642137423
5698.136217122483 0.3231469524978282
5700.590192389012 0.318459125136525
5703.043679216779 0.3151047134147482
5705.4986314077505 0.31145485092792413
5707.95260670943 0.3080558203557565
5710.407558923796 0.3039952134371702
5714.086568113699 0.2997130030739852
5716.543474159237 0.29571534349388284
5718.997449513367 0.29194663306754587
5721.45435558218 0.2886972851257326
5723.909307860553 0.2855819134901278
5726.365237051545 0.2824974852151216
5728.82263160567 0.27886929574681474
5731.2775839187625 0.2760907160659596
5733.73400159496 0.27303505100036385
5736.1899308321645 0.270577322644512
5738.64830233352 0.2677302951000418
5741.106185395864 0.26474734311484704
5743.561137766509 0.26272922193811327
5746.01950930235 0.2596922199717806
5748.475438596975 0.25782409914503396
5750.935763957884 0.25520131168127475
5753.3941355280795 0.25246703155529554
5755.851041758063 0.25077794368665174
5758.310878702716 0.24840323086561109
5760.769738757671 0.24626669256999137
5763.227133472351 0.24496175861787922
5765.686970451142 0.24330750978039992
5769.3767259406095 0.24010813041470144
5771.836562947752 0.2381773450201721
5774.294934614523 0.23697176639804524
5776.755748545395 0.23567632437625002
5779.217050938121 0.23372422848872598
5781.674445737585 0.2331163598735205
5784.137213504543 0.23190095946052175
5786.598027480473 0.23024810709032845
5789.057864566481 0.22942215195352414
5791.519167015419 0.22846845354292886
5793.981934827292 0.22747658354402903
5796.444214199781 0.22578482506481098
5798.903562879948 0.22569224583576813
5801.366819175929 0.22458843847186083
5803.829587032479 0.2240393284301453
5806.2923549001625 0.22257807521310477
5808.754145877779 0.2221466110638767
5811.216913767677 0.22149465330298354
5813.680658569855 0.2209216468965874
5816.143914932515 0.21991441301809958
5818.608636658036 0.2192480516022567
5821.069939240395 0.21947945028728308
5824.768487217758 0.21794332326922142
5827.230766728863 0.21801103796469373
5829.6950000533925 0.21771545533060174
5832.159721839518 0.2172233503676131
5834.625420537846 0.21676400489792017
5837.090142345905 0.2159543647817209
5839.556329516766 0.21563175601306278
5842.022516698564 0.21528859702356443
5844.485284736924 0.215496714711201
5846.95049503929 0.2154789380945596
5849.417659155054 0.21503600073077528
5851.884334831075 0.2145862854373017
5854.351010517964 0.21411237152017681
5856.817686215707 0.21370893222998183
5859.283873473649 0.21340805608273236
5861.752502995604 0.21318566330510444
5864.2196671764605 0.2130458732170203
5866.686342917472 0.2129380513595106
5869.152530218615 0.21295227990795257
5871.619694431811 0.21257839686780977
5874.087347106409 0.21238382603358757
5876.554999791746 0.2123596457886037
5880.259897994442 0.21141192193229674
5882.729016058554 0.21131844668702543
5885.1986225840255 0.21104788043308126
5887.668229120188 0.21071844549740393
5890.137347216363 0.2108302372173491
5892.606953773862 0.210421178861437
5895.076560342007 0.21006207479325498
5897.546166920784 0.20992210572086015
5900.016750411521 0.20968972360447916
5902.485868560848 0.20955138861338868
5904.95596362211 0.20935120053287962
5907.427035595308 0.20927044501065148
5909.896642227033 0.20915400373903997
5912.366737319989 0.20906033124019308
5914.837809324843 0.2087079657490523
5917.3098582416005 0.20834131359173733
5919.781907168875 0.20820223404574004
5922.253467655969 0.2081704291389538
5924.725516604243 0.20808836652296692
5927.197077112299 0.2087263649877057
5929.667660729425 0.20855175754481356
5932.139221258381 0.2081416690967064
5934.613224051272 0.20796469886606245
5938.324472485526 0.20760340965391857
5940.796521501659 0.2081606052049244
5943.268082077471 0.20807382417289141
5945.742084917198 0.20794461428436234
5948.21657621801 0.20774441214607942
5950.693021332039 0.2072837665549048
5953.164093498558 0.20727199585245112
5955.640538633279 0.20673032399421315
5958.114541524737 0.20713748397740517
5960.586590623609 0.20766789279578807
5963.063524239992 0.20696698308119435
5965.540946317398 0.20696799411059766
5968.013483897814 0.2072469002569123
5970.490905995762 0.2067727779154026
5972.965397399576 0.20726684811487675
5975.438423461411 0.20771315289990921
5977.916334040803 0.20739022051364908
5980.392290827462 0.20737481477706762
5982.871178328756 0.2070231209900812
5985.345181332829 0.2079437754035655
5987.822115051516 0.2074522660032768
5990.301491034092 0.20755017446174231
5994.015182068768 0.20810795340382363
5996.492115822951 0.20809002276710958
5998.971980291762 0.20765182475502547
6001.44598336163 0.20879117403570407
6003.9258478506445 0.20862015445856757
6006.403270095954 0.20860140781365152
6008.8826461543695 0.20860105344372595
6011.359091518266 0.20908327126145826
6013.840909850603 0.20920286110784492
6016.320285939155 0.20845492580558206
6018.796242882347 0.20956501480856854
6021.2765958924565 0.21003132137893823
6023.755972011021 0.2096910652032852
6026.23485968879 0.21045206279527634
6028.715701179627 0.2100978244802978
6031.193611975758 0.21091657384144483
6033.67494193728 0.21114825177549384
6036.155783457963 0.21101531521072908
6038.634182734644 0.21174352707893296
6041.116001176724 0.2119740354746391
6043.59733117792 0.21230597530254772
6046.081103442955 0.2117907810773071
6049.803098478107 0.2120887929057109
6052.277590202724 0.2141568778359692
6054.764293207063 0.2135809246035892
6057.245623262482 0.21383956431512444
6059.727930229315 0.21376399616934447
6062.213167910778 0.21372160607220086
6064.688148135152 0.2149931652490939
6067.174851188621 0.2152575003261095
6069.65764664542 0.21578298435458007
6072.138976759548 0.21647704695571057
6074.625679842354 0.21523319505462174
6077.107498426775 0.21641322190108686
6079.592736176628 0.2162795066754323
6082.070158723111 0.21738281892330036
6084.557350295653 0.21762327795944247
6087.039657369691 0.21812582397656202
6089.525872059986 0.21856569893168593
6092.009644505835 0.21864411368625913
6094.492928510505 0.21954072603570826
6096.979143229789 0.21879851271098552
6099.462427253726 0.2198086413239653
6101.949618893942 0.21850700008006094
6105.67307960976 0.22027334195596476
6108.163690429854 0.22029770970520082
6110.645997595283 0.22085176692363395
6113.137096885416 0.22053472583455258
6115.621846324174 0.22055943277434728
6118.109526477542 0.22089877209638625
6120.592810582829 0.221763635325813
6123.080490755259 0.22155095340504186
6125.5642633304005 0.22275033061288116
6128.052920423551 0.22238446906262668
6130.537669919365 0.2240703606115906
6133.025350129781 0.2237798089376245
6135.513030349667 0.2238910664249763
6137.997779873846 0.22438326664778002
6140.4922984247005 0.22358084872993328
6142.976559516884 0.22419366893964301
6145.465705127127 0.2240786974742834
6147.950454688973 0.22586874485199793
6150.439600318023 0.22528646659270926
6152.933142014313 0.2246328477012846
6155.419356956911 0.22483549294520314
6157.908014163233 0.22504185342034141
6160.395206026276 0.22674414041454963
6164.12990144537 0.22639121890684027
6166.619535586138 0.22682535981181706
6169.110146637989 0.22576451202900735
6171.600269248265 0.22604115479808803
6174.08843806429 0.22760086048994388
6176.581002947584 0.22651678788479568
6179.071125585713 0.2266380647935267
6181.558805978636 0.2282136003774636
6184.051859340629 0.22691559755474203
6186.542958908293 0.22681528147809302
6189.0321046815925 0.22833950430655736
6191.524669620397 0.2272771691574031
6194.015280764809 0.2272875000772462
6196.50979952564 0.22779185980944577
6198.997968433904 0.22758612981127538
6201.4890680567605 0.22851210057939988
6203.985540648774 0.22754483189626087
6206.470778879021 0.22937898996049375
6208.96725148935 0.22814855626186636
6211.459328050607 0.22794048405183875
6213.955312228313 0.22819193120964604
6216.442992749542 0.22853163546821165
6220.183549890405 0.22870590003396632
6222.680511001822 0.22803605808063443
6225.169168456625 0.22954544769933452
6227.664175782492 0.2283434013196057
6230.1557639609255 0.22921021540762582
6232.6527251086045 0.22826471229530956
6235.14773246161 0.22898264152892325
6237.637855314308 0.2285793225979385
6240.135304940009 0.22866303978288868
6242.628358516294 0.22887913443057478
6245.125808160003 0.2285060089763272
6247.619350205185 0.2296220587371604
6250.110938455552 0.22885835467684898
6252.610341929947 0.2286998057800484
6255.101930198191 0.22934364918285727
6257.599868337653 0.22885462507165227
6260.099271838903 0.2286479729265739
6262.588417879125 0.22951652200524497
6265.08489069249 0.22870256485702625
6267.583805769517 0.2288025763777706
6270.0793016987545 0.22912015411916017
6272.576262989728 0.22842801220156583
6276.323658746645 0.22877519316326156
6278.816712452068 0.2296290311074363
6281.311719970151 0.2288983724542101
6283.810146653801 0.2288412670078345
6286.30906179724 0.22883865084877864
6288.805534694649 0.22907758228167652
6291.302007600843 0.22908118933486973
6293.8023881235895 0.2284902235610773
6296.301303302203 0.22859658331771782
6298.800706940561 0.22877696829524477
6301.297179881816 0.2289190926774795
6303.79218747886 0.22902828970697772
6306.289637339516 0.2287099164150024
6308.79001791478 0.2284704606835689
6311.288444694827 0.22894716113016425
6313.7893137385045 0.2284926600090172
6316.2887174379175 0.22862831619027088
6318.788609597004 0.22866803961865065
6321.288013313774 0.22893825613960828
6323.786440137216 0.22920613691024552
6326.286332322281 0.22875815479510822
6328.785736064991 0.22880500752352181
6332.535574371723 0.228752706673221
6335.036443488979 0.22869677185226567
6337.5368241638425 0.22869615457100348
6340.0376932983 0.2286664027874901
6342.538562441345 0.2288773273919285
6345.039431592966 0.22893237456934834
6347.540300753149 0.22875316402460663
6350.041169921883 0.22890430613840262
6352.542527550174 0.22885034992963943
6355.043396735981 0.2288348029237514
6357.545731283358 0.22870296566640969
6360.047088937218 0.22882013144560037
6362.549911952636 0.22866748376423793
6365.052734976553 0.22866488434532692
6367.554092655894 0.22883231808266002
6370.056427245752 0.22871398455115863
6372.558273393048 0.22881608937010084
6375.0606079998215 0.22888373276849314
6377.563919517094 0.22870664020132625
6380.065277238685 0.22893816485816285
6382.568100321786 0.22850195211904
6385.071411864334 0.22851465237616983
6388.827111870468 0.22882044716003117
6391.332377238164 0.22850229864436164
6393.837154163213 0.228463626867501
6396.339977292478 0.2285868205816429
6398.844265783226 0.2285775608600566
6401.3485542823255 0.22869905646470515
6403.851865887677 0.22895589405054673
6406.355665952404 0.2290926971089914
6408.8589775744 0.22879080674733332
6411.363754557853 0.22880885231123513
6413.869508451713 0.22856003462484412
6416.376239255981 0.22857081828263215
6418.881993166437 0.22867534372921292
6421.386770183055 0.22897741212057568
6423.891058756876 0.2286658941066519
6426.394858887886 0.22883608099262084
6428.900612831379 0.22899826174498922
6431.408320587362 0.228414296675157
6433.914562998388 0.22853038690824248
6436.421293868703 0.22868428181488848
6438.92704784509 0.22843500660863547
6441.431336476466 0.2285288772594947
6443.937578920301 0.22856853955183404
6447.700117533364 0.22821824707189223
6450.207825350864 0.22822459515859347
6452.714556274367 0.22770803604552023
6455.22031030386 0.22765392335460283
6457.726552792561 0.22767526408347488
6460.235725995875 0.22783695097782325
6462.74392230515 0.22794668794402756
6465.250164818201 0.22773426999389504
6467.7578726925985 0.2272579368732405
6470.265580575089 0.22708747382059774
6472.777196074376 0.22685943479095202
6475.283927070844 0.2270969889769388
6477.791146526458 0.2268992248301323
6480.298854441212 0.2269323121375566
6482.810958423868 0.22635094669327607
6485.318666354703 0.22672250926208404
6487.825885842459 0.22650511583582883
6490.335059142622 0.22597493762316606
6492.846674706304 0.2256915842517275
6495.353405766964 0.22638287089031364
6497.862579091122 0.22612804011679827
6500.372240874362 0.2258397704581623
6504.137710466386 0.22580032099764874
6506.646883818428 0.22544959600825795
6509.156057178414 0.2250918342492053
6511.669138155242 0.22503731896185883
6514.178311531097 0.2248595942548087
6516.687484914864 0.22461773882965352
6519.200565915481 0.22434505770198437
6521.709250863935 0.22471464343344805
6524.218424271395 0.2245151302811407
6526.732482197954 0.22366838681988796
6529.241655621166 0.22419165244027173
6531.75327130786 0.22365248222328743
6534.266352355796 0.22284365405849363
6536.776014253687 0.22351252539689317
6539.287141512799 0.22301232698521956
6541.800222584264 0.22249341668891232
6544.311838310158 0.22257980374064795
6546.821500239324 0.22253084774518503
6549.337512041054 0.2217476930595104
6551.848150888083 0.22180646112025124
6554.358301291747 0.22165843240486838
6556.873824665728 0.22101429583853516
6560.639294522999 0.22106997146007706
6563.155306367547 0.22050115391819153
6565.666922159543 0.22023103291558144
6568.180003312711 0.21959878306735486
6570.693572924756 0.21968702432418719
6573.2051887399175 0.21961514089169562
6575.721689074305 0.21871819104335147
6578.233793356025 0.21895262482693956
6580.746874547743 0.2185340584571544
6583.260932649451 0.21868633362180745
6585.773036954204 0.21832266226090127
6588.290514229371 0.2174990832250529
6590.80261854944 0.2176483131745173
6593.316676681796 0.21705311999202173
6595.832200175287 0.21708908462577492
6598.345281420582 0.21675365261817517
6600.8608049293325 0.21666731524474206
6603.3738861898555 0.21643350884286125
6605.890875067336 0.21576363666188259
6608.403956343053 0.21589574107318824
6610.921433686904 0.21483124219180164
6613.4354918801255 0.21512670484962199
6617.209754116787 0.21465892570422673
6619.721858524195 0.21479984883750358
6622.239824353293 0.21394009786076398
6624.754371031674 0.21394711929423516
6627.271848424676 0.21312795031563475
6629.785906666922 0.21333305026985802
6632.303872526159 0.2125044083239642
6634.818907685786 0.21283982745455762
6637.335408206472 0.21240349621011587
6639.8519087346485 0.21244052073843842
6642.368409270305 0.2117901401571513
6644.884909813434 0.21176779710566102
6647.401898815218 0.21129300480435137
6649.918399373265 0.2113248610568006
6652.4363652923485 0.21062930318347153
6654.951400511683 0.21096749136481166
6657.4708317992345 0.21024659148053323
6659.985867033408 0.21060358543311056
6662.504809884605 0.2097433114922949
6665.020333584784 0.20997934556607512
6667.540253353199 0.2091394346090726
6670.056753970566 0.20934961409943104
6672.576673753765 0.20880981747030608
6676.3528900583215 0.2084195193639733
6678.868902250249 0.20878103565655393
6681.389798961656 0.2080390575684859
6683.906299619479 0.20821846759912957
6686.42719634558 0.2073893437394236
6688.9441854692695 0.20716277977336248
6691.4636168563675 0.20728781555640355
6693.981582897116 0.20688800114767866
6696.499060493935 0.2073749342629731
6699.0209341590535 0.20664376650694644
6701.537434867993 0.20685118022562027
6704.0593085476885 0.20616385215709587
6706.57776307607 0.20572531682531514
6709.096217611705 0.20612054675711244
6711.6156490570465 0.20569169540348115
6714.134592058398 0.20600143746057673
6716.656954225614 0.20550061568113306
6719.175408790192 0.2051911013075736
6721.694840264452 0.205463741042336
6724.215248648396 0.2051028084513565
6726.734680137066 0.20509592828228068
6729.257042340369 0.20480191730309796
6733.0376549513585 0.20471081904864416
6735.557086465165 0.20456128274881435
6738.077006437376 0.20484980207339115
6740.59888022173 0.20417309997043362
6743.1188002082445 0.20438392740326344
6745.640185555643 0.20418558652916252
6748.161082458929 0.20391855479786825
6750.681979369338 0.20410278732545598
6753.2038531893695 0.20398535446371296
6755.724750114003 0.20376237046897683
6758.244670143224 0.20426048063231245
6760.768497789591 0.20366735189154445
6763.2893947355005 0.20343896974943487
6765.8102916884845 0.2038923089051929
6768.33363090484 0.20325467724536386
6770.854527871951 0.2035027624295622
6773.375424846107 0.204031454860728
6775.899740986169 0.20341603111036258
6778.420149523137 0.20346583842484378
6780.942511872199 0.20367613955975183
6783.466339582095 0.20316179200251985
6785.987725042658 0.20333205424925033
6789.771757051712 0.20344506617511376
6792.29509633486 0.20340960046223186
6794.816970271168 0.2035119804263616
6797.341286470837 0.20307991067102188
6799.8631604210905 0.20339569866695545
6802.385522829581 0.20385457778220642
6804.91081595271 0.2031667236021564
6807.433666826383 0.20343185090017693
6809.955540804425 0.20398883273845475
6812.4793685945315 0.20388676155200347
6815.00417329414 0.20347580021962966
6817.526535744227 0.20359382113716842
6820.048898201214 0.2040297211589552
6822.574191372841 0.20382586501347827
6825.099484551369 0.20360160675585193
6827.621847029027 0.20389746927024552
6830.145186416141 0.20411282212047605
6832.6714565179 0.20388464416045912
6835.195772821343 0.2037593386641951
6837.719112229039 0.20409195609396646
6840.242940094877 0.20441375004484988
6842.769698675361 0.2041245973011245
6846.555196271531 0.20450020545995387
6849.080489515177 0.20427690023978898
6851.604317411722 0.2045559753130404
6854.129610668989 0.2046958088851233
6856.653927030433 0.2048329338873751
6859.180197203906 0.20468350614083167
6861.70500203023 0.20487799746903046
6864.230295314642 0.205062705374132
6866.755588605817 0.20521193199642052
6869.281370355067 0.2051360446988766
6871.807152111071 0.2050918557189459
6874.332445422499 0.2051900080946364
6876.857738740666 0.2056594338875584
6879.383032065555 0.20562635095126436
6881.910767653773 0.20527896572994903
6884.435084089453 0.20575366750855736
6886.961354337127 0.20581742938251363
6889.4871361401765 0.20598949280808548
6892.012917949916 0.2062691511273892
6894.54016512032 0.206293268253117
6897.066435394748 0.20632326041350604
6899.592217224512 0.206586841846582
6903.381622658637 0.2068225478008976
6905.908869859035 0.2065939660030762
6908.434651712073 0.20689344999742745
6910.961410474416 0.20722888893006144
6913.48914614606 0.2069922213581478
6916.016393372994 0.20696017122129848
6918.543152155198 0.2070916649041558
6921.07039939535 0.207069741767382
6923.597158190759 0.20740847476493807
6926.123916992754 0.2078311980884006
6928.650675801332 0.20790953829971343
6931.179876873219 0.20747800026372645
6933.706635694942 0.20783942690094737
6936.233882974571 0.20798374571680564
6938.761618712107 0.20796083328575515
6941.289354456188 0.2081493467914658
6943.816113304102 0.20818236167298584
6946.344825963965 0.20807958487331848
6948.874027081712 0.20804916554092778
6951.401274400555 0.20834344881427647
6953.928033274546 0.20867806726925225
6956.457234411831 0.20857671813005846
6958.984970201537 0.2086752452770276
6962.777306575298 0.20847280161763296
6965.3060192839375 0.2086285512781829
6967.834243547682 0.20898390111166307
6970.362467817889 0.20898431311512217
6972.890203643185 0.20935164345191795
6975.418916377663 0.20926747823351935
6977.949094472695 0.2089899011510511
6980.476830317312 0.20924763170318056
6983.006519973843 0.20903839887976908
6985.535232734049 0.20924756352835552
6988.0639455006685 0.20953828152234433
6990.592658273694 0.20963298449961798
6993.121859504495 0.20944815494363214
6995.652037644447 0.20908129398120942
6998.179773533887 0.2094633402755812
7000.709463235225 0.20951328139694148
7003.239152942933 0.20953570135906185
7005.768842657009 0.20958781477161484
7008.297555474674 0.2096248338848423
7010.827245201455 0.2095881539036335
7013.3564464831925 0.20980767971047268
7015.886136222654 0.2097705390139252
7019.6818919721845 0.2094232324697545
7022.212070178847 0.20937570692190277
7024.740783037644 0.20954396736777497
7027.271449708317 0.20936757793733532
7029.801627933895 0.20938170352607297
7032.331317714369 0.20957460305400025
7034.861007501122 0.2095667231021234
7037.391185745548 0.20944025925882787
7039.9218524476455 0.20930814961520502
7042.451542253202 0.20948778672839108
7044.983185870624 0.20913777588238547
7047.513364140087 0.20910966782981422
7050.043053964387 0.20923348881055193
7052.5732322463255 0.20932252976161486
7055.1038989858935 0.20937548155138763
7057.634565731686 0.20929398005514213
7060.165232483691 0.20917500036832304
7062.696876144726 0.20886121897039583
7065.2275429091405 0.20879141105259344
7067.758698131161 0.2087500918096099
7070.289364907955 0.20867422300510824
7072.82003169093 0.20889317023166776
7076.6172530055 0.20862342836476067
7079.147431352473 0.2089009262750394
7081.679075059856 0.20865902754169532
7084.209253419126 0.20853683786029364
7086.741385590224 0.2081962116410197
7089.272052413191 0.2083465004230369
7091.803696145133 0.20821972710341996
7094.335339883198 0.20810505318640554
7096.86698362738 0.20819854539824584
7099.397650474814 0.2082764379392303
7101.929782682633 0.20810032701931835
7104.46142644512 0.20770915825309877
7106.993558665128 0.2076933402175817
7109.52422553692 0.207596495885069
7112.05586931765 0.20758819881942903
7114.588490007316 0.20720183999339525
7117.120133800177 0.2073420681067169
7119.652754501966 0.20716288165318725
7122.18439830693 0.20722503504851814
7124.7165305693725 0.20710474587220007
7127.24866283785 0.20685685304370083
7129.780795112356 0.20669472272171094
7133.578993535406 0.20652448242402502
7136.111125824955 0.20624415836581583
7138.643258120505 0.20628759839130154
7141.175390422056 0.20631543370025418
7143.707522729595 0.20635541977065394
7146.24014349457 0.2060762942532756
7148.772275814073 0.20582113103745198
7151.305873493903 0.20564733403710334
7153.838005825342 0.2055053212039101
7156.37013816274 0.20535687337253633
7158.902270506087 0.2054484390635263
7161.435379758293 0.20522819592571942
7163.967512113521 0.20514884609469144
7166.500621377598 0.20478327999194165
7169.033730647605 0.20463329926330692
7171.56635147207 0.20451646875475002
7174.098483850985 0.20455288662143173
7176.632081590193 0.2043104981264689
7179.16519088384 0.20425524461509653
7181.698300183383 0.20411688342852707
7184.230921037346 0.20393521600023884
7186.763541897187 0.20397181453034827
7189.297139665839 0.20398053841938002
7193.097292104085 0.20357511038089815
7195.629912984454 0.2034776360637123
7198.16351077362 0.2032292705156005
7200.696620117158 0.2031360451060485
7203.229241015058 0.20303760225327563
7205.762350370265 0.20283469448404953
7208.296436634252 0.20255995132352098
7210.828569098145 0.2025685895363998
7213.363143825246 0.20234093805387082
7215.896253203718 0.20220289035634786
7218.429851039468 0.2022380549203459
7220.9629604295305 0.20226802212424752
7223.496558276863 0.20194157418809183
7226.030644581462 0.20192599032212782
7228.563265537379 0.2020660345733275
7231.097351853524 0.20191593872806488
7233.629972820967 0.20172817407922894
7236.164059148629 0.20128970584818429
7238.697657030553 0.20133907736175827
7241.230766466727 0.2012338086037275
7243.765341263115 0.20096398601841395
7246.298939162249 0.2009312210184136
7250.100068698924 0.20062752500841424
7252.634155063852 0.20042193350659251
7255.166776079995 0.20056974552205747
7257.700862456334 0.2003894978679544
7260.23446038687 0.2004696313207105
7262.768546774595 0.2001951124440774
7265.302144716502 0.19995711885241718
7267.836231115589 0.19987816302136446
7270.370805971852 0.19967611626194956
7272.905380833782 0.1994803316161265
7275.4394672498665 0.1993249054739276
7277.973065220096 0.19935299727125644
7280.508128550497 0.19883297578254214
7283.042214983521 0.19860633162665442
7285.574836067643 0.1986003933024432
7288.110387866465 0.19840862072988127
7290.644474316372 0.19830951673464042
7293.17807232038 0.1984573360713676
7295.712158781511 0.19834679013807546
7298.246245248243 0.19818727636957098
7300.780331720573 0.19818145939978227
7303.314906650009 0.1979644700346586
7307.1170132804 0.1975925874221901
7309.651588223794 0.19710981830904384
7312.184697818187 0.19734520440849077
7314.719761224236 0.19709023976319023
7317.253359281268 0.19709690550796238
7319.787445795376 0.19704125192749433
7322.321532315027 0.19703860886632502
7324.8561072917455 0.19679782557754258
7327.390193822466 0.19662344839716409
7329.925257261776 0.19646667963778064
7332.4608091581385 0.19639110315106884
7334.994895705425 0.1961019054553345
7337.529470709752 0.19593399389645746
7340.063557268045 0.19576123869380405
7342.599109186441 0.19529714883069257
7345.133684207263 0.19521170399120213
7347.666793878952 0.19531302347816912
7350.200880459193 0.19518340183905608
7352.735455496447 0.19505881894700083
7355.269542087624 0.19531134831733737
7357.8041171358045 0.1949370342844976
7360.338692189437 0.19483813781492126
7364.1417759089645 0.19417796177988075
7366.676350976213 0.1941715896912585
7369.210437597349 0.19424307089775952
7371.744035772362 0.19417423996284042
7374.279099307441 0.19391224039296281
7376.813674396385 0.19383652291236608
7379.348249490743 0.19366937946191015
7381.882824590502 0.1935303953125603
7384.417399695663 0.1932427686058396
7386.95246325777 0.19289164955412372
7389.488015276817 0.19261527238484763
7392.022590398141 0.1924979267846481
7394.557165524838 0.1921205933054323
7397.091252205345 0.19211805800457277
7399.625827342772 0.1919975557121421
7402.160890937117 0.19182237004576536
7404.694489182132 0.1916635085655069
7407.229064335614 0.1915909717171022
7409.764127945997 0.1915607960734808
7412.299191561717 0.1912619288892465
7414.833278279636 0.1911297452621422
7417.368341906008 0.19069329596872356
7421.169960452401 0.19051708129209
7423.703558737349 0.19057526149338072
7426.239110833874 0.19041568464810033
7428.773686032559 0.18995522768490722
7431.308261236533 0.18972989657267048
7433.843813348938 0.18950502129642116
7436.378877015053 0.18921467249868604
7438.912963783292 0.18901683598396649
7441.448027459948 0.1884738840892442
7443.982114238715 0.18850269244326434
7446.516201022736 0.18856659784485336
7449.050776263584 0.18828496332120087
7451.584863058096 0.1882209542831267
7454.119438309426 0.18773327778964385
7456.65352511441 0.18786623281253823
7459.188588827782 0.18761421391453353
7461.723164094794 0.18733759994523058
7464.2577393670235 0.18696142505634858
7466.793291547636 0.18653718354853197
7469.327378378697 0.18647892366554628
7471.861953666542 0.18608612786073173
7474.396528959581 0.18587986878939441
7476.931592709398 0.18559090891506075
7480.732234537476 0.18528351224291154
7483.26729830024 0.18506323537947475
7485.800896713394 0.18484367473121494
7488.335472034896 0.18466671065442247
7490.871024264746 0.1842970101742476
7493.40413424177 0.18417272097325138
7495.939198030325 0.18383800780527043
7498.473773372423 0.18358558979225778
7501.007860268057 0.18309954631826966
7503.540970265617 0.18317548928473532
7506.075057171498 0.18311148352395137
7508.6096325341005 0.1827775041211818
7511.144696353418 0.18248397811704273
7513.678294823031 0.18230471756640423
7516.2133586525615 0.18195821215509747
7518.747445583975 0.18175027204565855
7521.281532520477 0.18125991177993506
7523.8161079136735 0.1810966865679337
7526.349706408731 0.18090799169798413
7528.884281812081 0.1806356606310376
7531.4188572205 0.1803203886815992
7533.952455730757 0.18011834028060628
7537.753097731427 0.17986723442386732
7540.287184705927 0.17952246200869987
7542.822248588701 0.17910768734936586
7545.35535867005 0.1788535456365078
7547.890422562899 0.17846526527483036
7550.423044202684 0.17824837178579056
7552.957619653966 0.17787018168984545
7555.491706658641 0.17758409967593347
7558.024328313464 0.17748687361385587
7560.558903779779 0.177179923009471
7563.092990799471 0.17680496706758703
7565.627077824158 0.1764539591301026
7568.159699498959 0.17638642237026111
7570.693786533618 0.17606456081845792
7573.226408218373 0.1759677397634573
7575.760983714607 0.17539054501351667
7578.294582312556 0.17529367036038065
7580.828669367095 0.1750257108335641
7583.3617795233295 0.1746242253365614
7585.895866587774 0.17440317101995
7588.428976753904 0.17423494098591386
7590.962575376606 0.1738440268188461
7594.762240642454 0.17335392337748456
7597.296327729117 0.1729367245398578
7599.829437917431 0.17272924169344706
7602.363036562294 0.172570797548157
7604.896146760432 0.17224142240569484
7607.429256963473 0.17193545755550876
7609.963344074695 0.17154121618190846
7612.4964542875305 0.1714044839801981
7615.028587601969 0.17110587802446228
7617.562674727864 0.17079970503057743
7620.096273406995 0.17052005419586927
7622.628895187711 0.17011135258105992
7625.162005424938 0.16984951971112477
7627.694138763733 0.169693302335553
7630.227737462328 0.16945384258385743
7632.7608477141275 0.16898099038752193
7635.293957970776 0.16872440574407452
7637.826579780615 0.1685141849905875
7640.358713143637 0.1684242082174403
7642.892311866447 0.16790389154519503
7645.424933690778 0.16777198707658295
7647.958043971583 0.16744985366209794
7651.755755595195 0.1672799055004738
7654.287888984717 0.16716510911756893
7656.820510830694 0.1667874016945036
7659.352644229813 0.16672433500335715
7661.885754537039 0.16630813741818606
7664.418376397397 0.16595034743520365
7666.950021359212 0.1657589345902387
7669.482643229125 0.1655441478588415
7672.014776652148 0.16521688997491332
7674.546910079936 0.1648569089668479
7677.079043512484 0.1647197881058101
7679.610688498123 0.16452410760180683
7682.143310391842 0.16428361773400782
7684.674955386973 0.16403110088971543
7687.207088838512 0.16376413043743066
7689.739222294787 0.16363623738756888
7692.271355755793 0.1633904666649348
7694.803489221524 0.16310611876668926
7697.334645788629 0.16298089145544795
7699.867756167145 0.16261545584899792
7702.398912743672 0.16243948406991254
7704.930557776578 0.16215018586795882
7707.460737459157 0.16218155376298007
7711.258449250202 0.1615794623332228
7713.79058275121 0.161217785085425
7716.322227805224 0.1611979506764669
7718.852407508874 0.16111650146783202
7721.384541023916 0.16087848183437417
7723.91520918858 0.16073443443031696
7726.446854261269 0.16032536590691374
7728.978010886934 0.16019986432363342
7731.508679065564 0.16013587850263117
7734.039347248835 0.15999944708064706
7736.571480791812 0.15960075327531434
7739.100683629298 0.1595518077482308
7741.632817181544 0.15919917696861102
7744.16299693166 0.1591294842709516
7746.693176686398 0.15898643559924205
7749.223356445746 0.15877884465185382
7751.755001564782 0.15851710322591137
7754.284692881655 0.158511378745807
7756.8163380099 0.15815712079162622
7759.3460293359685 0.15806272330717125
7761.876697570017 0.1580498849257128
7764.406877356953 0.1576486246999004
7768.2016585942465 0.15751582174697956
7770.731838392627 0.15727716118078056
7773.261529743875 0.15717197702807253
7775.792198003087 0.15703589512096003
7778.321400911755 0.1570749512381053
7780.852557631784 0.15675974746271928
7783.38127209785 0.15674360584774943
7785.910963471865 0.15649791067653912
7788.441143302124 0.15627960109717437
7790.9698577818 0.15614701018713062
7793.499549169415 0.15607841714181245
7796.02875210985 0.15601735388977156
7798.5584435065075 0.15576348551316185
7801.086669552556 0.15570529513039252
7803.61684940995 0.15538732016406076
7806.14654082014 0.15542560412423653
7808.674766879697 0.15528396221710639
7811.203969847172 0.1551777539465955
7813.733172819137 0.1550168925811046
7816.261398892157 0.154988486255253
7818.791090324803 0.15470151193852819
7821.319316406777 0.1544105150106107
7825.1111670864 0.15469823635237057
7827.639881631254 0.15444790108146492
7830.16957308401 0.1540692572435813
7832.69779918606 0.15388855294118042
7835.22553684084 0.1539209140111551
7837.751809144894 0.15404402740975953
7840.282477518887 0.15354778274450323
7842.809238283533 0.1536214520862784
7845.338441311224 0.15331063376519058
7847.865690536446 0.15319403096940729
7850.3934282178125 0.15314620057127806
7852.921165903591 0.15309234777829783
7855.447926690324 0.15316551528045558
7857.976641288375 0.1528456750449646
7860.503890535641 0.1526532480609732
7863.031628239036 0.15252887077573066
7865.557900591626 0.15243592208060563
7868.085149852066 0.15235350443002357
7870.612399116884 0.15223465026186045
7873.13915993435 0.15224795416734646
7875.666897659651 0.15209038016659532
7878.194146937591 0.15175235705480022
7881.983067055732 0.15187665112795487
7884.510316344569 0.15164595298508152
7887.036588734283 0.15145328532418528
7889.56334958008 0.15136785907906183
7892.08913352674 0.15130463853887513
7894.615405929472 0.1512165265311619
7897.142655240023 0.15100430594220907
7899.667950747934 0.15071150396518188
7902.195200067138 0.1504593167201813
7904.7190302284525 0.150699760046542
7907.245791104548 0.15039297047194417
7909.772063533205 0.1502864051844142
7912.297359062675 0.14986537388043555
7914.824119951687 0.1497561325490148
7917.347950134507 0.1499216272923508
7919.873734128608 0.1497264181160696
7922.399518126997 0.14927383165869454
7924.924813677913 0.1492313094976263
7927.449132329605 0.1489903528155639
7929.973450985567 0.14890727000299325
7932.499235001051 0.14866429976368176
7935.024530569047 0.14854689484746958
7938.811008573758 0.14835459689847008
7941.335815700634 0.1480460555100786
7943.860134380001 0.147889486933392
7946.384453063609 0.14772968621014668
7948.90974865497 0.14742790551195437
7951.433578895288 0.1471921408654096
7953.9569206880715 0.14705998932800823
7956.4807509368375 0.1468722054690186
7959.005069641584 0.1468622951550273
7961.528899898781 0.14641607396649312
7964.051264804899 0.14643516369776907
7966.575095070509 0.14606423424290885
7969.099902243853 0.14552839741964413
7971.622267162564 0.14534842715295143
7974.145608988996 0.1454208933902712
7976.669439271385 0.14495969185011873
7979.19278110619 0.14444339380776816
7981.714657589863 0.14437777672597762
7984.237022529476 0.1441262400335513
7986.760852828569 0.14378771506427815
7989.282240872972 0.14380305008180344
7991.805582728621 0.1434484156104767
7994.328924588427 0.14290430140629967
7998.111495127047 0.1427100776538409
8000.633860093675 0.14227828286759361
8003.154759709111 0.14222926297281893
8005.677613135789 0.14159274218566464
8008.1990012112665 0.1413569933384684
8010.720877742647 0.14096631599192566
8013.242754278149 0.1407709448099841
8015.764142365987 0.14033486082252425
8018.284553554375 0.14024117468519426
8020.806918553998 0.13969753876539476
8023.327329750597 0.1392118346279581
8025.848229403075 0.13907946006010585
8028.369129059647 0.1387277281191805
8030.889540268524 0.13840098989315172
8033.410928385056 0.13804610928863134
8035.931828053886 0.13744118125979612
8038.450773919645 0.1372735579315856
8040.971673596625 0.13679153732074764
8043.492573277674 0.13635423525173382
8046.011519155631 0.1363827254554007
8048.531930393014 0.13586014881570854
8051.051364730869 0.13538273455679017
8054.830027793454 0.13482614323238792
8057.350927496805 0.1343244218424802
8059.86938494523 0.1339525870867983
8062.389796204865 0.13348059762358774
8064.907765209556 0.1331741583985053
8067.427199573661 0.1328779531614526
8069.946145489989 0.13238931272980164
8072.465091410336 0.13192083886902006
8074.985014238296 0.13131742122621906
8077.50200635947 0.1311054886957005
8080.020463840043 0.13075228930351065
8082.537944421015 0.13035006011867487
8085.05786726499 0.1298471039281801
8087.57534785395 0.12955455182961634
8090.093316898698 0.1292222805162831
8092.610797495623 0.12874510518226687
8095.127301192919 0.1284448995382817
8097.646247153211 0.1278534256680046
8100.162750858447 0.12762589640685745
8102.680719923066 0.12715511612038352
8105.197223636226 0.1268297185472239
8107.714215805147 0.12650664802778377
8111.48945984004 0.1257700851104933
8114.005963567025 0.12567297236556435
8116.522467297951 0.12529822158688306
8119.038971032818 0.12508807597416488
8121.555474771616 0.12458466595526378
8124.070513158904 0.1245176100010332
8126.587016905556 0.12412863245714702
8129.102543752502 0.1239128939094557
8131.619047506993 0.12341749404760745
8134.134085909949 0.1232855954683801
8136.649612768629 0.12290245244369413
8139.16611653485 0.12267336047075582
8141.678712690419 0.12263334490973618
8144.195216464435 0.1223807593156869
8146.7092779832465 0.1222440680023303
8149.223827957761 0.12210208313639558
8151.73886638798 0.12198880403025064
8154.252927918433 0.12183359647532518
8156.767966356405 0.12180266953866162
8159.282516346425 0.12166757440363157
8161.795600984837 0.12170058590611632
8164.309174078932 0.12174616585179873
8168.080022179134 0.12179057333923311
8170.593106831037 0.12185829949420081
8173.106679938613 0.12189370868335758
8175.6192761463735 0.12221963738112908
8178.132849261632 0.12233286744239302
8180.646910832557 0.12241885630002511
8183.157553244495 0.12295106195629964
8185.67014946758 0.12320307190954498
8188.184211049987 0.12335289470897119
8190.695830377046 0.12373707238017984
