# %ECSV 1.0
# ---
# datatype:
# - {name: WAV, unit: Angstrom, datatype: float64}
# - {name: EFF, datatype: float64}
# meta: !!omap
# - {DICHROIC: D500}
# - {GRATING: 831/8200}
# schema: astropy-2.0
WAV EFF
6785.264499439487 0.247034238632472
6787.548821819353 0.2470561670661875
6789.8346094534445 0.24623829571284134
6792.119420260952 0.24577305920727693
6794.40423107419 0.24552264701736365
6796.690507141646 0.2445376800044413
6799.547253297644 0.2444375380193516
6801.833529377968 0.24367714024858728
6804.120293880176 0.243186398392289
6806.406569971919 0.24270328806109487
6808.692846069362 0.24274350948483608
6810.981075837189 0.24166367043131726
6813.266863529839 0.24230933543047184
6815.555093309046 0.24142073389017715
6817.8413694292285 0.24118280106834405
6820.13008763597 0.24082079555378438
6822.419782680743 0.2398012373982282
6825.278482581419 0.24036742355040164
6827.567200806575 0.24005932537994185
6829.857384285933 0.2388292314637987
6832.145614106208 0.23928319749776833
6834.43530918068 0.2393074794670175
6836.724027428419 0.23901295658026003
6839.014699346537 0.2389626821777311
6841.304882854099 0.2392847422736596
6843.5950663672875 0.23864009464044542
6845.885249886093 0.23881070154793888
6848.749322437024 0.23824441516860417
6851.039505968452 0.23823998150156847
6853.332131586456 0.23806770917768943
6855.622315129082 0.23878830175705898
6857.912987093492 0.23855606514696964
6860.206101144481 0.2387835607091055
6862.498726784857 0.23892859856912432
6864.789887182212 0.23921564954520746
6867.083978082347 0.23879417805959652
6869.377092155651 0.23909655790153372
6871.6682525697 0.23908941989880925
6874.5357441125625 0.23928784465106778
6876.829835036345 0.23932838323168562
6879.123925965675 0.23915045524562256
6881.4170400681305 0.24014020443522147
6883.712107840966 0.2397293081678258
6886.006687203125 0.24041201466758252
6888.300289738387 0.2408872978228472
6890.595845944023 0.2408130177076625
6892.8923789876135 0.24099916477314431
6895.188423620507 0.24038843578827798
6897.482026177823 0.2424268744139841
6900.352936711952 0.24203932242139825
6902.648492946514 0.2430222970247631
6904.946979683898 0.24210330148662082
6907.241070680775 0.24326989685466094
6909.538580596691 0.24372054298336376
6911.837067350542 0.24368163952715938
6914.134577277422 0.24361116499688235
6916.430621961086 0.24471453246655833
6918.729597147584 0.244986910486592
6921.027107090857 0.2459475287287102
6923.326082288277 0.2451374455453552
6926.199434980545 0.24596686890909644
6928.4959681090595 0.24784136510591098
6930.796408572884 0.2471047947200622
6933.095872209676 0.24872884450906443
6935.395335851899 0.24863696450637357
6937.694799499552 0.24890200016341815
6939.993286320143 0.25036774997024086
6942.294703643588 0.24999979620210785
6944.595144139969 0.25106234724670684
6946.896073058001 0.2510807358464991
6949.772844733443 0.2515193367313794
6952.072308414889 0.2526229329007424
6954.3727489342145 0.2542118722606634
6956.67611995641 0.2541273782184883
6958.977537318999 0.2548203606837837
6961.280908351964 0.25424525124322567
6963.581837309056 0.2548934211549785
6965.88325468776 0.2568485076152092
6968.186137320586 0.25743641900168013
6970.48999679128 0.2577273189657587
6972.792879434822 0.2588097675287882
6975.672581683349 0.25987826531130526
6977.976441171435 0.26002218774275143
6980.2807890811255 0.2596626524998568
6982.583671747368 0.2605272841139815
6984.885577586414 0.26284224013009305
6987.191879177137 0.2632450085069158
6989.497692356929 0.26351266584201355
6991.80252870951 0.2647222578760242
6994.107853483671 0.26485705927469455
6996.414643511938 0.2640885075398876
6998.718991464175 0.2649918704937508
7001.6021127013955 0.265940280731834
7003.906460665536 0.2674317283989388
7006.212762300045 0.26824582793863067
7008.519063939839 0.26970472771348314
7010.825854001182 0.27021959237536575
7013.133620900351 0.27053087503140893
7015.440899388516 0.2712917638953602
7017.749154714502 0.27222338397753515
7020.055944796916 0.2733879998206738
7022.364688549701 0.2731061685622897
7024.673432307741 0.2730423583993243
7027.558995700462 0.2743844871501014
7029.866762637736 0.2755937582540412
7032.176971661669 0.2752896090022737
7034.4857154419815 0.27535120799632423
7036.794947643806 0.27615618146467624
7039.103691434567 0.2772517416180684
7041.412435230542 0.2786495214487515
7043.722155864308 0.2793037551803557
7046.03138808699 0.28050740011560316
7048.342573980043 0.28120058214960286
7051.233021602558 0.28046929642283036
7053.54274225843 0.28180123449415645
7055.853928168377 0.28232093062369473
7058.164625667213 0.28387810449137635
7060.475323171226 0.2846139088299229
7062.787485929312 0.2846953886610302
7065.099160276272 0.28593714168374307
7067.410346212096 0.28712160092327854
7069.72348581829 0.2877692987932401
7072.036137013343 0.28848202275612667
7074.349276629854 0.28893143258463816
7077.242166406658 0.28815837033573377
7079.555794451063 0.28870731273611555
7081.868934084305 0.2893112973455006
7084.182562138986 0.289785051203703
7086.497167031421 0.29004740768062903
7088.811283512673 0.2907405420383806
7091.125888415362 0.29143478329130484
7093.440004906855 0.29211510723350226
7095.755586652405 0.2925941683317043
7098.070191570435 0.2941313054010043
7100.385773326202 0.2939856673098952
7103.27915159137 0.2959086738539847
7105.594733358605 0.2962413443447424
7107.910315130932 0.29716912363228154
7110.225896908345 0.2981815060419743
7112.540990274513 0.2991275518845263
7114.858037311046 0.29981622866343405
7117.174107520007 0.30008533850374464
7119.492131399336 0.2998949031169061
7121.80966686741 0.3002098931791714
7124.128179173198 0.3003245854813907
7126.446203067717 0.29992166420803457
7129.343000318475 0.302013283157167
7131.660535808027 0.302578009083246
7133.9790481352775 0.30307274183916155
7136.295606802236 0.3047174607360095
7138.614607555889 0.3049590508924541
7140.934585147244 0.3051836950543502
7143.252609078282 0.3056009117530645
7145.573563512359 0.3044866033406469
7147.894029535122 0.30464536284039434
7150.21351873022 0.30621251051838544
7153.112269710703 0.30789169040176695
7155.431758917055 0.30858009938148123
7157.751248128403 0.3091473426889769
7160.073667842801 0.30792119532195694
7162.394622313163 0.308495180380913
7164.715576788508 0.30863491469961585
7167.037508101525 0.3086106924310023
7169.358462586828 0.3100444940587898
7171.677951828051 0.31205014280199694
7173.999394739632 0.31291107424489645
7176.321814488881 0.31230092376724977
7179.227403368265 0.31180991971313965
7181.548357879608 0.3131598195611775
7183.870289228604 0.3141014028893505
7186.192220582541 0.31506257705645696
7188.515617190485 0.3142693635593349
7190.839502219725 0.3142012556539693
7193.163875670258 0.31405981236637714
7195.488249125721 0.31444154110097333
7197.809692087944 0.31720027842884946
7200.13406555325 0.31661452760669023
7202.458927439835 0.31631124182638815
7205.364027972246 0.3174016119162891
7207.688401453512 0.31829881575009156
7210.01326335604 0.3186370980839768
7212.3386136798335 0.3175242021255566
7214.663475592153 0.31881302181426735
7216.990779591208 0.318670618978531
7219.315153096928 0.3206193027248609
7221.639526607527 0.3211055104294344
7223.967319037601 0.319388203748628
7226.2931578070575 0.3204530716205747
7228.620461830507 0.3207603036312665
7231.5275160970605 0.32119848770952336
7233.854820131446 0.32138688093496287
7236.182612587066 0.32155997133300557
7238.5089397984 0.323186375863622
7240.835267014575 0.32363213616547176
7243.163547901111 0.3228436645070205
7245.493294041635 0.32241924062506244
7247.821086521465 0.3234179150565158
7250.1464369242 0.32599975798149244
7252.476183079215 0.3244699768303888
7255.38763315519 0.3252950792140096
7257.713960406345 0.32695123270352955
7260.045171826181 0.32494459733273684
7262.374429585276 0.32523744543202604
7264.7031989327825 0.32718545149996786
7267.031479868694 0.32814843602476235
7269.361714474965 0.327448710764878
7271.693414335206 0.32666009120641903
7274.022183701874 0.32831248697751914
7276.35192990611 0.32849934008218895
7278.682164531518 0.3281426769690178
7281.595568340482 0.33036244274248944
7283.926779809421 0.32833275110136206
7286.258479699521 0.3294139011610812
7288.588714345183 0.3306454633625535
7290.9209026612025 0.3300797742553514
7293.253090981978 0.32977192518742393
7295.584302474693 0.3303120464544721
7297.915025555746 0.33195905505337003
7300.24721389075 0.3318685235978752
7302.581844312524 0.33133968413078374
7304.91159057496 0.3336774049225551
7307.829878614748 0.33215052331935324
7310.1601133042095 0.3339777647267534
7312.494743746079 0.3325305600789664
7314.828397359842 0.3329187160636329
7317.160097312664 0.3350329601148493
7319.494727768669 0.333693913104948
7321.829358229378 0.33341657204491315
7324.162035029126 0.3351823529278736
7326.496665499228 0.3341159765804955
7328.831295974021 0.33473757196277826
7331.164461204245 0.3360870222969061
7334.084702975852 0.3353603831185552
7336.417379800176 0.33789756395794823
7338.752987127694 0.33675157996361466
7341.09005970915 0.33537817943348874
7343.422248131038 0.33894558867204083
7345.759320721825 0.3367574220962923
7348.096393317268 0.33637192514695885
7350.430535418811 0.338575282198871
7352.767119607133 0.337792037761549
7355.103703800098 0.3379688829557582
7358.024434047833 0.3382087519548657
7360.359553001942 0.3399050329134088
7362.696625626403 0.33930716011414014
7365.035163504791 0.338368255453658
7367.370770889203 0.3404470569740167
7369.708331943966 0.3394224609061154
7372.045893003345 0.34027505035643046
7374.382965650899 0.3405160784598885
7376.7215035523695 0.3405288602524925
7379.058087792691 0.34234206469695505
7381.396625703363 0.3415450996159338
7384.319309681722 0.3426632739410923
7386.658336019172 0.34201143816960566
7388.996385528321 0.3431879332127879
7391.3344350420475 0.3426006179372253
7393.6744382261295 0.34277681875609983
7396.013952998343 0.34215671938229686
7398.353467775124 0.34300591210528536
7400.691028890684 0.3446735895371538
7403.032008925937 0.34317784549118663
7405.371523716403 0.3436636275427363
7407.71006167852 0.34456375588713906
7410.635187803365 0.3452404284399819
7412.976656274417 0.34432218175980805
7415.316171084205 0.3454804831476584
7417.656662731432 0.3453881610476815
7419.998131216103 0.34476536751024417
7422.338622872391 0.3453860673009331
7424.680579782574 0.3450462636211766
7427.021071447908 0.34603136349054714
7429.362539950673 0.3457591857703828
7431.703031625031 0.34771804324692746
7434.046453802662 0.3458508287938935
7436.972556824036 0.34647090884578874
7439.314025345951 0.34710081682794647
7441.656470705289 0.34673788890978846
7443.999892902051 0.34623341289358245
7446.34233827037 0.3473864199102207
7448.684783643175 0.34688743383220166
7451.027229020459 0.3478402519229608
7453.370162818689 0.3473047024075556
7455.711631371981 0.34873313902594216
7458.056030428559 0.3484546290508478
7460.984575589679 0.3480525323998339
7463.327509406885 0.3492208381400627
7465.671420061491 0.348158741746186
7468.014842304075 0.34879263060543786
7470.359241384058 0.3482305956760493
7472.703640468484 0.348791181578187
7475.047551140877 0.3486744815187396
7477.392438650658 0.3491296508330497
7479.735860915437 0.34915042672281127
7482.080748434083 0.34984776194271733
7484.425147540672 0.349142380770815
7487.356134846605 0.3500116067433047
7489.701510796097 0.3496279667443067
7492.045909917035 0.35092027523372954
7494.3922627083175 0.34981571319476945
7496.73812708752 0.349967536415582
7499.083503054639 0.35001701948654546
7501.428879026152 0.3502451958371265
7503.775720251524 0.3500646338086972
7506.120607815328 0.3499645746290774
7508.466960632985 0.3510476717319371
7510.8133134550235 0.35065094849038864
7513.746254488727 0.35093311713203523
7516.092118904112 0.35170332363275403
7518.440425406337 0.3503320996773271
7520.785801413962 0.3519108679108479
7523.134596341412 0.3505405156723068
7525.48094919074 0.35121889502391096
7527.827790460917 0.3513918638499866
7530.1741433189445 0.3517312742237969
7532.52244984731 0.351830542865673
7534.869779547019 0.35182913797509696
7537.218086084068 0.35172480526407296
7540.152492428471 0.35174354808616465
7542.500798975267 0.3516194650709715
7544.849593942894 0.35163378803362705
7547.197412081833 0.35092883177586637
7549.545718641594 0.3516214793474536
7551.895002038684 0.35142330486640355
7554.24282019056 0.35128303187906834
7556.592103596268 0.3506432089008116
7558.94041017326 0.3510965470076652
7561.29018200408 0.35142168874493346
7564.224588403702 0.3518057732062861
7566.575337077206 0.3515518683508393
7568.924132088946 0.35157174086426435
7571.274392354509 0.3513103318379333
7573.623675791323 0.35124132146105
7575.972959232409 0.35108827082978256
7578.323707927317 0.3512916494206022
7580.6729913769395 0.3521801527879733
7583.023251663862 0.35146249884932196
7585.374488788082 0.35024093752780594
7587.723772250481 0.3514473973468682
7590.662086042278 0.35121625810864
7593.012834763798 0.3509943753918804
7595.363583489562 0.3508081728632968
7597.714332219567 0.35050050165551144
7600.064592537284 0.3510409856544506
7602.415341275754 0.35110031425712007
7604.7670668515075 0.3503612308664624
7607.119280848014 0.3498362797595689
7609.470518015686 0.34988431175311063
7611.822243604107 0.35045194486713493
7614.1729923636785 0.35023423244460367
7617.112771464521 0.3497376919976924
7619.4644970666195 0.35013486027514873
7621.817199505987 0.34931116938059065
7624.167459866882 0.35066761525661816
7626.520650731175 0.34946755063475277
7628.873353183128 0.34983705644470564
7631.225078806192 0.34958303177287964
7633.577781266515 0.349231897837503
7635.930483731014 0.34926184449562103
7638.2841630327675 0.3486916868805131
7640.636377089077 0.3487901772246192
7643.577621498401 0.34826338833815657
7645.929347147537 0.34903087330074173
7648.283026466999 0.3486315179702225
7650.636217374074 0.34855191467594365
7652.989896701845 0.3484567548513991
7655.343087617221 0.34784230870597976
7657.69627853674 0.3484730253957681
7660.049957876948 0.3486173096452378
7662.404614054388 0.34717701124525824
7664.757804986318 0.3475433591924121
7667.7005146984075 0.34742048599999503
7670.054194056172 0.3470035248187017
7672.408361834607 0.34609140637007285
7674.76252961716 0.34660774889347823
7677.11718582038 0.34671623122097567
7679.471842027712 0.3453449873467652
7681.825032989486 0.3470844414547426
7684.18066603814 0.34593297044307464
7686.534833841223 0.34545841937807403
7688.8885132318455 0.3466662242615073
7691.243657876231 0.3466135266114273
7694.187832895743 0.345687322323873
7696.542489132762 0.3449665374532036
7698.897633790424 0.3451379390737597
7701.25277845216 0.34486263827129066
7703.608899951096 0.3440680923721524
7705.964044620973 0.3443388748383778
7708.3187008783525 0.34505869120022553
7710.674822389488 0.3441035763439159
7713.030455488117 0.3437580510012252
7715.386088590799 0.3437883066564086
7717.741721697531 0.3438963548150506
7720.686385190779 0.3436236533531001
7723.042506723183 0.3430567236047149
7725.398139843052 0.34363025297648103
7727.754261383529 0.34375341188056086
7730.110871344608 0.34246039933137296
7732.466992893147 0.34232367184027784
7734.82262602913 0.3431129013022623
7737.17972441886 0.34141561617800564
7739.536334396034 0.34158052077652223
7741.89294437722 0.3417623370170457
7744.249065945839 0.3418282395469808
7747.195683161978 0.34122950878158226
7749.552293156184 0.34090519822688786
7751.907926321225 0.34193716792279655
7754.265513156582 0.3415681049241652
7756.62309999593 0.34013236951624104
7758.979221589521 0.34107456867050395
7761.33778527001 0.34057788189218097
7763.694395288144 0.3403359065692695
7766.051982143424 0.33882634266201234
7768.407126919747 0.3410458418839012
7771.355209436712 0.33961235494818537
7773.712796304889 0.33986686713671693
7776.0718484267945 0.33920161387809633
7778.428946886305 0.33872955638108815
7780.784580099997 0.3398736019626021
7783.1441206503605 0.33887395523752645
7785.501707538308 0.3384633719918755
7787.859294430198 0.3385632940791096
7790.217369742621 0.33802600229908275
7792.574956642386 0.3380077163482859
7794.9335203792725 0.33765498946716976
7797.8806261185655 0.33729833392767333
7800.239678280883 0.33713787527875094
7802.597265197335 0.3373132191816672
7804.956317367496 0.3364490176694431
7807.315369541571 0.3357677004643239
7809.67197963656 0.3372082371357776
7812.031031818452 0.33699321453098796
7814.389595587649 0.33584484258279473
7816.748647777346 0.33626414358438006
7819.106723137735 0.3365749998634314
7821.46528691862 0.3356231243617212
7824.413369546038 0.3361725273081959
7826.773887002091 0.334714477112057
7829.133427628815 0.3336213472738516
7831.490037759771 0.33580970141978217
7833.8500668108545 0.3347901402922773
7836.209119032593 0.33398140925413283
7838.568171258195 0.3343423917280321
7840.926246654442 0.33495258952442014
7843.2857873043795 0.334553251779907
7845.6463047914 0.3327093492069995
7848.003891782597 0.3338277659364552
7850.9534397142215 0.3330024025433522
7853.312980380525 0.3336154324959496
7855.672032634054 0.3341392089193533
7858.032061724654 0.33257534653598764
7860.391113985855 0.33269133092509023
7862.750166250884 0.33310158349840413
7865.109218519739 0.33375090978472416
7867.470712875517 0.3313615983446061
7869.830253568636 0.3317826235682062
7872.18832901571 0.33306056703995685
7875.138365413015 0.3325999025602542
7877.498394535147 0.33211346731228203
7879.858423661086 0.33230930563235783
7882.218452790824 0.33149270240495426
7884.577505091111 0.3324939715596722
7886.937534228443 0.3320888730123378
7889.298051786195 0.3318044907355157
7891.658080931107 0.3309004461696263
7894.017621663177 0.3321465509542933
7896.377650815654 0.3316619384174053
7898.738656805171 0.33083007257645924
7901.687228005901 0.33163695401186155
7904.048234003906 0.33074770487507654
7906.409240005677 0.32969863467863736
7908.767803928047 0.3311949365269224
7911.128321520709 0.33045035082523727
7913.489327533763 0.3299419519326319
7915.850821967205 0.3289778405374462
7918.209385904582 0.3307594574820717
7920.56941509561 0.3304970000279676
7922.929932707017 0.3293680829753493
7925.29191557208 0.32795911247672
7928.241463658826 0.3285360593872719
7930.601981282373 0.3282522752770928
7932.9615220763635 0.3288457897711038
7935.321551290717 0.3300562045277807
7937.683534175361 0.3291013332898464
7940.04454023044 0.3279128234729745
7942.402615789367 0.33000446686976653
7944.763621851868 0.3295875014099575
7947.1251163347215 0.3283926920744997
7949.486610821284 0.3275520818078476
7951.846151644955 0.3283465269595205
7954.796676617198 0.32816011445555526
7957.157682699125 0.32846061559191636
7959.516735118143 0.32965226548348925
7961.878229624091 0.32877150954880013
7964.241189383682 0.3263298121602152
7966.599264980432 0.32824157860197933
7968.959294247464 0.3292353542324278
7971.321765601432 0.32729335778604474
7973.682771709113 0.32671904628298937
7976.043289403801 0.32719176090780844
7978.994302839801 0.32672030912703887
7981.353355292752 0.3281029755254595
7983.714361415982 0.32821173601968906
7986.0758559595215 0.32678642561567595
7988.437838923371 0.3260445089182622
7990.797868224226 0.3269914970853417
7993.1574091120565 0.32805849906078693
7995.518903670167 0.3268441327391659
7997.880398231914 0.32656603909940307
8000.2404275473045 0.32684629347202826
8002.599968449652 0.3280371323338824
8005.551958770169 0.3266100655074492
8007.911988097328 0.3271833752090646
8010.2739710947635 0.32636491527382333
8012.635465679147 0.3257938808755574
8014.994518183806 0.32649418842309774
8017.354059108731 0.3278318637846767
8019.716042120603 0.3269400545302556
8022.078513552746 0.3251036234291468
8024.438542905135 0.32518789948050697
8026.798083844444 0.3275019651086842
8029.159090037353 0.3264672283084145
8032.108638325176 0.32800744253602726
8034.470132942822 0.3263857697477277
8036.8326043973975 0.32561313797863795
8039.193122188849 0.3252737644683071
8041.552663150518 0.32680725753260376
8043.914646199139 0.32597493356107593
8046.276140834649 0.3253750560992137
8048.63519339033 0.326013900206168
8050.99619961628 0.3263093283390053
8053.356717429107 0.3256739087507559
8055.717723662164 0.3250754695740141
8058.668248833453 0.32578327190636047
8061.030231907855 0.3245576147704185
8063.389284485701 0.3250159722649004
8065.750290733816 0.3259385984882978
8068.110320152097 0.325389498334956
8070.471814823963 0.3250344513734967
8072.831355832613 0.32467725196092334
8075.190896844784 0.3258831208256649
8077.551414693849 0.3255575613013413
8079.913886213182 0.32390921380527626
8082.273915652591 0.3240255050213425
8085.224440873476 0.3245108167020727
8087.584470320776 0.324200957076471
8089.944499771578 0.32513741314201267
8092.30452922588 0.3254673145729419
8094.667000767142 0.3233744206878834
8097.024588144966 0.32466392763042184
8099.385594443133 0.3246392289062374
8101.745623911398 0.3248908819719888
8104.107607049928 0.3237881871929091
8106.467148108463 0.3237015099358154
8109.417673374085 0.32345334154811684
8111.777214440434 0.3234198011365007
8114.13675551025 0.3249934820546063
8116.496785000231 0.3249559117301244
8118.859256577175 0.3227371464686839
8121.216843990577 0.32389945791629426
8123.575896657534 0.3256065584715383
8125.9369029947475 0.3242798223173618
8128.297420918713 0.3239113179074907
8130.6569620127175 0.32377140575378377
8133.015526276759 0.32534133487229855
8135.965563174283 0.324255469431794
8138.324615862759 0.3254249149052565
8140.685622221491 0.32364979884766687
8143.045163333534 0.32391732734485873
8145.404704449003 0.32422499400597227
8147.763268734477 0.3249006358936445
8150.124275106917 0.323423549236799
8152.483327815932 0.3228152573501214
8154.842380528362 0.3241539042367207
8157.201433244201 0.3247408387999527
8159.562439630295 0.3236647854730981
8162.50954607564 0.32472848925305153
8164.870552469392 0.3233664437296166
8167.228628366254 0.323573202199893
8169.588657933371 0.32436444296065586
8171.947710670446 0.3234572486683641
8174.3077402443405 0.3233830219117997
8176.665327738034 0.3238509962686167
8179.023892068541 0.32404927060953737
8181.385386902733 0.32257679833826625
8183.742974406553 0.3232715697006782
8186.101050330459 0.32398484862216237
8189.050110490237 0.3227416197243604
8191.408674838432 0.3236756707135326
8193.767239189989 0.32317980230674215
8196.126291961624 0.3232204042418529
8198.484367903167 0.3232449361928937
8200.841467014608 0.3243487773407108
8203.201496629745 0.32327994971957574
8205.56054941478 0.32260921298622025
8207.91764853625 0.3241732257800263
8210.275724494506 0.3242380316892465
8213.223807863747 0.3235802584878325
8215.58286066296 0.3230679149428298
8217.939959798587 0.32295455070662643
8220.299012604451 0.3234868127916183
8222.655134913255 0.3236711545740126
8225.01516455923 0.32314428254547084
8227.372263708126 0.3230872981163161
8229.7303396938 0.3234153200966983
8232.08841568278 0.3222451269699303
8234.44649167507 0.32238472254682937
8236.80359083719 0.32350770478367996
8239.749720586111 0.3228555828183225
8242.106819755645 0.3238441951431263
8244.46587259542 0.3227244741344953
8246.821994938058 0.3234080344574252
8249.180070950935 0.3234237230389694
8251.53619330014 0.32389451122410245
8253.89426931958 0.322849528293204
8256.250391675336 0.32292509632365524
8258.607490867844 0.32397384976177357
8260.967520564078 0.3218012192198985
8263.322666096155 0.3218645947970192
8266.267819057693 0.32292612064567744
8268.62491826408 0.3234874226245199
8270.98104064023 0.32392454150522165
8273.337163019638 0.3237703497457563
8275.694262235782 0.32264856078392534
8278.050384621683 0.3236663572676229
8280.407483844325 0.32253517844820906
8282.762629403212 0.32303422032348256
8285.118751798835 0.3236181691508208
8287.47585103119 0.3232392794979826
8289.830996599776 0.3232259840764481
8292.776149606927 0.32313894925888154
8295.132272016273 0.32309592499266043
8297.487417595341 0.3236134861023746
8299.843540011127 0.32310382797083553
8302.199662430132 0.32260178004030776
8304.554808018842 0.32318186086605527
8306.909953610755 0.3231625203092303
8309.265099205879 0.32261340551320955
8311.621221637715 0.32300493328704505
8313.975390405723 0.3227253615885706
8316.919566620505 0.32280510478054664
8319.274712229215 0.32298385853428013
8321.628881007598 0.32308436929026835
8323.984026622684 0.32363521774090476
8326.339172240956 0.3230643505841454
8328.693341028888 0.32309310496748955
8331.047509819993 0.3233389232164205
8333.401678614273 0.3238817283860191
8335.75682424525 0.3228734579075759
8338.111969879397 0.32239068201504434
8340.464185016126 0.324280387151898
8343.407384442067 0.3238417888969842
8345.76155325296 0.3238322484871706
8348.11572206701 0.32331315857045595
8350.468914050678 0.32371921900675305
8352.824059704568 0.3232963407491244
8355.17725169453 0.32348218643901877
8357.529466854094 0.32326665377494407
8359.883635683876 0.3237427236125855
8362.236827683257 0.3238263933819362
8364.590019685771 0.32340234702737175
8366.943211691414 0.3234458083378392
8369.884457494481 0.3241877567862126
8372.236672673613 0.3244318142110373
8374.589864689411 0.32407752542968765
8376.94110304123 0.3246309115433802
8379.296248730363 0.3232807139479296
8381.648463921958 0.32287688829394384
8384.000679116662 0.3233299097094789
8386.350940647362 0.3245119046328134
8388.704132681825 0.32381036059477075
8391.056347885837 0.3236063268325447
8393.408563092944 0.3235879691906723
8396.34883210618 0.3225258362562149
8398.698116819562 0.32492508168268897
8401.051308870274 0.3238858601626958
8403.40352409051 0.32357985439521764
8405.752808813137 0.3249574245344901
8408.105024039533 0.3237359012809818
8410.456262435438 0.32377459706292033
8412.806524000847 0.32455211594218725
8415.158739236465 0.3248677241728497
8417.50900080801 0.3243779914055639
8420.448293027102 0.32367863483746945
8422.797577771958 0.32471596346363496
8425.148816187018 0.3241631109462702
8427.498100937979 0.32548020924619187
8429.848362525569 0.32496728694580695
8432.197647282625 0.3258202680599612
8434.548885709883 0.3241311948750016
8436.898170473021 0.3252705025592199
8439.249408906364 0.324659387209802
8441.598693675578 0.32406152788420334
8443.947001614239 0.3252074301530862
8446.884340208991 0.32522033384778404
8449.23362498805 0.3235283866136697
8451.582909770128 0.3245685620735846
8453.932194555227 0.3241778991001869
8456.280502509753 0.32493287271622334
8458.629787300884 0.3249141285248849
8460.978095261435 0.3247729795860199
8463.326403224988 0.32479885996839186
8465.675688025149 0.3237427687342032
8468.023019161114 0.3252648578466296
8470.371327133675 0.32482526086374014
8473.306712103593 0.32499014821595595
8475.65306641569 0.32595348486001885
8478.002351231582 0.3246423842271551
8480.34968238326 0.3245332635859461
8482.69603670431 0.3256362861101303
8485.044344695556 0.32448484459486204
8487.391675856172 0.3243219863439548
8489.739983853378 0.32400819356628685
8492.08536135272 0.32534733212112177
8494.432692522254 0.3241857430901602
8496.778070027529 0.32572988768465366
8499.712478205727 0.32532686561926494
8502.058832551282 0.3246187417932732
8504.405186899787 0.3243983967179624
8506.751541251251 0.32463121037713455
8509.096918772044 0.32525592010377685
8511.44327312941 0.3246367956150248
8513.787673822473 0.3257207920787771
8516.134028185725 0.325259258950222
8518.480382551918 0.3245396619280495
8520.82673692105 0.3237972612106138
8523.756260968896 0.32475145400933314
8526.100661677368 0.3254016743793697
8528.446039222397 0.3249737731804515
8530.791416770353 0.32521506341378537
8533.13679432123 0.32394464909760246
8535.480218207766 0.32471733851376955
8537.824618930843 0.32456305039911276
8540.169019656836 0.32393268756665494
8542.512443552103 0.32426923182473455
8544.855867450275 0.32471981646873127
8547.20026818499 0.3247852561193475
8550.129792273827 0.3242637419195727
8552.473216181426 0.32434497748399665
8554.816640091924 0.3249361991201803
8557.159087171667 0.3241813135897936
8559.503487921593 0.3233494817558793
8561.844958173464 0.3249070176247539
8564.188382095514 0.3239143399628369
8566.530829186795 0.3243272981401786
8568.872299447303 0.32419553538661255
8571.215723377993 0.3237666723820565
8573.5581704779 0.3237231408160089
8576.484764106339 0.3240342478007789
8578.827211212703 0.32371508011425937
8581.167704654616 0.32434275141530927
8583.511128600361 0.32256459502573664
8585.85162204799 0.32408575634859593
8588.192115498474 0.32344558895316533
8590.533585785468 0.3241950834639586
8592.873102407986 0.3238415097223841
8595.215549534341 0.3227114763940425
8597.555066162548 0.32337957709486015
8599.896536460925 0.32288481276901954
8602.821176462137 0.3230288888053105
8605.161669933232 0.32233720031323077
8607.500209739817 0.32347545857298465
8609.840703216574 0.3217478794218456
8612.179243028808 0.32364710688792186
8614.520713344888 0.3209493900436924
8616.85827632909 0.3231363086737
8619.197792983465 0.32274087808316215
8621.536332806974 0.3221873109498549
8623.874872633292 0.3238507840899029
8626.798535836982 0.32281634697061923
8629.13707566962 0.32262291431100315
8631.476592338744 0.3209287586000098
8633.812201675935 0.32256578626436827
8636.151718350657 0.3213628279674636
8638.489281360808 0.32216108623835915
8640.825867540061 0.32172065700671637
8643.164407389479 0.32052683506171864
8645.501970407997 0.3212817262902942
8647.838556595609 0.31993317050952635
8650.176119619693 0.32077573513438323
8653.097829195282 0.3190135108934238
8655.433438558226 0.321199295403083
8657.769047923937 0.3209817330221904
8660.106610959814 0.3197157879225153
8662.441243497367 0.32044822531434264
8664.777829705077 0.31971538178284004
8667.113439081848 0.32008528553455673
8669.449048461382 0.31977602465447974
8671.784657843666 0.3184457467515061
8674.120267228707 0.31959924107660476
8676.452946115383 0.32013212641471417
8679.37270206241 0.3192757545226469
8681.706357788964 0.31964478421110665
8684.042944019384 0.3177383796521816
8686.377576585128 0.3184945773324288
8688.710255486187 0.3183573408633738
8691.045864891112 0.31672933241648094
8693.378543797631 0.3187886248778367
8695.712199540589 0.3179543442516939
8698.045855286273 0.31647771878745856
8700.378534200965 0.3178792558052878
8702.711213118373 0.3171471574330162
8705.62901543639 0.31623732591010645
8707.95974069247 0.3176157794574039
8710.29437328614 0.31519883641641067
8712.626075381359 0.3160068854870131
8714.956800645552 0.316884874429361
8717.28850274617 0.3160729868051783
8719.622158516942 0.31517801641258686
8721.953860622967 0.3153346947971451
8724.283609064221 0.3154700349669257
8726.61726484309 0.31444072155904457
8729.528229359637 0.316117147262109
8731.860908310826 0.31357430628831506
8734.192610430966 0.31390187262039176
8736.521382052586 0.3145866517820169
8738.852107344352 0.31470025315177275
8741.182832638795 0.31277509595467035
8743.513557935912 0.31254993684671833
8745.842329568222 0.3129903893111389
8748.171101203201 0.3131209367592367
8750.50084967458 0.31338657013344173
8752.829621314884 0.31295590225767245
8755.740585868998 0.3126568547549401
8758.071311182766 0.31170287874463154
8760.400082831706 0.31123814656935767
8762.726900815798 0.31200474779729376
8765.055672470035 0.3113903285239271
8767.384444126918 0.31068445584335525
8769.712238952694 0.3114235851534895
8772.038080113607 0.311585123490443
8774.36587494466 0.3112661174894525
8776.694646612104 0.30953293899726253
8779.02048778092 0.31102253910593286
8781.929498704705 0.31016073378044334
8784.25533987943 0.31016592301321994
8786.583134724293 0.30876160584803397
8788.908975904264 0.30956958990194644
8791.23481708685 0.30877321360873516
8793.560658272056 0.30858070296478923
8795.887476293632 0.3085055705007136
8798.2123406503 0.3095343133341048
8800.538181843338 0.3089308914124856
8802.861092537687 0.30906664133308576
8805.185956902165 0.30873052208559726
8808.094967862728 0.30716103240044274
8810.418855399292 0.30814712907906283
8812.741766104675 0.3084312133856186
8815.066630480193 0.30723030511040933
8817.389541190758 0.30765292278673073
8819.714405571453 0.30768412838506365
8822.038293120964 0.3075096030508769
8824.360227005503 0.3087526797155557
8826.683137726397 0.307781855328469
8829.007025283647 0.30660361803449887
8831.911152108494 0.30606897592383553
8834.233086003973 0.306840515250197
8836.555019902024 0.30672746255663547
8838.876953802637 0.30720184946478457
8841.19791087203 0.30643392203330555
8843.519844777768 0.30640634766888813
8845.841778686063 0.3058952965505858
8848.165666264491 0.3053088176241814
8850.485646510322 0.30519552534669114
8852.805626758705 0.3060822890531513
8855.125607009631 0.30693169109106583
8858.025826535319 0.3059709316434343
8860.347760459556 0.30598384373378174
8862.667740718747 0.30554423308339906
8864.987720980476 0.30455196957664343
8867.306724410944 0.3053630595802634
8869.62475101015 0.30576664907828716
8871.944731279473 0.3051425270987398
8874.26275788373 0.30555782476856125
8876.583714991913 0.3034099005314372
8878.901741601214 0.3038321611611314
8881.219768213037 0.30374895653780054
8884.119010940512 0.30365538129732134
8886.437037557997 0.3040979312030669
8888.75311051038 0.3050644884312282
8891.070160299078 0.3050076324161683
8893.386233256475 0.3054735185450771
8895.705236717797 0.3049166893808115
8898.021309680198 0.30487852363255025
8900.338359478905 0.30382325874491994
8902.65540928011 0.3043099815484491
8904.97148225 0.3042945615918173
8907.287555222381 0.3042844517884075
8910.18289064981 0.3047947402153116
8912.498963627788 0.3042843548064618
8914.814059774437 0.3042955326845467
8917.129155923563 0.3038006052799882
8919.444252075167 0.3048488808021506
8921.75837139543 0.30487607830046465
8924.072490718165 0.304913933995236
8926.386610043372 0.3049518028551143
8928.701706204869 0.3055165436168011
8931.014848701185 0.30608626702384495
8933.906276825044 0.3056433099826237
8936.220396160728 0.3051929044569312
8938.533538665039 0.3052614966563421
8940.84668117181 0.30533679865395835
8943.158846847202 0.3059315882541131
8945.471989358879 0.30550075560101025
8947.784155039175 0.30610658959818837
8950.096320721914 0.30619944086667233
8952.408486407092 0.30578024905460394
8954.720652094718 0.3058810375144136
8957.03184095095 0.30650097735764203
8959.922292275418 0.3056004299640223
8962.231527469448 0.30674463279276243
8964.543693167427 0.3063380448445137
8966.852928366316 0.30697089737259603
8969.16314040147 0.3070880651058388
8971.47432927289 0.30720125879860594
8973.783564479047 0.307841239769212
8976.093776521466 0.3079573625883534
8978.403011732455 0.30807616637256147
8980.713223779707 0.3076716542991588
8983.022458995523 0.3077862423983297
8985.907049350986 0.30897221780027656
8988.215307738372 0.30908316420190995
8990.525519795865 0.3081435581312354
8992.833778188056 0.30772528263990545
8995.142036582649 0.30782491473972046
8997.449318145787 0.30843612912710217
8999.75659971132 0.3090485339886315
9002.062904445385 0.30861370273420713
9004.371162849551 0.30817218324438406
9006.678444422252 0.30824388255366525
9008.98474916348 0.308829158990075
9011.867385884898 0.3094185573587972
9014.172713797621 0.3099841974612895
9016.47804171272 0.3100153327143243
9018.785323297921 0.3095036748763862
9021.091628051634 0.3084585894234521
9023.395979139985 0.308969443157242
9025.701307064573 0.30842010241300855
9028.004681323791 0.309944665619721
9030.310009253108 0.3093582137437271
9032.613383517044 0.31032670106096555
9035.49406660109 0.3096662684759309
9037.7984177042 0.30901238445919244
9040.10276880967 0.30885863751687387
9042.405166249742 0.30920285774467143
9044.707563692158 0.30900142351769183
9047.011914804676 0.3077238537328713
9049.314312251785 0.3079855823423765
9051.617686535114 0.3082177841009093
9053.919107153026 0.3084189097779716
9056.221504607156 0.30753774555440244
9058.522925229736 0.30714563960868724
9061.399701011245 0.30660735766186203
9063.700144805189 0.30664969820428767
9066.002542269225 0.30560970276680127
9068.303962901706 0.30505111401790297
9070.604406702625 0.30444669111934314
9072.904850505865 0.304312216334401
9075.205294311421 0.30309758928154257
9077.503784451517 0.3033750153704805
9079.804228261704 0.3020566350708862
9082.103695240314 0.301197306758926
9084.403162221231 0.29977112685438967
9087.277984367567 0.2985431484949696
9089.576474519781 0.2974911585048339
9091.873987840398 0.2968805960000221
9094.174431665006 0.29519335232350297
9096.47096815632 0.29393995947615525
9098.769458317727 0.2931112837681575
9101.066971647528 0.2917078238429961
9103.36546181352 0.28973282020333213
9105.661021480098 0.2891583326419919
9107.958534816762 0.28702020997139355
9110.256048155712 0.28577383548759433
9113.125986164801 0.28396355025497644
9115.423499508883 0.28105781906692123
9117.718082353525 0.2799785742340735
9120.015595702163 0.27689095664006724
9122.311155385254 0.27465273205791985
9124.60573823671 0.27277258338106425
9126.901297924343 0.26939612249133027
9129.194903946418 0.2677423072546251
9131.491440472491 0.2645988855343143
9133.785046499086 0.2622398169142724
9136.652054035507 0.25854807006883457
9138.946636901097 0.25588533473143715
9141.239266101107 0.2526467082705671
9143.533848971203 0.24884292861246307
9145.82745500963 0.2453279096567182
9148.121061050306 0.24166716941454722
9150.412713425387 0.23826076246331174
9152.70534263663 0.23428523768452228
9154.998948684037 0.22936447974197896
9157.290601065839 0.22584659730267356
9159.582253449875 0.22137507226471
9162.447307350021 0.2155387886350396
9164.738959739081 0.20994770249608716
9167.02963529644 0.20525744462594267
9169.320310856028 0.19967326703357105
