# %ECSV 1.0
# ---
# datatype:
# - {name: WAV, unit: Angstrom, datatype: float64}
# - {name: EFF, datatype: float64}
# meta: !!omap
# - {DICHROIC: D500}
# - {GRATING: 1200/9000}
# schema: astropy-2.0
WAV EFF
7361.245521302448 0.18708400036273648
7362.827572029117 0.19004940087372008
7364.409622757907 0.1924164991052905
7365.993627240879 0.19397038826148896
7367.575189535893 0.1971782203659147
7369.158705585087 0.19783287724023976
7371.135902678481 0.20253133805855983
7372.719907170455 0.20236327261164613
7374.303423226529 0.20459435893569258
7375.885962408675 0.2075235525366884
7377.470455345016 0.20758339058421785
7379.054948283467 0.20911075915024832
7380.636999033924 0.21185102081776208
7382.22198041462 0.21184778799656753
7383.80793867347 0.2125194011167917
7385.389500992222 0.21547511780617126
7386.974482379239 0.21547369984661763
7388.955098568442 0.21782040039828554
7390.5400799601975 0.2179502323748778
7392.126038230107 0.21849594410506493
7393.7105311880405 0.21950715731226225
7395.296001024129 0.21965594108210004
7396.881470862317 0.22088137086375675
7398.467429140632 0.22147483828970524
7400.053875859075 0.22090786850690441
7401.638857265525 0.2227616040121142
7403.224327112101 0.22261930592044069
7405.207385518341 0.22332941917707763
7406.794809121752 0.22202968467148013
7408.381255851192 0.2234464800923228
7409.96672570666 0.22426627110298444
7411.555126192414 0.22276018080309729
7413.140596052055 0.22485126510600745
7414.728019665923 0.22388200399788127
7416.316420157949 0.2236484399767556
7417.902378461881 0.22476116463339432
7419.491267396117 0.22336095468245734
7421.078691018328 0.2239213217959436
7423.064191644114 0.22358025154362857
7424.650638394928 0.22484677720735566
7426.240504214101 0.2224639269226262
7427.828416283193 0.2233083505685394
7429.416328354362 0.22275560015235116
7431.005705741733 0.2219843004097994
7432.593129379014 0.22316905016750624
7434.182018332493 0.22272253296343164
7435.771395726092 0.2221989484822391
7437.360773121764 0.2216063730967734
7438.9506389575545 0.221225643703787
7440.937116488624 0.2200689083496338
7442.5260054529845 0.2210646705117065
7444.117336609644 0.219143232292377
7445.705737140088 0.2205405804476869
7447.295602986739 0.22015878685750034
7448.886934149603 0.21861045077591873
7450.475334686237 0.21921255599362613
7452.0681311673825 0.21737665622747374
7453.656531708136 0.21820902634698855
7455.248351317309 0.2172603296120332
7456.8401709285445 0.21631198637442864
7458.828113802786 0.21577183042909528
7460.419444980602 0.21553595892428354
7462.011264598529 0.2144703334126693
7463.601130466294 0.21497518865917922
7465.193438526386 0.213931660795336
7466.785258150479 0.2134794922079589
7468.377077776624 0.21254081934413008
7469.969385842877 0.21236761208483013
7471.560228597009 0.21184874721251418
7473.15400198154 0.211002332888428
7475.144875510423 0.21017069428127405
7476.735229833146 0.2107206357001282
7478.328026348213 0.20995749001313835
7479.920822865327 0.20991597495847364
7481.5155731367295 0.20762971464572938
7483.106904343745 0.20869930737104062
7484.701166181175 0.20721081003279385
7486.293474268394 0.20754087113104552
7487.886759233778 0.2068745183516989
7489.480532639266 0.20669097480973267
7491.074306046791 0.2057396053329311
7493.066156480512 0.20542142120345294
7494.660418330688 0.2049555491831971
7496.254191744829 0.20479368165684741
7497.84845359907 0.2038893898639217
7499.442715455344 0.20341805295379767
7501.03746575172 0.20269756686131357
7502.631727612054 0.2027417773718381
7504.225989474416 0.201921400676142
7505.821228214949 0.20157540862696266
7507.41695539558 0.2007319423014971
7509.01072882595 0.2016877871184107
7511.005021478565 0.20103028116318716
7512.600748665778 0.20017565700486725
7514.195498978867 0.199801857528034
7515.791714608202 0.1997877046468338
7517.386953363402 0.1995562363805221
7518.983168996778 0.19871235983810165
7520.579384632169 0.19833017733287464
7522.174623393425 0.19821313946223912
7523.770350594771 0.19810750084682577
7525.367543112369 0.19822100956566507
7526.963270317745 0.19782932401483838
7528.959028312971 0.19752842090808911
7530.555732399033 0.1970984461910673
7532.152436487103 0.19716763894650163
7533.749140577184 0.196985377237645
7535.346333107356 0.19677357536285134
7536.944014077616 0.19632082468202705
7538.541206611801 0.19589442032218018
7540.1379107099065 0.195784651893261
7541.735103248098 0.19595936813698978
7543.332784226381 0.19566096445104367
7545.330007561567 0.19596537399142833
7546.92768854435 0.19559313720063373
7548.525369529133 0.19579075967136697
7550.123050515913 0.1962713929776003
7551.721708380865 0.19554117827561054
7553.320366247819 0.19521429309812524
7554.918535678675 0.19539209290305687
7556.516705111524 0.194893745377995
7558.11536298446 0.19496890216040694
7559.713043983201 0.1959854689852327
7561.31219029821 0.19578683040934183
7563.311367413817 0.19550567837063446
7564.9105137333 0.19533767106096328
7566.509171616678 0.19566804730277285
7568.108317940138 0.19528585627650946
7569.708441141773 0.1954079760666891
7571.3075874691995 0.19601303737103629
7572.907222236706 0.19564766166099765
7574.505880130001 0.1962084576370631
7576.106003339569 0.1960872885949923
7577.706614989214 0.19585928851344456
7579.306249764642 0.19654633201843
7581.306403784332 0.19677311442919687
7582.906038564206 0.19669029522064596
7584.505673346053 0.19736826290793155
7586.105796567977 0.1975938539107812
7587.706896668078 0.19737360784981725
7589.307508332047 0.19765723728100168
7590.907631559885 0.19840108018411556
7592.509220104003 0.19834835006277007
7594.109831773882 0.19807655544065172
7595.710443445729 0.1990470128337078
7597.3115435576465 0.19935115177978643
7599.313162919361 0.19949339487493428
7600.915239911917 0.19934415612836673
7602.515851592109 0.19995378763923427
7604.117440150482 0.19975849324970504
7605.720005587036 0.20004456423218064
7607.3211057112185 0.200809654910782
7608.922205837359 0.2017085441950508
7610.524282841678 0.2018753814548736
7612.1263598479545 0.2022627529796675
7613.7279484180735 0.20233212313432297
7615.731521557339 0.202575132440523
7617.333110131851 0.2030635006955618
7618.935675584545 0.20366862966294277
7620.5382410391885 0.20352794613635097
7622.140806495784 0.20413174372409362
7623.742883516212 0.20506386507817137
7625.345448976702 0.20526442589217966
7626.948502877256 0.2059854649387669
7628.552045217872 0.20550735294474368
7630.15412224608 0.20721953980930433
7631.756687714346 0.20731249307137142
7633.76123775724 0.2077132563005466
7635.3642916679955 0.20773458281066037
7636.968810895055 0.20825783949860455
7638.570887933444 0.20955288966301683
7640.174430288137 0.20975670703236698
7641.778461082888 0.20990984228108567
7643.38200344145 0.210410151925842
7644.98701111632 0.21014882115467745
7646.589088164379 0.21194679719437493
7648.194095843115 0.2116898312321769
7649.799103523786 0.21196085654936905
7651.803165155771 0.2131526699312647
7653.407195964533 0.21368347267901408
7655.011226775217 0.21451291343313664
7656.616234464087 0.2143211156098979
7658.219776840497 0.21599934598856385
7659.825272971345 0.21519861523468942
7661.429792227859 0.21564995975871334
7663.033823048165 0.21748158535724618
7664.639319184783 0.21693474898122062
7666.244326885191 0.2174563287357492
7667.849334587517 0.21806754509124374
7669.855349999058 0.21876157716160244
7671.460357705696 0.21952564276434808
7673.065365414252 0.2199598620584476
7674.6698846865875 0.22071202964938724
7676.275380837102 0.22177527149752382
7677.881853865802 0.22074651528870193
7679.487350020142 0.22142801283514812
7681.092357738256 0.2229235059039993
7682.698830772691 0.22317186505117778
7684.304326932756 0.22339556457017848
7686.311807683195 0.22433859115006896
7687.91535009499 0.22609917204024627
7689.522311575665 0.2264827288640717
7691.128296181965 0.22625860048830668
7692.733792352024 0.2275918040612652
7694.341242276552 0.22811052958980946
7695.94673845041 0.22838717334189607
7697.5532115024525 0.22873624515448998
7699.16066143268 0.22873072942033312
7700.76713448852 0.2298021355557758
7702.374095984396 0.22944726424479872
7704.381576761545 0.23075917727342465
7705.987561385394 0.23166464332870437
7707.59354601113 0.23284307369796917
7709.201972829494 0.23189976351966174
7710.807957459009 0.23319737945192098
7712.414918966709 0.23362868128674422
7714.022857352595 0.23396128186462756
7715.63079574037 0.23461853162373197
7717.235803501128 0.23589188172730244
7718.84276501637 0.2367360805704412
7720.451680286101 0.23610572213775202
7722.4606264042295 0.2364392819875793
7724.0685648018925 0.23690618502393893
7725.674549448825 0.23886111069298746
7727.282487850245 0.238820606347611
7728.890426253545 0.2387822927878031
7730.497876220565 0.23990237507142156
7732.105814627617 0.24014526183326693
7733.713264598388 0.24073564826414362
7735.322179885498 0.2403946262285387
7736.9286529837 0.2426303299212006
7738.537568274557 0.24273613318052473
7740.547002857203 0.2433386655186199
7742.155918152269 0.24271723760281863
7743.764345011041 0.24304340970611224
7745.37081811904 0.2447475968528652
7746.980221857865 0.2455066824276794
7748.588648722234 0.24501434848687206
7750.196587150304 0.24639112699123206
7751.80550245656 0.2466174635007218
7753.413440888351 0.24715551639599964
7755.023333074655 0.24612571259980828
7757.034232995659 0.2472509268454248
7758.6426598716525 0.24801603859376573
7760.250109873171 0.2491855242127007
7761.858536752872 0.2509513957525491
7763.46940582526 0.2492436438881051
7765.077832708668 0.24990990628295098
7766.685771155761 0.2509113126026581
7768.295663357375 0.2508425128260558
7769.905555560839 0.2509707692057948
7771.513005575308 0.2522731480500014
7773.122409344298 0.2523273650124068
7775.133797729507 0.25331976973772874
7776.743689940822 0.2538466954285527
7778.354070592154 0.2527241121574196
7779.963962807155 0.253097283553553
7781.57141283314 0.2550293791796468
7783.181793489999 0.2554563357470142
7784.791197272351 0.2546439637131852
7786.401089494717 0.25505654050463866
7788.009027966217 0.25668525107711837
7789.620873944956 0.2561014206181127
7791.22978929648 0.25643161873089143
7793.242643022076 0.25651781852194117
7794.851558377721 0.25729732367389235
7796.4609621733725 0.2583630485629436
7798.070854409032 0.25877681369082883
7799.680746646519 0.2592994905194939
7801.291127324016 0.2589762664499285
7802.901019565157 0.259704144413597
7804.510911808127 0.2607651638388727
7806.122269367463 0.26020707422724765
7807.732650052262 0.25930031595773273
7809.3420538625205 0.26117139061285694
7811.356372928362 0.26028151667701444
7812.965288304531 0.2621939543527213
7814.575668997069 0.26262425169128784
7816.185561253241 0.26263989997672443
7817.797407263967 0.26133423747623796
7819.406322647397 0.26317745404893333
7821.017680223572 0.26336031720850767
7822.629526239751 0.2632052784346802
7824.238930066804 0.26275841231985697
7825.849310772044 0.2644203020089432
7827.863629861156 0.2634776451656663
7829.473033694089 0.26496054230201216
7831.083414405206 0.2654792627418639
7832.695260432699 0.26505428969627975
7834.307106462002 0.2634218957603949
7835.916998740344 0.2653916448356396
7837.526891020487 0.2666959045797735
7839.138737055201 0.26650268416516637
7840.751071529912 0.2644908405228472
7842.3609638154585 0.26604263192011834
7843.970856102798 0.2675862501632449
7845.985175217278 0.26654526537383605
7847.595555946856 0.2686725837284556
7849.207401992815 0.2678413920289044
7850.818759602374 0.2670831658239523
7852.430117213726 0.2670483963340195
7854.0409863886725 0.26874529675031067
7855.6518555654075 0.2689707925826661
7857.264190058531 0.2685078491964992
7858.875547677044 0.26803502755810704
7860.485928420948 0.269211231063005
7862.0963091666345 0.2707286590781224
7864.112093620908 0.26964742420070487
7865.722474370608 0.27012181513473293
7867.3343204366965 0.2702858322074319
7868.946654942772 0.26948404882583377
7870.558012574219 0.2693490002689902
7872.169370207451 0.27020078381143053
7873.780239404255 0.2713894062889928
7875.392085479242 0.2708446878597697
7877.004908432419 0.2696548893397689
7878.615777634552 0.2707656861461671
7880.226646838456 0.2719912305940843
7882.242431317758 0.27096057403812984
7883.853300525647 0.27214489857333213
7885.465146611724 0.2719048638091536
7887.0784580141935 0.27077084810640567
7888.6903041038095 0.2703295996799691
7890.300196442356 0.2731306065399528
7891.911554097294 0.27361373865245686
7893.525353945049 0.27208807394543105
7895.136711603514 0.2712068443806074
7896.7480692637455 0.272231028486964
7898.763853765698 0.2706380294848752
7900.374234553462 0.2734160712857446
7901.986080657625 0.2736284412282773
7903.598415201758 0.2744544661660773
7905.211238185865 0.27280889935251335
7906.822595857084 0.2725490607768633
7908.434441968275 0.27395751521643397
7910.0457996430005 0.2747171224918332
7911.658622634125 0.27403964876234066
7913.27095718879 0.2727346206569263
7914.883291745206 0.2736030209552007
7916.898587833631 0.27294782682667384
7918.509457079326 0.2740951583637838
7920.121303203202 0.27577089327808124
7921.733637767047 0.27471053361574216
7923.347437647296 0.27340024145002895
7924.959772214632 0.2728491298404547
7926.570153030822 0.27423843956402105
7928.181510725194 0.27523855450147244
7929.79531061242 0.274143461805245
7931.408133624943 0.2735857556991314
7933.020468200979 0.2724298237700687
7935.034787437467 0.2746711071425739
7936.64809889386 0.27305313473937676
7938.258968160865 0.27508722770833405
7939.870325867826 0.275811010250577
7941.48412576765 0.2748690419161269
7943.096460354528 0.27325525336236267
7944.708794943135 0.2739388374572918
7946.319175780559 0.27597957436116943
7947.931998810854 0.27570702555984833
7949.545310281105 0.2744541594986672
7951.157644876623 0.2738784441141805
7953.171964137428 0.2752402762215321
7954.784298736827 0.27525288918825047
7956.397610214408 0.27468616358544606
7958.008479502555 0.2761729751544212
7959.620814107116 0.2759489866329223
7961.234125589862 0.2751595858404086
7962.8469486360955 0.27451492132004335
7964.458306369345 0.2755690505796363
7966.0691756660735 0.2768474285845907
7967.682487155687 0.2761649793423951
7969.697294876735 0.27647570888635037
7971.311094808444 0.2760320564242434
7972.9239178653925 0.2745549971911553
7974.5357640475795 0.27437715345596325
7976.147121793235 0.27638138966584014
7977.759456417074 0.2765592160433612
7979.371791042619 0.27579024504525
7980.98461410811 0.2755393498862511
7982.596460298827 0.27586459699857957
7984.208794929486 0.2761843333990518
7985.820641123607 0.2765429188821214
7987.836914183374 0.2754809281501935
7989.447295066594 0.27726461282841
7991.061095019208 0.2762138003775182
7992.673918097036 0.2747618826815724
7994.286741176564 0.27512328823537446
7995.897610504809 0.27663963063743263
7997.508968272992 0.277000662449449
7999.123256672337 0.27570364865819386
8000.735591320396 0.2744420818868909
8002.3474375319 0.2756980471373034
8003.9578184303555 0.27728033544399633
8005.974091513961 0.27512865929656305
8007.584960854455 0.27738824114934396
8009.198760826124 0.2760507875097675
8010.811095484735 0.2757966504404825
8012.423430145032 0.2749989123870129
8014.034299492259 0.27603935991199124
8015.645657279421 0.2776739161632359
8017.2594572595135 0.27638485030191534
8018.8717919265355 0.27539509952924734
8020.484126595239 0.27503769872405104
8022.094995950861 0.2766043037819602
8024.11029218163 0.27485080811832796
8025.72262685578 0.276217579503537
8027.333496216843 0.2774497493874755
8028.946807770851 0.27614092920166033
8030.559630888279 0.2744654856106773
8032.170988692609 0.27580727711089054
8033.781858060356 0.27719464203459276
8035.394681182792 0.27653210941614476
8037.007015868642 0.27606200394373615
8038.618862117902 0.27505840011222865
8040.634646808335 0.2750856409099942
8042.245516184825 0.2747195041881048
8043.856874001233 0.2764406983571291
8045.466766504523 0.2785979710735069
8047.081054953815 0.27612309404746166
8048.693878089985 0.2754937063973402
8050.304747474773 0.2757621395725352
8051.915616861217 0.27657276650578316
8053.526974687578 0.2767588469514734
8055.139309392119 0.27571859539822424
8056.751155660051 0.2748880502055135
8058.7659634972915 0.2756743280324595
8060.3773213306795 0.2759826154543781
8061.988190727453 0.2772271299236709
8063.600037002403 0.2772881714103996
8065.212371717272 0.2763843427051216
8066.824706433787 0.2758547848969262
8068.435575837148 0.27614669758632987
8070.045956803888 0.27748388447909067
8071.657803087071 0.27650737229538924
8073.270626248438 0.2754618438355983
8074.881007220104 0.275427820609552
8076.89630351877 0.27541821741037603
8078.506684494125 0.2754881013214624
8080.118042347656 0.2764838676412935
8081.728423326284 0.27745065922498396
8083.34075805963 0.2757401818872869
8084.95211591807 0.2751277088511047
8086.562496901601 0.27624826477229225
8088.172877886765 0.27853096235575125
8089.784235750102 0.27760698436402625
8091.396570491619 0.2762433975576979
8093.0074399199475 0.27576772480389217
8095.021270926783 0.2767298682245446
8096.6311634822205 0.27675509745603966
8098.24252135411 0.27779854585011887
8099.85339078935 0.27717290327989147
8101.465237102768 0.27621135191047136
8103.0751296646995 0.2762532269760688
8104.68551066653 0.27830761960219563
8106.296380108258 0.27797918915969344
8107.907249551604 0.27723648311268306
8109.51860743485 0.27618292876168815
8111.532926900756 0.27622212619273234
8113.14233103452 0.27670657583722674
8114.753200484743 0.2773053803129278
8116.362116183451 0.27883668737177153
8117.974450951743 0.2772230944615269
8119.584343530239 0.2771344700759051
8121.194724548626 0.27813642735959854
8122.804617130341 0.27860251787651485
8124.415975028512 0.2776900744939766
8126.026356051725 0.27708164790526785
8127.635760199978 0.2784381405499429
8129.648614373686 0.27777486526977613
8131.258506963831 0.27837077588985126
8132.8679111172905 0.2796114460430602
8134.479757463785 0.27793837438019864
8136.089161620448 0.27839673171724394
8137.699542655282 0.27757144897878644
8139.308946815141 0.2785324223123603
8140.919816291461 0.2778678609632494
8142.529220454512 0.2782667589469794
8144.138624619157 0.2780503746834424
8145.747540347104 0.2794665658944818
8147.760882981587 0.2784488478922004
8149.370287151407 0.2781094821612594
8150.981156637694 0.2774452620527095
8152.5900723724035 0.2778400365838608
8154.198499670405 0.2801177304163389
8155.808392284873 0.2795915492187165
8157.418284900927 0.2790175635266457
8159.027689080275 0.278421104805859
8160.637093261205 0.28009909266393834
8162.246009005425 0.27936201337298877
8163.856878504408 0.2780888819062453
8165.867290531437 0.2784946477281262
8167.477671595681 0.2782130952688082
8169.085122031724 0.2796464053097166
8170.693060907638 0.2803647420300944
8172.303930414917 0.27903726087018876
8173.91235773228 0.27941619185384126
8175.519808174616 0.2812928908876438
8177.129212371723 0.28009058655568575
8178.739105008702 0.27945429935458455
8180.347043894052 0.2794724837313414
8182.358432817851 0.27957436809157205
8183.966371706729 0.280460254315717
8185.574799035475 0.28014260445513817
8187.184203242395 0.2801538253432923
8188.7921421359715 0.2801660155572018
8190.399592592806 0.2812004690292094
8192.007531489504 0.28091100514330963
8193.616935702681 0.2800069533818411
8195.2243861642 0.280463958617729
8196.833301942193 0.280581675115453
8198.441240845134 0.2813742282943461
8200.450676037693 0.28289325056941234
8202.060568697367 0.2795802584391207
8203.666553852136 0.2810278535045951
8205.273515885074 0.28240266076286136
8206.882431672793 0.2810766693651505
8208.490370585452 0.28116645102749055
8210.097332623041 0.28268930102944384
8211.704294662184 0.2820856327930072
8213.314187332735 0.2807321536805674
8214.920172498349 0.2815262169559867
8216.52713454213 0.2822883428724066
8218.536569756496 0.2823311745978137
8220.14353180375 0.28175833729213734
8221.751470729174 0.2826325863899634
8223.358432779516 0.2814718356395349
8224.965394831393 0.282910740348814
8226.572356884817 0.28229349171928303
8228.179318939778 0.2823488814633122
8229.784327243015 0.28366914682210204
8231.391289301046 0.28438619387101816
8232.999228237246 0.2824093648836404
8234.605213421717 0.28333417731432886
8236.61464865773 0.28212774001957996
8238.220633845649 0.2835585246462367
8239.826619035099 0.2822197591463148
8241.432604226075 0.283641767155804
8243.03858941858 0.28439561997286367
8244.644574612616 0.2837819199121188
8246.252513561452 0.28259337954968095
8247.857521881899 0.2848648172005128
8249.462530203868 0.28491445121947634
8251.069492280641 0.28428479650975086
8252.67352372901 0.2850541213174241
8254.681982109862 0.2845457343778964
8256.28796731494 0.2846932524403756
8257.893952521536 0.28411022492792026
8259.498960853003 0.28483363384061156
8261.103969185986 0.2856380929134771
8262.709954397134 0.28438409352566013
8264.314962733148 0.28522860940764166
8265.918994194022 0.28739957166337693
8267.525956286365 0.28468316593358056
8269.12998775026 0.285529025586037
8271.136492397234 0.2855330523888222
8272.741500741182 0.2855297321818641
8274.345532209978 0.2862621458577432
8275.950540556938 0.2863526436016074
8277.555548905406 0.28572260625800827
8279.159580378719 0.28645852124151155
8280.764588730195 0.2858418745821048
8282.369597083172 0.2859169475790405
8283.97167480767 0.28737134739490294
8285.576683163652 0.2868743666474056
8287.180714644468 0.28706602499812234
8289.185265559265 0.2879050905796963
8290.789297043453 0.28723027012736413
8292.3943054058 0.28658777379795103
8293.998336892982 0.2866666298802149
8295.600414628316 0.28811710262745815
8297.205422995148 0.28609973451631493
8298.807500733466 0.28761244436040656
8300.411532226615 0.2870030456535993
8302.016540597924 0.2871151233537845
8303.617641464032 0.2886605266897706
8305.221672961648 0.2880276482648986
8307.22622389742 0.28742485523201866
8308.829278521704 0.28612002224935223
8310.431356270794 0.28824852657637867
8312.034410898046 0.28748474775334415
8313.636488650101 0.28737285893974934
8315.239543280315 0.28745226218060627
8316.842597912007 0.28900746543358913
8318.4446756685 0.28850728275475274
8320.045776549785 0.2893736263071656
8321.648831185912 0.28879876171609625
8323.25090894683 0.28960505585292906
8325.252529273368 0.2896746657019764
8326.855583914286 0.2890243450746948
8328.456684803305 0.2891083009823228
8330.057785693794 0.2900578119324344
8331.66084033913 0.29023083337733047
8333.261941232557 0.2903150696221475
8334.86304212745 0.29077414097812404
8336.4651199005 0.28860473895759037
8338.066220798328 0.2901195088590541
8339.667321697616 0.2903634545872609
8341.669918919655 0.289164572485577
8343.27004294554 0.28997707904594083
8344.870166972885 0.2914513452343524
8346.47322163178 0.28940784420797305
8348.072368785346 0.2901812352162922
8349.673469693766 0.2901420183026512
8351.273593726943 0.2895094412564422
8352.872740884875 0.2910604917274724
8354.474818674365 0.2898292949645247
8356.073965835203 0.29126759742558367
8357.674089874194 0.29120258393350096
8359.674733363327 0.2905168186300078
8361.273880528879 0.29061029948833744
8362.874004572584 0.29072355908326675
8364.473151741031 0.2915578690710399
8366.072298910925 0.2923566311209793
8367.67242295897 0.2910298684729235
8369.272547008466 0.29120930695080155
8370.871694182695 0.291155978119108
8372.470841358363 0.29107166950070695
8374.069011658763 0.29194128228844574
8375.668158837316 0.2920308204893578
8377.66587171664 0.2920250406689244
8379.265018898426 0.2918877124533191
8380.86318920494 0.29199550164476573
8382.462336389604 0.2920809999610744
8384.060506698987 0.2920482237961035
8385.658677009804 0.29214403704409275
8387.25684732205 0.2922047010385771
8388.85501763573 0.29209507507133736
8390.452211074124 0.2934368220764091
8392.050381390665 0.29195098717502016
8393.649528585356 0.29129792085158956
8395.645287731382 0.2920533491126729
8397.24248117584 0.29286690835261187
8398.840651498449 0.29163456862584825
8400.437844945756 0.29168560445522623
8402.03406151776 0.29320178248771683
8403.632231844638 0.29196597170408767
8405.228448419482 0.2932582730341135
8406.82466499575 0.293100429688203
8408.420881573431 0.29308509318502296
8410.01807502926 0.29313328105472214
8412.013834193493 0.29257355396684953
8413.610050775778 0.2935013364081907
8415.206267359477 0.293709964979915
8416.801507067858 0.29380100048336305
8418.397723654383 0.29373376524942313
8419.992963365581 0.2943892823405443
8421.591133708405 0.29219356796075396
8423.185396545688 0.29362884414658935
8424.780636261114 0.29362881997046325
8426.375875977948 0.2936920086756084
8427.971115696191 0.2939195978765757
8429.964921126779 0.29460059882643574
8431.560160848181 0.29374839450905754
8433.155400570982 0.29286618762963385
8434.749663418444 0.2943558820996695
8436.34490314405 0.2922424211624028
8437.93916599431 0.29297152171116736
8439.533428845969 0.2928806368467742
8441.127691699025 0.2928290057953194
8442.720977676727 0.2928708643700343
8444.315240532573 0.29290004465449326
8445.910480266566 0.2921958237483593
8447.901355086577 0.29359231485915716
8449.495617946952 0.29424373323345565
8451.087927055212 0.29348179801195573
8452.681213041613 0.2942062509823593
8454.274499029409 0.29364001796900685
8455.867785018585 0.2944867793551736
8457.460094132397 0.29382778632617973
8459.053380124351 0.2944252432269653
8460.64568924093 0.2950424010192042
8462.238975235652 0.2935768661454598
8463.831284354997 0.29360648586502347
8465.82118231774 0.29429674568849834
8467.413491440191 0.29490714766692894
8469.005800564022 0.29420174203906146
8470.598109689234 0.2942654780001932
8472.189441939056 0.29510150654711564
8473.78175106702 0.29434090451703204
8475.372106442826 0.2949681138805316
8476.963438696772 0.29405996433033865
8478.555747828861 0.29320305877889885
8480.146103208785 0.29311285125592795
8482.135024312382 0.2938215713812397
8483.725379695388 0.29450251258919746
8485.316711956531 0.29367057870976626
8486.905113588728 0.2949404909422606
8488.49742272938 0.2935794965809823
8490.08777811785 0.2929780610063242
8491.67715663091 0.29384800273252365
8493.267512022112 0.2930710333457536
8494.857867414672 0.29370761267623113
8496.44724593182 0.29434391985199826
8498.036624450326 0.29366025166693743
8500.023591819563 0.2936447927613528
8501.61297034113 0.29280229103416844
8503.202348864046 0.29258730939676286
8504.789773634759 0.2946824895387583
8506.379152160389 0.2940728056666032
8507.969507564158 0.29265695425781396
8509.55693233893 0.2933522192222412
8511.14435711505 0.29398416222457313
8512.73373564609 0.2932153836077441
8514.32116042491 0.2939068958729772
8515.909562081864 0.2939182157426936
8517.894575716558 0.29448255229987835
8519.482000499755 0.2928664873045037
8521.069425284297 0.29341962015742135
8522.656850070181 0.2933111717900454
8524.245251734204 0.2918208829411304
8525.83072276919 0.2940034774090639
8527.417170682305 0.2933013112319301
8529.005572350354 0.29191405108152113
8530.592020266155 0.2934555068150155
8532.177491306491 0.2933369955748863
8533.763939224964 0.29386537395312884
8535.74797600173 0.291405878109746
8537.33344704641 0.293433752032048
8538.91891809242 0.29259560868919277
8540.506342893366 0.29177897880762166
8542.091813942043 0.291597968343601
8543.675331238444 0.2928842646408265
8545.260802289778 0.29281469532673426
8546.847250219245 0.2920924863883207
8548.430767519629 0.29281420868736985
8550.016238574946 0.2920286037714769
8551.997344738355 0.2920238241034872
8553.580862043042 0.2927411072079796
8555.166333102665 0.2927137392127404
8556.749850409995 0.29251577247384464
8558.333367718646 0.29228594350903003
8559.916885028613 0.29205693463136656
8561.502356093524 0.29055745655382587
8563.08489652932 0.2919826584365396
8564.668413843243 0.2920016599663755
8566.251931158482 0.2918487990160561
8567.834471598224 0.29236716096640164
8569.812647149743 0.29231560758935765
8571.396164469252 0.29165696428062404
8572.979681790079 0.291630726140129
8574.560268481757 0.2928203315369994
8576.143785805203 0.29054070610877936
8577.726326253136 0.29196262559617403
8579.306912948738 0.2921473404131982
8580.889453399286 0.2906826885064943
8582.47101697432 0.29199512654458853
8584.051603673834 0.2911073723557149
8585.633167251477 0.29246304270166057
8587.60938906774 0.2916437448117356
8589.191929525137 0.2907366073030822
8590.772516230183 0.2897245111223586
8592.353102936528 0.29086609515846723
8593.932712767342 0.29146770581468806
8595.51329947628 0.290006029815784
8597.092909309687 0.2907567413480876
8598.674472898048 0.2908009439175673
8600.253105857213 0.2906976935111937
8601.8327156945 0.28976112148328814
8603.41134865625 0.2923931660110306
8605.386593613912 0.2901273033480931
8606.966203455397 0.2894363076249754
8608.543859544498 0.2914872351665217
8610.12346938856 0.2892245908828278
8611.701125480235 0.29052864946514173
8613.27975845003 0.29007072962266167
8614.85839142111 0.28984097881558085
8616.436047516638 0.2890938565419343
8618.014680490287 0.289879615903698
8619.593313465217 0.2877580348124124
8621.564650932 0.28984811209358674
8623.140353279285 0.29057167580750837
8624.720940012065 0.287540474234063
8626.295665485059 0.29011157019453715
8627.873321589863 0.28851699277334797
8629.449023942248 0.2891069998077722
8631.028633803295 0.28688595696113484
8632.602382404537 0.28973597634122705
8634.178084760742 0.28969860658940455
8635.753787118216 0.2896044534627392
8637.330466353813 0.28870959213539577
8639.30082696167 0.2884218710568458
8640.875552446418 0.2874214507312595
8642.451254809288 0.28804838503018637
8644.026957173424 0.28663601569780744
8645.602659538823 0.2867669968519132
8647.175431274925 0.2887189602457357
8648.751133642852 0.28709557099277794
8650.323905381476 0.28838619378063507
8651.897653998212 0.2882942152933307
8653.473356369926 0.2868102836455059
8655.047104989184 0.2875418660000719
8657.012581230521 0.28812642206651123
8658.587306729465 0.2872750085622636
8660.161055352808 0.28644127716266626
8661.73480397741 0.286239854221424
8663.305621972671 0.2881903169095092
8664.879370599778 0.2873786611393705
8666.451165474406 0.2872791565517183
8668.022960350285 0.28787380900200327
8669.595732104279 0.28694196416503825
8671.16948073639 0.2846576330424712
8672.740298739147 0.2859609076102861
8674.703821244342 0.28688411576977324
8676.275616126772 0.28684468182348105
8677.846434133573 0.28601510431712834
8679.418229018489 0.28584889530347984
8680.990023904651 0.28575192438479696
8682.559865038305 0.2863920305706452
8684.130683050076 0.28617478064633234
8685.700524186213 0.2859966800883241
8687.270365323588 0.28585610979340415
8688.839229585323 0.2872734955192177
8690.80275210642 0.285137233414737
8692.371616370938 0.2865630779318321
8693.942434390441 0.2858154288045436
8695.509344903667 0.2870642615090152
8697.079186048757 0.2860544107063545
8698.647073441323 0.2859371419358644
8700.214960835117 0.28657331284902526
8701.783825107019 0.28583508259255025
8703.351712503269 0.28564541466577603
8704.921553654514 0.2840683762958036
8706.488464176335 0.28472416597119277
8708.449056084102 0.2845764166216385
8710.01498973179 0.28586323485995313
8711.581900257584 0.2857188346166872
8713.148810784605 0.28566955611249506
8714.716698189732 0.28418454946759586
8716.281654965414 0.28549879094787206
8717.847588619205 0.2860767592130042
8719.4144991511 0.28519566773894495
8720.980432807322 0.2849509387755652
8722.546366464763 0.2842550020277429
8724.112300123417 0.28369079641311745
8726.068984540774 0.28523253753058775
8727.633941325268 0.28515155136871867
8729.19889811097 0.2850027253547629
8730.763854897887 0.28478431171877155
8732.327834809117 0.2853459307162909
8733.894745352245 0.28313353612302083
8735.457748388993 0.28478000496284994
8737.020751426944 0.28549824563327636
8738.5837544661 0.28603431924707307
8740.148711260266 0.2844623671703116
8741.711714301833 0.2843575282673647
8743.66449122858 0.28497317205957995
8745.226517395946 0.2854003166301932
8746.789520441416 0.28465230877434816
8748.352523488089 0.28483535640476304
8749.915526535959 0.28366521973849557
8751.477552708122 0.28442014890544387
8753.039578881482 0.2841772999263614
8754.599651302226 0.28554805311238746
8756.161677477976 0.2848592639123787
8757.723703654921 0.28500645249765333
8759.673549966281 0.285566849952661
8761.234599269003 0.2847062683855314
8762.79564857291 0.28536241138790247
8764.355721001099 0.28468520849701645
8765.914816553563 0.28687538678276303
8767.476842737953 0.28469092761087716
8769.035938292793 0.28532437497725405
8770.596987602647 0.28450602411279957
8772.155106282939 0.2850940762450434
8773.713224964411 0.28500035814592606
8775.27427427782 0.28350563771068144
8777.222166852034 0.2842697793625982
8778.779308660429 0.28433911935194417
8780.33938110076 0.28297244478726885
8781.896522911515 0.2842444948818604
8783.453664723442 0.28405244377353195
8785.010806536548 0.2845382115211433
8786.567948350827 0.2844775975555714
8788.12411328936 0.2851536676084653
8789.681255105987 0.2851403500787675
8791.239373800714 0.28434396028842757
8792.796515619688 0.28358617853690765
8794.740500702737 0.2843869224931121
8796.296665647418 0.28516636472409523
8797.852830593269 0.28527045762870035
8799.408995540289 0.28400419591177206
8800.965160488473 0.2846529514637453
8802.519371683968 0.28381810047545386
8804.072606003692 0.2850987169604095
8805.627794078438 0.2843707924890034
8807.182005277422 0.2858770822923371
8808.73817023143 0.28390618997559747
8810.291404555805 0.2846728927113948
8812.2344127783 0.2839001193811638
8813.786670228343 0.2853321929372457
8815.34185831035 0.2839079561415427
8816.894115762709 0.2839297775058247
8818.444419462345 0.28696058953784476
8819.997653793946 0.28631714517079104
8821.550888126703 0.28632384308850223
8823.104122460614 0.2855264088247474
8824.65637991874 0.28468710474429104
8826.208637378017 0.28307238629765596
8828.14676123061 0.28445205094845144
8829.697064938586 0.28666694249843866
8831.249322401596 0.2853378503801302
8832.799626111866 0.28599236609897777
8834.350906700229 0.2844916634801465
8835.90121041279 0.2844974613427222
8837.45053724955 0.28670023421946844
8839.001817841345 0.2852899793784764
8840.550167803438 0.2866512230086966
8842.099494643622 0.28573609032586383
8843.648821484947 0.2847424623745611
8845.584014722777 0.2852679058298705
8847.133341566661 0.2861016326403996
8848.683645288636 0.285300451249563
8850.231018380893 0.28634602572655976
8851.778391474283 0.28473438693648295
8853.325764568806 0.28550216172370374
8854.873137664463 0.28651769462015325
8856.421487638207 0.2859817248985126
8857.967883859172 0.28595850729398165
8859.514280081265 0.28670003121695803
8861.061653181443 0.2859318928752019
8862.994892681298 0.28696591575423847
8864.541288907061 0.28449768139920956
8866.08670825699 0.28426251396716523
8867.63115073108 0.28633692078800616
8869.177546960218 0.2855152002385967
8870.721989436555 0.2846932514271229
8872.266431914013 0.28603242340033275
8873.81282814652 0.2851965156985415
8875.357270626224 0.2850769733623174
8876.899759353117 0.2849561793087663
8878.444201835055 0.2855481651277958
8880.375487596777 0.28393331427099977
8881.916999450332 0.2845093102088992
8883.460465058935 0.2850790248353993
8885.00393066865 0.28419707698530144
8886.546419402515 0.2840304351589818
8888.08793126052 0.28457411351706624
8889.632373750548 0.28366755321963816
8891.1729087338 0.28419550378014147
8892.714420595139 0.2839926542975734
8894.255932457583 0.28377869762026153
8896.183310725683 0.28278277739310254
8897.723845713646 0.2825461078277459
8899.264380702714 0.2837390937795098
8900.804915692886 0.28276175147616883
8902.344473807185 0.2832120640860693
8903.885985676543 0.28149749675674834
8905.42359003909 0.2826362811962476
8906.964125033677 0.28090050129532085
8908.50466002936 0.28058033354480105
8910.043241272186 0.2802505911269679
8911.580845639128 0.282043750556464
8913.50431641482 0.2808723210084752
8915.041920784228 0.28048922128409354
8916.580502031715 0.2800943632383946
8918.119083280295 0.2782640750337912
8919.653757022032 0.27996200975582497
8921.193315149785 0.2788003321112586
8922.728965770692 0.2776299702924544
8924.266570146652 0.27785097539775555
8925.803197646721 0.27664448238236544
8927.338848270892 0.27682575032226325
8928.875475773137 0.2755813359938996
8930.793085302257 0.2755766215099625
8932.329712806946 0.2749867958189648
8933.864386558742 0.27367605813904516
8935.399060311618 0.2744368148039024
8936.934710942569 0.27238480636488516
8938.467430943629 0.273090354806185
8940.003081576742 0.2723813303282444
8941.535801579957 0.2716454521650636
8943.071452215236 0.26950772212955215
8944.602218466616 0.2700953995681374
8946.136892227052 0.26927935406131953
8948.052548017376 0.26753588325198985
8949.585268026241 0.2673373623883373
8951.117011159185 0.2657487665146681
8952.6487542932 0.2661610073522733
8954.180497428288 0.2651831636689552
8955.713217441447 0.2634985731455203
8957.243983701675 0.26112415597705335
8958.774749962971 0.2620488430262905
8960.304539348333 0.25960761246329367
8961.837259365773 0.2591200022969444
8963.748030784802 0.25763322652674675
8965.276843296624 0.257716765662405
8966.807609563522 0.2551264646125605
8968.337398954474 0.2544626950797697
8969.865234592482 0.25245988847736817
8971.39502398556 0.25170353084709424
8972.921882748678 0.2509019829412808
8974.452649020888 0.24750248001135522
8975.977554032104 0.24850747354325742
8977.507343429423 0.24502625650667675
8979.03420219677 0.24464853661980104
8980.943019876691 0.24253635948577182
8982.470855523425 0.2401712615910875
8983.995760540172 0.23899138967783126
8985.523596189012 0.23653199111133505
