# %ECSV 1.0
# ---
# datatype:
# - {name: WAV, unit: Angstrom, datatype: float64}
# - {name: EFF, datatype: float64}
# meta: !!omap
# - {DICHROIC: CLEAR}
# - {GRATING: 600/7500}
# schema: astropy-2.0
WAV EFF
5628.295617116026 0.40392144406015185
5630.7427537355015 0.4072044677777517
5633.191844168842 0.4100856688761506
5635.639469263055 0.4125624062145782
5638.086605918963 0.4142591624720003
5640.536673289578 0.41476709650894017
5642.984786870565 0.41549227694994434
5645.432412013191 0.41572835188932766
5647.882967870522 0.41471320830438
5650.332058388591 0.4134405884642458
5652.780660468249 0.4120774887396954
5655.231216361714 0.41077331293097896
5658.905340647857 0.40834449131690886
5661.357361922685 0.4045845879392656
5663.807429407675 0.4019146690285268
5666.257008454156 0.3992496310313617
5668.708052863949 0.3968283022776145
5671.158608835205 0.3931170692675119
5673.612095521162 0.38829485438164846
5676.063139966693 0.3848304168435012
5678.513207523154 0.38157544818906214
5680.9666942447775 0.3775692733278442
5683.416761824935 0.3740917824530573
5685.870248570253 0.370023878684186
5688.32275842644 0.36576046881050434
5690.776733645878 0.36072584364707944
5693.228755075178 0.3572106715366848
5695.684195669655 0.3519573653146877
5698.136217122483 0.34887417945346316
5700.590192389012 0.34401370954681604
5703.043679216779 0.3402844465009866
5705.4986314077505 0.335970529444757
5707.95260670943 0.3320774002209627
5710.407558923796 0.32772185504637164
5714.086568113699 0.32314282183903337
5716.543474159237 0.31869828774765857
5718.997449513367 0.3146322664126262
5721.45435558218 0.3110597823366812
5723.909307860553 0.3074790211811703
5726.365237051545 0.304216600035166
5728.82263160567 0.30036364834338547
5731.2775839187625 0.29742175583227826
5733.73400159496 0.29420452539970526
5736.1899308321645 0.2914374405753538
5738.64830233352 0.2881888764352313
5741.106185395864 0.284924538057407
5743.561137766509 0.2826353159387481
5746.01950930235 0.2794891584647288
5748.475438596975 0.27747183812883885
5750.935763957884 0.27470032359967417
5753.3941355280795 0.2718972692568691
5755.851041758063 0.2699405387841637
5758.310878702716 0.26728083792113205
5760.769738757671 0.2650479383908676
5763.227133472351 0.2637260931445131
5765.686970451142 0.26180960007689735
5769.3767259406095 0.2585081225671045
5771.836562947752 0.2565552634121926
5774.294934614523 0.2553036055877285
5776.755748545395 0.2539140365076501
5779.217050938121 0.2518242626882587
5781.674445737585 0.2499489008057576
5784.137213504543 0.24733318591986286
5786.598027480473 0.24531172775798607
5789.057864566481 0.24461562172241014
5791.519167015419 0.24363195457487402
5793.981934827292 0.24243493047805845
5796.444214199781 0.24062079030809877
5798.903562879948 0.24064091160237652
5801.366819175929 0.23948690362359754
5803.829587032479 0.23886611273127348
5806.2923549001625 0.2373185118135889
5808.754145877779 0.23702181447182333
5811.216913767677 0.23635349378944576
5813.680658569855 0.23567783102000683
5816.143914932515 0.23460505686383934
5818.608636658036 0.23395211727888277
5821.069939240395 0.23412969476147275
5824.768487217758 0.23235598664825624
5827.230766728863 0.23240744769788246
5829.6950000533925 0.23210093899401676
5832.159721839518 0.2315158494575103
5834.625420537846 0.23099286985214784
5837.090142345905 0.23014548972634546
5839.556329516766 0.2297485015578969
5842.022516698564 0.2294920613420666
5844.485284736924 0.2297644434971191
5846.95049503929 0.22955853299668252
5849.417659155054 0.2290016363366992
5851.884334831075 0.2286563100495398
5854.351010517964 0.22819653047616995
5856.817686215707 0.2276355175637082
5859.283873473649 0.2272040456267809
5861.752502995604 0.22694015656743488
5864.2196671764605 0.22660242850368684
5866.686342917472 0.22625296477407159
5869.152530218615 0.22635101567815996
5871.619694431811 0.22616128374145394
5874.087347106409 0.2258957891704571
5876.554999791746 0.22568092219635227
5880.259897994442 0.22473858600245203
5882.729016058554 0.22448609283128912
5885.1986225840255 0.22406469030362586
5887.668229120188 0.22381160490042448
5890.137347216363 0.2237987283779823
5892.606953773862 0.22320108122073593
5895.076560342007 0.2229188583335387
5897.546166920784 0.22270608921893903
5900.016750411521 0.22225573949890406
5902.485868560848 0.22230398962784015
5904.95596362211 0.22203435482480838
5907.427035595308 0.2217331186723376
5909.896642227033 0.22164729950173725
5912.366737319989 0.2214777101486583
5914.837809324843 0.22106275461147507
5917.3098582416005 0.22068806218400458
5919.781907168875 0.2203522264063594
5922.253467655969 0.22019238052057197
5924.725516604243 0.22003054670786706
5927.197077112299 0.22058590444834608
5929.667660729425 0.2205086878536694
5932.139221258381 0.22020709181514667
5934.613224051272 0.2199744744509712
5938.324472485526 0.2192952535083352
5940.796521501659 0.21977513779551716
5943.268082077471 0.21960793947927523
5945.742084917198 0.21952503771251614
5948.21657621801 0.21933976397277694
5950.693021332039 0.21873430166571806
5953.164093498558 0.21867994346978198
5955.640538633279 0.21810020289318935
5958.114541524737 0.21842829480306925
5960.586590623609 0.21896765402953763
5963.063524239992 0.21832888133389775
5965.540946317398 0.21818501307931606
5968.013483897814 0.21837376546807888
5970.490905995762 0.21790947940893013
5972.965397399576 0.21825335883268843
5975.438423461411 0.21870615728422355
5977.916334040803 0.21861785206639245
5980.392290827462 0.21856974463315457
5982.871178328756 0.21807185178100782
5985.345181332829 0.21903285287217086
5987.822115051516 0.21847406588509605
5990.301491034092 0.21857668032632643
5994.015182068768 0.2191060986513915
5996.492115822951 0.2191882234216755
5998.971980291762 0.21877404733434888
6001.44598336163 0.21995539565678204
6003.9258478506445 0.21975890073745982
6006.403270095954 0.21977274613635853
6008.8826461543695 0.21986711132441208
6011.359091518266 0.22041574864502295
6013.840909850603 0.2206115299361922
6016.320285939155 0.21989995838864843
6018.796242882347 0.22105505160818062
6021.2765958924565 0.2215312365304534
6023.755972011021 0.22131222919132168
6026.23485968879 0.2221542343042266
6028.715701179627 0.2217162598031828
6031.193611975758 0.22256792077839474
6033.67494193728 0.22284456402162958
6036.155783457963 0.2228962578165379
6038.634182734644 0.22371850402231439
6041.116001176724 0.2240610085830278
6043.59733117792 0.22453794134239288
6046.081103442955 0.22392633275711557
6049.803098478107 0.22435376631598328
6052.277590202724 0.22667165496439193
6054.764293207063 0.2261839364977381
6057.245623262482 0.2265626896087973
6059.727930229315 0.22652533240489672
6062.213167910778 0.2265001034887803
6064.688148135152 0.22793262604488548
6067.174851188621 0.22835523644138692
6069.65764664542 0.22889813028545966
6072.138976759548 0.2294894793513075
6074.625679842354 0.22828689848721123
6077.107498426775 0.2297420482459463
6079.592736176628 0.22973387459687042
6082.070158723111 0.2310802609887369
6084.557350295653 0.23136513116361093
6087.039657369691 0.23196632839617834
6089.525872059986 0.23268129464488163
6092.009644505835 0.23290286893723366
6094.492928510505 0.2339524790842229
6096.979143229789 0.23327209122656378
6099.462427253726 0.23446129634013643
6101.949618893942 0.2332765122015933
6105.67307960976 0.23534704237976245
6108.163690429854 0.23531520372298667
6110.645997595283 0.23584952218378985
6113.137096885416 0.2356534619517651
6115.621846324174 0.23581951700580742
6118.109526477542 0.23638480824078612
6120.592810582829 0.23745255232747947
6123.080490755259 0.23726873975478865
6125.5642633304005 0.23854367562685658
6128.052920423551 0.23816733331759157
6130.537669919365 0.2400598405913232
6133.025350129781 0.23991223765153832
6135.513030349667 0.2402956152373553
6137.997779873846 0.24082706515457872
6140.4922984247005 0.2399224694188444
6142.976559516884 0.24074472222084842
6145.465705127127 0.24080111458262382
6147.950454688973 0.24277422320822553
6150.439600318023 0.2422594439807794
6152.933142014313 0.24166044859181707
6155.419356956911 0.24185800591352932
6157.908014163233 0.2420765760302205
6160.395206026276 0.24396735411286374
6164.12990144537 0.24375312350719644
6166.619535586138 0.2442605636252137
6169.110146637989 0.24322332228573937
6171.600269248265 0.24365350539518454
6174.08843806429 0.24527891096855323
6176.581002947584 0.24416101347612154
6179.071125585713 0.24443997382496
6181.558805978636 0.2462015271094714
6184.051859340629 0.24485357975110114
6186.542958908293 0.24481536266195955
6189.0321046815925 0.24649620010366585
6191.524669620397 0.2453676090355069
6194.015280764809 0.24548109977129465
6196.50979952564 0.24607395905067456
6198.997968433904 0.2457970701910752
6201.4890680567605 0.24670758792524528
6203.985540648774 0.24568206223352887
6206.470778879021 0.24773173517020314
6208.96725148935 0.2464507671371004
6211.459328050607 0.24626126397034856
6213.955312228313 0.2466023939967214
6216.442992749542 0.24702661108035592
6220.183549890405 0.24712334891578375
6222.680511001822 0.2462707016774738
6225.169168456625 0.24791762222423291
6227.664175782492 0.24665223206676276
6230.1557639609255 0.24753825289989004
6232.6527251086045 0.2464869549806949
6235.14773246161 0.24722510887307483
6237.637855314308 0.2466944194364537
6240.135304940009 0.24681745369887273
6242.628358516294 0.24709728869108466
6245.125808160003 0.2466341043265662
6247.619350205185 0.24778316550206808
6250.110938455552 0.24695779705306256
6252.610341929947 0.24665456829130897
6255.101930198191 0.24729392218596405
6257.599868337653 0.24670892576226
6260.099271838903 0.24644308285008032
6262.588417879125 0.24739287985510092
6265.08489069249 0.24651095915390425
6267.583805769517 0.2465734906354128
6270.0793016987545 0.24678641412230698
6272.576262989728 0.2458750146883151
6276.323658746645 0.24610666193626338
6278.816712452068 0.24696310430442286
6281.311719970151 0.24602026477353983
6283.810146653801 0.24598210446432758
6286.30906179724 0.24591869445692166
6288.805534694649 0.24613091165993772
6291.302007600843 0.24613463672453129
6293.8023881235895 0.24540468856131084
6296.301303302203 0.24537060034206595
6298.800706940561 0.2454643999411008
6301.297179881816 0.2454862670116879
6303.79218747886 0.24547185147014244
6306.289637339516 0.2451121220056211
6308.79001791478 0.2448474449587999
6311.288444694827 0.2452556963450097
6313.7893137385045 0.24473541490024217
6316.2887174379175 0.24476599311273392
6318.788609597004 0.24458294049315807
6321.288013313774 0.24469995638052108
6323.786440137216 0.24491576941057108
6326.286332322281 0.24440360981788672
6328.785736064991 0.24436430748893276
6332.535574371723 0.2442045687115178
6335.036443488979 0.24403152657490426
6337.5368241638425 0.24408847001598502
6340.0376932983 0.2440093615712205
6342.538562441345 0.24400658490765098
6345.039431592966 0.24395002661011517
6347.540300753149 0.24383642310547077
6350.041169921883 0.2439269816390258
6352.542527550174 0.2436486835316108
6355.043396735981 0.2435401748918744
6357.545731283358 0.24342833173763023
6360.047088937218 0.2435293103058708
6362.549911952636 0.24327532688042525
6365.052734976553 0.24320745831103413
6367.554092655894 0.2432856959514622
6370.056427245752 0.24306949208274692
6372.558273393048 0.24316555160597791
6375.0606079998215 0.2432238103843772
6377.563919517094 0.24299412482801766
6380.065277238685 0.24313925637679923
6382.568100321786 0.2425546248422635
6385.071411864334 0.2425814474910615
6388.827111870468 0.24286014552881982
6391.332377238164 0.24256898147678888
6393.837154163213 0.2425670435951532
6396.339977292478 0.24263585977698574
6398.844265783226 0.24254927864555717
6401.3485542823255 0.24264250947224375
6403.851865887677 0.24280497609170537
6406.355665952404 0.2429425072016881
6408.8589775744 0.24269299490089843
6411.363754557853 0.2427490766593774
6413.869508451713 0.24247490178517475
6416.376239255981 0.2424256141587453
6418.881993166437 0.24243243762681618
6421.386770183055 0.24282336456142622
6423.891058756876 0.24265608157472066
6426.394858887886 0.2428400274291456
6428.900612831379 0.2429652992496997
6431.408320587362 0.24233967546576307
6433.914562998388 0.24255623268662105
6436.421293868703 0.24280229400371486
6438.92704784509 0.2426052605590525
6441.431336476466 0.24281441841820137
6443.937578920301 0.24285906407225438
6447.700117533364 0.24255651566697412
6450.207825350864 0.24259645012360193
6452.714556274367 0.24222233675379487
6455.22031030386 0.24234414877058874
6457.726552792561 0.24230932255814885
6460.235725995875 0.2423722905072935
6462.74392230515 0.24264740414174904
6465.250164818201 0.24268720998891077
6467.7578726925985 0.24234306947766593
6470.265580575089 0.24220463635749884
6472.777196074376 0.2420604568854823
6475.283927070844 0.2423947301098042
6477.791146526458 0.24220335627160028
6480.298854441212 0.2422889826004037
6482.810958423868 0.24167345072500546
6485.318666354703 0.24214699192655667
6487.825885842459 0.2421052959806087
6490.335059142622 0.24176218784530973
6492.846674706304 0.2416458849134922
6495.353405766964 0.24256276857388928
6497.862579091122 0.24242823020910503
6500.372240874362 0.2422074838317109
6504.137710466386 0.24225654735344287
6506.646883818428 0.2420909044044784
6509.156057178414 0.24193882743631528
6511.669138155242 0.241970264725025
6514.178311531097 0.24191142786551417
6516.687484914864 0.24178234448587274
6519.200565915481 0.24155467033685787
6521.709250863935 0.24216479870179883
6524.218424271395 0.2421349585715936
6526.732482197954 0.24132842972291357
6529.241655621166 0.2421164079191211
6531.75327130786 0.24164071469442283
6534.266352355796 0.24085695620536268
6536.776014253687 0.24188874838437927
6539.287141512799 0.2415704428942559
6541.800222584264 0.24119958926035398
6544.311838310158 0.24129116559591635
6546.821500239324 0.24136587168837537
6549.337512041054 0.2408226188769765
6551.848150888083 0.2410243914615939
6554.358301291747 0.2409760063857559
6556.873824665728 0.2405684383662424
6560.639294522999 0.24078308953620184
6563.155306367547 0.24039757551877805
6565.666922159543 0.24030570208618474
6568.180003312711 0.2398119701979899
6570.693572924756 0.24012022111926096
6573.2051887399175 0.24023434131003937
6575.721689074305 0.2394740433504505
6578.233793356025 0.2397796977751928
6580.746874547743 0.23939790362322313
6583.260932649451 0.23984328441645816
6585.773036954204 0.23967184454085994
6588.290514229371 0.23895439938226967
6590.80261854944 0.2393270087178586
6593.316676681796 0.23877935013603588
6595.832200175287 0.2389146858856377
6598.345281420582 0.23874797477285384
6600.8608049293325 0.23888777382570273
6603.3738861898555 0.2388998890041117
6605.890875067336 0.2382175507202556
6608.403956343053 0.23846381294532715
6610.921433686904 0.23750968207411755
6613.4354918801255 0.23804540948915298
6617.209754116787 0.23778937397807784
6619.721858524195 0.23796351506937669
6622.239824353293 0.23714270091731404
6624.754371031674 0.23734470065126653
6627.271848424676 0.2365730882807726
6629.785906666922 0.2369947558034257
6632.303872526159 0.2362096541160513
6634.818907685786 0.23666516081029976
6637.335408206472 0.23620991013629714
6639.8519087346485 0.23629774212189206
6642.368409270305 0.23575344865013062
6644.884909813434 0.23586938921151804
6647.401898815218 0.23546346213183283
6649.918399373265 0.23565722729741856
6652.4363652923485 0.23492813532688964
6654.951400511683 0.23528206547020955
6657.4708317992345 0.2345011758081263
6659.985867033408 0.23496995239429175
6662.504809884605 0.23420041703087455
6665.020333584784 0.23470531163721728
6667.540253353199 0.23383823018242988
6670.056753970566 0.2339467834683501
6672.576673753765 0.23345543526531878
6676.3528900583215 0.23315919974270877
6678.868902250249 0.23364233104756815
6681.389798961656 0.23271667927332473
6683.906299619479 0.2328018332430245
6686.42719634558 0.23217460975283052
6688.9441854692695 0.232071783756144
6691.4636168563675 0.23202636481623976
6693.981582897116 0.23173957020325064
6696.499060493935 0.23234247498072993
6699.0209341590535 0.2315775287243316
6701.537434867993 0.23180362104899604
6704.0593085476885 0.2310719311948197
6706.57776307607 0.23068341652497165
6709.096217611705 0.2311317110680347
6711.6156490570465 0.2306716716128175
6714.134592058398 0.2309384816287372
6716.656954225614 0.2302922254676404
6719.175408790192 0.22997422151535624
6721.694840264452 0.23034405901992303
6724.215248648396 0.22996365489188594
6726.734680137066 0.22997834379022947
6729.257042340369 0.22958059044224124
6733.0376549513585 0.22934081871868253
6735.557086465165 0.22921254192811039
6738.077006437376 0.22965234533632556
6740.59888022173 0.2289524902558051
6743.1188002082445 0.22901381846732657
6745.640185555643 0.2287283214014189
6748.161082458929 0.22841634703284547
6750.681979369338 0.2284592796758659
6753.2038531893695 0.22828426652283584
6755.724750114003 0.22809760685664685
6758.244670143224 0.22859740158583838
6760.768497789591 0.22794658048972577
6763.2893947355005 0.22768581923784934
6765.8102916884845 0.22803686907734808
6768.33363090484 0.22720774583657521
6770.854527871951 0.2274218969864133
6773.375424846107 0.2279591291899646
6775.899740986169 0.22716392851281197
6778.420149523137 0.2272178868991694
6780.942511872199 0.22743462216806629
6783.466339582095 0.22676396203348317
6785.987725042658 0.2269002440677384
6789.771757051712 0.22670022190667713
6792.29509633486 0.226560775265302
6794.816970271168 0.22662853097595317
6797.341286470837 0.2261035449022544
6799.8631604210905 0.22639095571086543
6802.385522829581 0.22677756437356542
6804.91081595271 0.22591940988322207
6807.433666826383 0.2260447231081026
6809.955540804425 0.22652352902384057
6812.4793685945315 0.22629618193706943
6815.00417329414 0.22575606209144267
6817.526535744227 0.22580361971488302
6820.048898201214 0.2262142544604821
6822.574191372841 0.22592370914266302
6825.099484551369 0.22559159274905086
6827.621847029027 0.2258659977083162
6830.145186416141 0.22600127015695612
6832.6714565179 0.2256224973703686
6835.195772821343 0.22529017047386538
6837.719112229039 0.22542548340917123
6840.242940094877 0.2256877918896941
6842.769698675361 0.22526433696631412
6846.555196271531 0.22542057195818188
6849.080489515177 0.22511294287330894
6851.604317411722 0.22534189209126756
6854.129610668989 0.22541275420157972
6856.653927030433 0.2255053367940325
6859.180197203906 0.22515409326237198
6861.70500203023 0.22524520115750107
6864.230295314642 0.2253995668407245
6866.755588605817 0.22541666955673403
6869.281370355067 0.22517654899811135
6871.807152111071 0.22506743955944367
6874.332445422499 0.22509008267259215
6876.857738740666 0.22551256703787498
6879.383032065555 0.22527366827079504
6881.910767653773 0.22478395177700042
6884.435084089453 0.22521262756438956
6886.961354337127 0.225175909737136
6889.4871361401765 0.22537425631197958
6892.012917949916 0.22556226461065698
6894.54016512032 0.2253797644769581
6897.066435394748 0.22525905367980512
6899.592217224512 0.2253799034867418
6903.381622658637 0.22551754039402155
6905.908869859035 0.2251275361680754
6908.434651712073 0.22529162165824115
6910.961410474416 0.225630542052467
6913.48914614606 0.22536382749637826
6916.016393372994 0.22523442334777397
6918.543152155198 0.2251881662535947
6921.07039939535 0.22507166784711163
6923.597158190759 0.22535220601803072
6926.123916992754 0.2257325959199415
6928.650675801332 0.2257123075943445
6931.179876873219 0.22512257436254315
6933.706635694942 0.225398566666252
6936.233882974571 0.22556473032147467
6938.761618712107 0.22544774070027637
6941.289354456188 0.22552663051143124
6943.816113304102 0.22557839413126599
6946.344825963965 0.22543265304397825
6948.874027081712 0.22530592923672935
6951.401274400555 0.22553039314355366
6953.928033274546 0.22571924826865145
6956.457234411831 0.22561367615344027
6958.984970201537 0.2258443858870499
6962.777306575298 0.22553496434485476
6965.3060192839375 0.22550491170621365
6967.834243547682 0.22578120118138917
6970.362467817889 0.2258835061856073
6972.890203643185 0.22616454908191536
6975.418916377663 0.225998810686627
6977.949094472695 0.22576045075150283
6980.476830317312 0.2260374010660857
6983.006519973843 0.22588826217766894
6985.535232734049 0.22606086356610666
6988.0639455006685 0.22620784137450714
6990.592658273694 0.2262171782942967
6993.121859504495 0.22610628780363656
6995.652037644447 0.2256892439110359
6998.179773533887 0.22607539949592836
7000.709463235225 0.22620923195935436
7003.239152942933 0.22619209934128384
7005.768842657009 0.22621751016148084
7008.297555474674 0.22623526672474661
7010.827245201455 0.22620836520497176
7013.3564464831925 0.2264302735948789
7015.886136222654 0.22635245234854842
7019.6818919721845 0.22606434037151096
7022.212070178847 0.22605052008147808
7024.740783037644 0.2262933094184691
7027.271449708317 0.2260944633297941
7029.801627933895 0.226102842457442
7032.331317714369 0.22631828415142344
7034.861007501122 0.2263236313357462
7037.391185745548 0.2261659760870526
7039.9218524476455 0.22600993506267436
7042.451542253202 0.22621279890846904
7044.983185870624 0.2259190112230068
7047.513364140087 0.2259678169608794
7050.043053964387 0.22616391431628233
7052.5732322463255 0.22628319094611926
7055.1038989858935 0.2262577405789507
7057.634565731686 0.22619778534203994
7060.165232483691 0.22622534560913915
7062.696876144726 0.22594898538752245
7065.2275429091405 0.22594712073389608
7067.758698131161 0.22600397675771453
7070.289364907955 0.2260157619520401
7072.82003169093 0.2262392493890932
7076.6172530055 0.2260286056832483
7079.147431352473 0.2263291891990519
7081.679075059856 0.2260699568635635
7084.209253419126 0.22611962984701361
7086.741385590224 0.2259506517356855
7089.272052413191 0.22614573691965062
7091.803696145133 0.22600772342894546
7094.335339883198 0.2259150458484948
7096.86698362738 0.226011146189649
7099.397650474814 0.22603907244792945
7101.929782682633 0.22614495479602645
7104.46142644512 0.22584695891056208
7106.993558665128 0.2258703113076965
7109.52422553692 0.2258417329867262
7112.05586931765 0.2260263846379034
7114.588490007316 0.2256804334702438
7117.120133800177 0.22587361635290354
7119.652754501966 0.22572348901504094
7122.18439830693 0.22582811608475306
7124.7165305693725 0.22576687304632612
7127.24866283785 0.2257187387321726
7129.780795112356 0.22574788281849448
7133.578993535406 0.22571849071764552
7136.111125824955 0.22558041214939145
7138.643258120505 0.22555490813434362
7141.175390422056 0.2255609938520651
7143.707522729595 0.22569181076230171
7146.24014349457 0.22545624597823616
7148.772275814073 0.22531315901158863
7151.305873493903 0.22518950378186497
7153.838005825342 0.2250669695576147
7156.37013816274 0.22504655198464674
7158.902270506087 0.2251773338772249
7161.435379758293 0.22496877041803445
7163.967512113521 0.22511243870329356
7166.500621377598 0.22490835874314996
7169.033730647605 0.22476108310589413
7171.56635147207 0.22466714280474376
7174.098483850985 0.22480275686048737
7176.632081590193 0.22470766472879553
7179.16519088384 0.2248159171280965
7181.698300183383 0.22472216405182185
7184.230921037346 0.22461562635411567
7186.763541897187 0.22474159239786456
7189.297139665839 0.22473464122998119
7193.097292104085 0.22448412839752346
7195.629912984454 0.22448533214233718
7198.16351077362 0.2242367463751478
7200.696620117158 0.2242240489065473
7203.229241015058 0.22423329485302992
7205.762350370265 0.22405947556900377
7208.296436634252 0.22383054755163204
7210.828569098145 0.22394616699345807
7213.363143825246 0.22373364011977534
7215.896253203718 0.22363710480272528
7218.429851039468 0.2237889717275585
7220.9629604295305 0.22391022206829236
7223.496558276863 0.22369363746279466
7226.030644581462 0.22367077072724295
7228.563265537379 0.2237476000134139
7231.097351853524 0.22368728336246627
7233.629972820967 0.22372980943355927
7236.164059148629 0.2234215654814241
7238.697657030553 0.2234076917265343
7241.230766466727 0.22328442596564033
7243.765341263115 0.2230967209938658
7246.298939162249 0.22320820439177494
7250.100068698924 0.22289144646346923
7252.634155063852 0.2226893374030745
7255.166776079995 0.2228116123401373
7257.700862456334 0.2226842641751219
7260.23446038687 0.22284842954245382
7262.768546774595 0.22263288389952354
7265.302144716502 0.22237948481927125
7267.836231115589 0.22232319761008945
7270.370805971852 0.22222345618121223
7272.905380833782 0.22193130896426172
7275.4394672498665 0.22175933493999844
7277.973065220096 0.22177841469613274
7280.508128550497 0.22127293348298566
7283.042214983521 0.22113342496803925
7285.574836067643 0.22126227979342253
7288.110387866465 0.2210983669422218
7290.644474316372 0.22093753174404843
7293.17807232038 0.22110239432117287
7295.712158781511 0.2211043842009938
7298.246245248243 0.22099832945271708
7300.780331720573 0.22105146347995105
7303.314906650009 0.2207936210941229
7307.1170132804 0.22020432698537176
7309.651588223794 0.21984811730101805
7312.184697818187 0.22023406897812148
7314.719761224236 0.2199820714696537
7317.253359281268 0.2199164736352436
7319.787445795376 0.21976548829682024
7322.321532315027 0.21974750963074996
7324.8561072917455 0.21949480420859863
7327.390193822466 0.21935518117312527
7329.925257261776 0.21918813082336644
7332.4608091581385 0.21910481112825714
7334.994895705425 0.2187571552201519
7337.529470709752 0.21855597144859595
7340.063557268045 0.21841895823182972
7342.599109186441 0.21791798032204251
7345.133684207263 0.21781463532370707
7347.666793878952 0.21795587933439237
7350.200880459193 0.21783807707931804
7352.735455496447 0.21763095334055452
7355.269542087624 0.2178352841452966
7357.8041171358045 0.21745223801712124
7360.338692189437 0.2173352492527777
7364.1417759089645 0.21665791117365713
7366.676350976213 0.21669786861493884
7369.210437597349 0.21671767070168546
7371.744035772362 0.21656366988179823
7374.279099307441 0.2162428866913548
7376.813674396385 0.21614319464191994
7379.348249490743 0.21586657894775801
7381.882824590502 0.21566623710291652
7384.417399695663 0.21544634884217975
7386.95246325777 0.21507469013145947
7389.488015276817 0.21468646878695277
7392.022590398141 0.21452569308303182
7394.557165524838 0.2140738852362476
7397.091252205345 0.21404971245784768
7399.625827342772 0.21387244141144116
7402.160890937117 0.2136284746703308
7404.694489182132 0.21351874775839982
7407.229064335614 0.21338957539303094
7409.764127945997 0.2132445501669575
7412.299191561717 0.21290632987382763
7414.833278279636 0.2127332801687512
7417.368341906008 0.21228561848433236
7421.169960452401 0.21194078595328084
7423.703558737349 0.2120464086508658
7426.239110833874 0.21190997369529127
7428.773686032559 0.21136780932261898
7431.308261236533 0.21101636709049518
7433.843813348938 0.21072390656995557
7436.378877015053 0.21037379653915492
7438.912963783292 0.2102354384087507
7441.448027459948 0.20974561316673163
7443.982114238715 0.2096371501935294
7446.516201022736 0.2094411934013598
7449.050776263584 0.20916292703180606
7451.584863058096 0.2091529510417449
7454.119438309426 0.20863513791923885
7456.65352511441 0.2086483301215142
7459.188588827782 0.20829373637382564
7461.723164094794 0.20805132013362043
7464.2577393670235 0.2076376385733486
7466.793291547636 0.2070859430346936
7469.327378378697 0.20699127370139594
7471.861953666542 0.20656302163372678
7474.396528959581 0.20629647638313575
7476.931592709398 0.2059207349199415
7480.732234537476 0.20563629809589706
7483.26729830024 0.20530487570481945
7485.800896713394 0.20510258468049167
7488.335472034896 0.2048361185819249
7490.871024264746 0.2043720211449276
7493.40413424177 0.20422228207382742
7495.939198030325 0.20378952719108512
7498.473773372423 0.20357007543009312
7501.007860268057 0.20314981325343262
7503.540970265617 0.20320347144391823
7506.075057171498 0.2030370526819337
7508.6096325341005 0.20260898935023114
7511.144696353418 0.20226447926973595
7513.678294823031 0.20210127333705555
7516.2133586525615 0.20167954730741655
7518.747445583975 0.20144982556464072
7521.281532520477 0.2008769119361451
7523.8161079136735 0.20054501495989296
7526.349706408731 0.2003188944644871
7528.884281812081 0.20009613202831072
7531.4188572205 0.19979215764666436
7533.952455730757 0.19953555169219897
7537.753097731427 0.1992782765270332
7540.287184705927 0.19890059060057028
7542.822248588701 0.19842358289727924
7545.35535867005 0.19817932433742122
7547.890422562899 0.19776735442806956
7550.423044202684 0.19747141025684364
7552.957619653966 0.19708763170855037
7555.491706658641 0.19686540487348378
7558.024328313464 0.1967004772157364
7560.558903779779 0.1963004729277971
7563.092990799471 0.19597960535031572
7565.627077824158 0.19559743434557722
7568.159699498959 0.19555073978647378
7570.693786533618 0.195264590233569
7573.226408218373 0.1951276322458947
7575.760983714607 0.194538501053965
7578.294582312556 0.1944133749878037
7580.828669367095 0.19407466355889796
7583.3617795233295 0.19375046205055213
7585.895866587774 0.19353923300671239
7588.428976753904 0.19325600534770504
7590.962575376606 0.19279745594816358
7594.762240642454 0.19237392187586896
7597.296327729117 0.19191536908434872
7599.829437917431 0.1917104696214311
7602.363036562294 0.19155177378956334
7604.896146760432 0.19128063482459545
7607.429256963473 0.19096561061442907
7609.963344074695 0.19052992146864728
7612.4964542875305 0.19040941275016998
7615.028587601969 0.1900926102936628
7617.562674727864 0.18971995279735318
7620.096273406995 0.18949349502877877
7622.628895187711 0.18900006584018397
7625.162005424938 0.188733610882197
7627.694138763733 0.18865009851337475
7630.227737462328 0.18842658223024145
7632.7608477141275 0.18797793752848088
7635.293957970776 0.18774390267905658
7637.826579780615 0.18757498406966877
7640.358713143637 0.18753136352724473
7642.892311866447 0.18698844136972945
7645.424933690778 0.18690529186520752
7647.958043971583 0.18662364886679367
7651.755755595195 0.1863784577584898
7654.287888984717 0.18619712778088887
7656.820510830694 0.18564810580526994
7659.352644229813 0.18561719321354397
7661.885754537039 0.18531795946553734
7664.418376397397 0.18504653539980198
7666.950021359212 0.18502092672693482
7669.482643229125 0.18489098148769445
7672.014776652148 0.18460399360133134
7674.546910079936 0.1842198023808882
7677.079043512484 0.1840683505260143
7679.610688498123 0.18386104700761172
7682.143310391842 0.18363451803436578
7684.674955386973 0.18346834020751407
7687.207088838512 0.18322695116329957
7689.739222294787 0.18307327115685065
7692.271355755793 0.18285976041033214
7694.803489221524 0.18263634640453016
7697.334645788629 0.18248713913950648
7699.867756167145 0.1821101969865315
7702.398912743672 0.18208961178817717
7704.930557776578 0.1817725852623504
7707.460737459157 0.18176088682872832
7711.258449250202 0.18122604035331938
7713.79058275121 0.18089805728351233
7716.322227805224 0.18089157349350718
7718.852407508874 0.1808716514730187
7721.384541023916 0.1807709394610526
7723.91520918858 0.1807325606535575
7726.446854261269 0.1803559076580749
7728.978010886934 0.18026563815944074
7731.508679065564 0.18019955220971662
7734.039347248835 0.18005439848934954
7736.571480791812 0.17971175415567217
7739.100683629298 0.17981462306438503
7741.632817181544 0.17945723543761194
7744.16299693166 0.17934839523284277
7746.693176686398 0.17932898230116046
7749.223356445746 0.1792718880070785
7751.755001564782 0.1790138849116327
7754.284692881655 0.179079420020338
7756.8163380099 0.17876020591639452
7759.3460293359685 0.17867952726443503
7761.876697570017 0.17868348508929674
7764.406877356953 0.17837446438282176
7768.2016585942465 0.17837051397190984
7770.731838392627 0.17826843464545195
7773.261529743875 0.17821602991459318
7775.792198003087 0.17797423013577982
7778.321400911755 0.17805337500956084
7780.852557631784 0.17779276509134342
7783.38127209785 0.17784195107365539
7785.910963471865 0.17753251220185484
7788.441143302124 0.17729687525989102
7790.9698577818 0.17727024185480017
7793.499549169415 0.17737415006126603
7796.02875210985 0.1773573335184142
7798.5584435065075 0.17716345916281515
7801.086669552556 0.17725744704857968
7803.61684940995 0.17692276336133353
7806.14654082014 0.177068060513627
7808.674766879697 0.17703499315959018
7811.203969847172 0.1769976721891316
7813.733172819137 0.17686777498375209
7816.261398892157 0.17689431660549151
7818.791090324803 0.1766096982574279
7821.319316406777 0.17636190001812913
7825.1111670864 0.17672179369084454
7827.639881631254 0.17646596167662484
7830.16957308401 0.17613666084000013
7832.69779918606 0.17599399810830324
7835.22553684084 0.17607021214594779
7837.751809144894 0.17626493182888908
7840.282477518887 0.1757780050517606
7842.809238283533 0.1758725979707556
7845.338441311224 0.17554886115616797
7847.865690536446 0.17544376868496642
7850.3934282178125 0.17546960785866658
7852.921165903591 0.17551181272188865
7855.447926690324 0.1756356749974297
7857.976641288375 0.17535585820947225
7860.503890535641 0.175288656739466
7863.031628239036 0.17515758079421617
7865.557900591626 0.17506847750274834
7868.085149852066 0.1750725734725007
7870.612399116884 0.17501914911084218
7873.13915993435 0.17507080010237444
7875.666897659651 0.17494936750769252
7878.194146937591 0.17459715622720123
7881.983067055732 0.17463418364652417
7884.510316344569 0.1743977875818803
7887.036588734283 0.17415185729700436
7889.56334958008 0.1740048876555055
7892.08913352674 0.17404355329193277
7894.615405929472 0.1740101964819521
7897.142655240023 0.17382466241473563
7899.667950747934 0.17362637679730464
7902.195200067138 0.1734248988188675
7904.7190302284525 0.17369897814466992
7907.245791104548 0.17333138157282427
7909.772063533205 0.1732302344044949
7912.297359062675 0.17284989786975008
7914.824119951687 0.17281342397309862
7917.347950134507 0.17301388776038518
7919.873734128608 0.17283908891131244
7922.399518126997 0.17238286685167778
7924.924813677913 0.17238728283469051
7927.449132329605 0.17213104359518253
7929.973450985567 0.17206739146057973
7932.499235001051 0.17177412329202071
7935.024530569047 0.17155144262996555
7938.811008573758 0.17130543822086383
7941.335815700634 0.17091014496515652
7943.860134380001 0.170687126540655
7946.384453063609 0.17049862173819735
7948.90974865497 0.17008183172110267
7951.433578895288 0.1698110461459314
7953.9569206880715 0.16982439865526275
7956.4807509368375 0.16968564677134013
7959.005069641584 0.16968214551592004
7961.528899898781 0.16929009534629774
7964.051264804899 0.16923531097808428
7966.575095070509 0.16880277928071905
7969.099902243853 0.16823157279370604
7971.622267162564 0.16810465936822783
7974.145608988996 0.16811672906436134
7976.669439271385 0.16765542646710022
7979.19278110619 0.16711547446064548
7981.714657589863 0.16698955099266077
7984.237022529476 0.16669116852410787
7986.760852828569 0.1661968911847784
7989.282240872972 0.16611965525283864
7991.805582728621 0.16585343711805323
7994.328924588427 0.16533494748851832
7998.111495127047 0.16515612500851687
8000.633860093675 0.16466845612433825
8003.154759709111 0.16459455616114174
8005.677613135789 0.16396012141528682
8008.1990012112665 0.16365416762681265
8010.720877742647 0.16314319194840657
8013.242754278149 0.16284559165927429
8015.764142365987 0.162358052477999
8018.284553554375 0.1621671036141518
8020.806918553998 0.16136694100595217
8023.327329750597 0.16078827992169645
8025.848229403075 0.1606789607005986
8028.369129059647 0.16019528110223535
8030.889540268524 0.15974862473654852
8033.410928385056 0.15924519373521193
8035.931828053886 0.1586299682712826
8038.450773919645 0.1585198052575537
8040.971673596625 0.15792157137141496
8043.492573277674 0.15740336500034974
8046.011519155631 0.15742060890177165
8048.531930393014 0.15671521820591436
8051.051364730869 0.15620568658880418
8054.830027793454 0.1556944300019812
8057.350927496805 0.15502297801255993
8059.86938494523 0.15451179420704478
8062.389796204865 0.15400949469796127
8064.907765209556 0.15372735723814626
8067.427199573661 0.15338305697400567
8069.946145489989 0.15278933181342744
8072.465091410336 0.15218794506865888
8074.985014238296 0.15143233658923777
8077.50200635947 0.1511045692720746
8080.020463840043 0.1506214999087867
8082.537944421015 0.15014249004558025
8085.05786726499 0.14953832870363382
8087.57534785395 0.14908125494593089
8090.093316898698 0.14864464439413544
8092.610797495623 0.14823028979750258
8095.127301192919 0.147976200932233
8097.646247153211 0.14731346653485494
8100.162750858447 0.14710473193692916
8102.680719923066 0.14657362790962483
8105.197223636226 0.14613085353930136
8107.714215805147 0.14566223964161926
8111.48945984004 0.14468178291997072
8114.005963567025 0.14437407139305167
8116.522467297951 0.14376738530854183
8119.038971032818 0.14353602885396044
8121.555474771616 0.1429821143570002
8124.070513158904 0.14287164018655882
8126.587016905556 0.1424849816952884
8129.102543752502 0.14232704562778714
8131.619047506993 0.14180637542069513
8134.134085909949 0.14166561108899642
8136.649612768629 0.141130116772342
8139.16611653485 0.14080165565427333
8141.678712690419 0.14076551654282915
8144.195216464435 0.140424099626344
8146.7092779832465 0.1402183256637188
8149.223827957761 0.14001768737294074
8151.73886638798 0.13988038367921715
8154.252927918433 0.1395774252922505
8156.767966356405 0.1394714625939614
8159.282516346425 0.13932729022386517
8161.795600984837 0.13938571138761213
8164.309174078932 0.13945223997065753
8168.080022179134 0.13952253669237785
8170.593106831037 0.1396234442922822
8173.106679938613 0.13962904404778967
8175.6192761463735 0.1399439255563877
8178.132849261632 0.14008940529412336
8180.646910832557 0.14020740512931068
8183.157553244495 0.1407330395377361
8185.67014946758 0.14093441864630116
8188.184211049987 0.14106067604374486
8190.695830377046 0.14146274483209073
