# %ECSV 1.0
# ---
# datatype:
# - {name: WAV, unit: Angstrom, datatype: float64}
# - {name: EFF, datatype: float64}
# meta: !!omap
# - {DICHROIC: CLEAR}
# - {GRATING: 1200/9000}
# schema: astropy-2.0
WAV EFF
7361.245521302448 0.20868648164542775
7362.827572029117 0.21200965949668613
7364.409622757907 0.21470350074194267
7365.993627240879 0.21648313415270062
7367.575189535893 0.2200401792816038
7369.158705585087 0.22072468389616923
7371.135902678481 0.22590048462423368
7372.719907170455 0.22567114597494917
7374.303423226529 0.22815519087665762
7375.885962408675 0.23141763689802808
7377.470455345016 0.23146333141436629
7379.054948283467 0.2330941948848565
7380.636999033924 0.23607897515352472
7382.22198041462 0.2360796790748433
7383.80793867347 0.23689848988647064
7385.389500992222 0.24028059464763923
7386.974482379239 0.24025337875725244
7388.955098568442 0.24280256115336118
7390.5400799601975 0.24289741102389986
7392.126038230107 0.24349821348832446
7393.7105311880405 0.24460371034072612
7395.296001024129 0.24474624962191147
7396.881470862317 0.24609832714016006
7398.467429140632 0.24673262910490634
7400.053875859075 0.24606731947120394
7401.638857265525 0.24809656584886075
7403.224327112101 0.2479549125760543
7405.207385518341 0.24878605784963242
7406.794809121752 0.24730300550414047
7408.381255851192 0.24880692007359329
7409.96672570666 0.249651937308068
7411.555126192414 0.24797389261649727
7413.140596052055 0.25028157061848183
7414.728019665923 0.24918457149437806
7416.316420157949 0.24896952838809222
7417.902378461881 0.2501923813995123
7419.491267396117 0.24857624553699462
7421.078691018328 0.24910669858038287
7423.064191644114 0.24874032880403849
7424.650638394928 0.25020976881732837
7426.240504214101 0.24757586513596525
7427.828416283193 0.2484992059035733
7429.416328354362 0.24784480483511745
7431.005705741733 0.2469050340778665
7432.593129379014 0.24817671083196
7434.182018332493 0.24765595328051196
7435.771395726092 0.2470540885826945
7437.360773121764 0.2464212276147491
7438.9506389575545 0.24606178126607195
7440.937116488624 0.24488685818468012
7442.5260054529845 0.24595003517960753
7444.117336609644 0.24369437472938982
7445.705737140088 0.24502793043791501
7447.295602986739 0.24454163267436269
7448.886934149603 0.24284654899978297
7450.475334686237 0.24355920659830296
7452.0681311673825 0.24156571302752888
7453.656531708136 0.24253291437659705
7455.248351317309 0.24137948870478393
7456.8401709285445 0.24022981960897136
7458.828113802786 0.2395441675562795
7460.419444980602 0.23933003171328857
7462.011264598529 0.2381921214813292
7463.601130466294 0.2387794816231536
7465.193438526386 0.2375479821419727
7466.785258150479 0.23699637034297316
7468.377077776624 0.2359215124229024
7469.969385842877 0.23572660469667311
7471.560228597009 0.2351577028738398
7473.15400198154 0.23423191238747082
7475.144875510423 0.2332232182089351
7476.735229833146 0.2338048772703339
7478.328026348213 0.23295817714454656
7479.920822865327 0.2329689453920547
7481.5155731367295 0.23039836373267453
7483.106904343745 0.23152155473978867
7484.701166181175 0.2299160124381559
7486.293474268394 0.23027266744203803
7487.886759233778 0.2294853125292556
7489.480532639266 0.22922551942153876
7491.074306046791 0.22815226088462182
7493.066156480512 0.227798489504167
7494.660418330688 0.2272145184325235
7496.254191744829 0.22702093121185038
7497.84845359907 0.22604331201831154
7499.442715455344 0.22562447888669704
7501.03746575172 0.22489485258209443
7502.631727612054 0.22497560653613313
7504.225989474416 0.22394913409049705
7505.821228214949 0.22351165628441508
7507.41695539558 0.22256408730588884
7509.01072882595 0.223553286226116
7511.005021478565 0.2228179940648569
7512.600748665778 0.22190176731599634
7514.195498978867 0.22150373476264756
7515.791714608202 0.2214554009826564
7517.386953363402 0.22116047108802034
7518.983168996778 0.22025476140610434
7520.579384632169 0.21981367409033742
7522.174623393425 0.21963092950791513
7523.770350594771 0.2193863097198717
7525.367543112369 0.2194735744611426
7526.963270317745 0.2190676717721347
7528.959028312971 0.21881169829401564
7530.555732399033 0.21836855684473233
7532.152436487103 0.21845687161090319
7533.749140577184 0.21822474125855007
7535.346333107356 0.2179897108430202
7536.944014077616 0.21750028586247105
7538.541206611801 0.2170421249022771
7540.1379107099065 0.21691906621787743
7541.735103248098 0.21710240892992957
7543.332784226381 0.21675746835662443
7545.330007561567 0.2171392030546782
7546.92768854435 0.21676054536599015
7548.525369529133 0.21695823101144082
7550.123050515913 0.21744739943040334
7551.721708380865 0.21661828360647273
7553.320366247819 0.21632016007744181
7554.918535678675 0.21658304533033998
7556.516705111524 0.21606787426058996
7558.11536298446 0.21607040004842823
7559.713043983201 0.2171508260297339
7561.31219029821 0.21691905769367376
7563.311367413817 0.21672079881347023
7564.9105137333 0.21653546178224048
7566.509171616678 0.2169017189207021
7568.108317940138 0.21650279490013846
7569.708441141773 0.21668524509040413
7571.3075874691995 0.21738625717679758
7572.907222236706 0.21695546531589058
7574.505880130001 0.21759983881086048
7576.106003339569 0.2174923603478391
7577.706614989214 0.2172282813001309
7579.306249764642 0.217958981830926
7581.306403784332 0.21821635603798703
7582.906038564206 0.21821629060168304
7584.505673346053 0.21901583150999643
7586.105796567977 0.21926453251196515
7587.706896668078 0.21894445219559605
7589.307508332047 0.21921276237973022
7590.907631559885 0.22002968129379374
7592.509220104003 0.22003453521325841
7594.109831773882 0.21978768754390168
7595.710443445729 0.22090049600939665
7597.3115435576465 0.22122851196971405
7599.313162919361 0.22140790169057523
7600.915239911917 0.2212602444993237
7602.515851592109 0.22194762985342742
7604.117440150482 0.22180262094305986
7605.720005587036 0.22217069392307526
7607.3211057112185 0.22303469551772728
7608.922205837359 0.2240356031576339
7610.524282841678 0.2242302318354403
7612.1263598479545 0.22468429198957307
7613.7279484180735 0.2247780344427271
7615.731521557339 0.22503710628445062
7617.333110131851 0.2255461118380818
7618.935675584545 0.2262997755530952
7620.5382410391885 0.22616411494490837
7622.140806495784 0.22679871677209126
7623.742883516212 0.22783291918524043
7625.345448976702 0.2280960403796448
7626.948502877256 0.2289854319331327
7628.552045217872 0.22847295455303485
7630.15412224608 0.23041714284376033
7631.756687714346 0.23059756580559293
7633.76123775724 0.23107993816063957
7635.3642916679955 0.23115443867427865
7636.968810895055 0.23179969966911684
7638.570887933444 0.2332681735921006
7640.174430288137 0.23354514434318416
7641.778461082888 0.23377914611268122
7643.38200344145 0.23432161480281583
7644.98701111632 0.23408380512994512
7646.589088164379 0.23620143739905927
7648.194095843115 0.2359317589346202
7649.799103523786 0.23621832422778907
7651.803165155771 0.2374877154222731
7653.407195964533 0.23805006742792043
7655.011226775217 0.23887814118377898
7656.616234464087 0.2385573196165207
7658.219776840497 0.24042313194388276
7659.825272971345 0.2396301763400476
7661.429792227859 0.24027871235990586
7663.033823048165 0.24239431805097436
7664.639319184783 0.2419228117297989
7666.244326885191 0.2426810272855235
7667.849334587517 0.24346530395433907
7669.855349999058 0.24434483223784328
7671.460357705696 0.24526660008606693
7673.065365414252 0.24580661568012385
7674.6698846865875 0.2466323798532161
7676.275380837102 0.24780244447421784
7677.881853865802 0.24669937065026704
7679.487350020142 0.24745512182898577
7681.092357738256 0.2491213168168397
7682.698830772691 0.24949108681543664
7684.304326932756 0.24984279679773896
7686.311807683195 0.2509933730365926
7687.91535009499 0.2529759749224844
7689.522311575665 0.25338773587103786
7691.128296181965 0.25315486082974403
7692.733792352024 0.25473737310903904
7694.341242276552 0.2554009447840196
7695.94673845041 0.2557549320086641
7697.5532115024525 0.25610710545102705
7699.16066143268 0.25613053541377745
7700.76713448852 0.2574149751811944
7702.374095984396 0.2572004227093674
7704.381576761545 0.25869271512534153
7705.987561385394 0.2596733527383726
7707.59354601113 0.2609492850344338
7709.201972829494 0.2599754130025958
7710.807957459009 0.2615240299672284
7712.414918966709 0.2621078434525914
7714.022857352595 0.2625275559399655
7715.63079574037 0.2632862314725014
7717.235803501128 0.26470524427059156
7718.84276501637 0.26576249605385677
7720.451680286101 0.2651984520767478
7722.4606264042295 0.2657837753317759
7724.0685648018925 0.26638905960347753
7725.674549448825 0.26866634089850844
7727.282487850245 0.2686965728215956
7728.890426253545 0.26868894631596024
7730.497876220565 0.2699634020435125
7732.105814627617 0.2702316622042118
7733.713264598388 0.2709079641789095
7735.322179885498 0.2705907972954443
7736.9286529837 0.2732313119874439
7738.537568274557 0.27350774678789236
7740.547002857203 0.2742889109494327
7742.155918152269 0.27359965997699404
7743.764345011041 0.2739329113037234
7745.37081811904 0.2759404749813603
7746.980221857865 0.27695016222802904
7748.588648722234 0.27657088145523245
7750.196587150304 0.2782134632487541
7751.80550245656 0.27850810400841886
7753.413440888351 0.27918573204799946
7755.023333074655 0.2781020518508685
7757.034232995659 0.2794646354285828
7758.6426598716525 0.28036199777957654
7760.250109873171 0.28168179396298154
7761.858536752872 0.2837117134966231
7763.46940582526 0.2819295424808418
7765.077832708668 0.28282163628805745
7766.685771155761 0.28407265363849643
7768.295663357375 0.2840570588724211
7769.905555560839 0.28436429342175973
7771.513005575308 0.28600745964638996
7773.122409344298 0.286108528723594
7775.133797729507 0.28714153661444913
7776.743689940822 0.28769667051542747
7778.354070592154 0.2864782215205059
7779.963962807155 0.2869994127888393
7781.57141283314 0.28928032298949763
7783.181793489999 0.2898333158931357
7784.791197272351 0.28889159012132587
7786.401089494717 0.2893398052317551
7788.009027966217 0.2911926406230333
7789.620873944956 0.29063142928688773
7791.22978929648 0.29115513211344873
7793.242643022076 0.29150944464633227
7794.851558377721 0.29244750381877005
7796.4609621733725 0.2937206909011682
7798.070854409032 0.29426340668995166
7799.680746646519 0.2950766775333829
7801.291127324016 0.2948236963603273
7802.901019565157 0.29565936680911464
7804.510911808127 0.2969549271097799
7806.122269367463 0.29643768441372326
7807.732650052262 0.29555609542380057
7809.3420538625205 0.29779908789183523
7811.356372928362 0.29688585948237334
7812.965288304531 0.2991256183700477
7814.575668997069 0.2996725974075129
7816.185561253241 0.2997575625680161
7817.797407263967 0.2983333908754723
7819.406322647397 0.30045373702596617
7821.017680223572 0.300769285929062
7822.629526239751 0.30073826093678835
7824.238930066804 0.30018270017472737
7825.849310772044 0.30207474605930473
7827.863629861156 0.3010554411258248
7829.473033694089 0.3028690763653034
7831.083414405206 0.30354700044493216
7832.695260432699 0.3031281570971623
7834.307106462002 0.30130518924245636
7835.916998740344 0.3035982703792086
7837.526891020487 0.3051495942205529
7839.138737055201 0.30505235386740037
7840.751071529912 0.30278304476252094
7842.3609638154585 0.30456699140004495
7843.970856102798 0.3063714141640519
7845.985175217278 0.3052215939177842
7847.595555946856 0.30768923691081523
7849.207401992815 0.30676747880107047
7850.818759602374 0.3060610537904891
7852.430117213726 0.3061439127696151
7854.0409863886725 0.3081293017969749
7855.6518555654075 0.30843648627074927
7857.264190058531 0.30798903726869703
7858.875547677044 0.30758900638901726
7860.485928420948 0.309127642176195
7862.0963091666345 0.310963988493373
7864.112093620908 0.3095846050863359
7865.722474370608 0.31023868598001314
7867.3343204366965 0.3105384607151448
7868.946654942772 0.30972910469320303
7870.558012574219 0.30965878284982085
7872.169370207451 0.310691396075674
7873.780239404255 0.31208156716281593
7875.392085479242 0.3115380907518087
7877.004908432419 0.3102268852867529
7878.615777634552 0.31153453065318254
7880.226646838456 0.3128160820236141
7882.242431317758 0.311563197573465
7883.853300525647 0.31294514007072927
7885.465146611724 0.312743549476522
7887.0784580141935 0.3113472299049454
7888.6903041038095 0.31070736028376345
7890.300196442356 0.3140198492738729
7891.911554097294 0.31471551760858946
7893.525353945049 0.31310629557129394
7895.136711603514 0.312084936514075
7896.7480692637455 0.31333971620468637
7898.763853765698 0.31168559521965233
7900.374234553462 0.31506765741545323
7901.986080657625 0.31538741214468613
7903.598415201758 0.31636468387902084
7905.211238185865 0.31443345373630205
7906.822595857084 0.31412105587065087
7908.434441968275 0.31574964400311156
7910.0457996430005 0.3166640786226265
7911.658622634125 0.31600825718448494
7913.27095718879 0.3146395228574008
7914.883291745206 0.3157317917870057
7916.898587833631 0.31499199814251844
7918.509457079326 0.31634510623053347
7920.121303203202 0.3183516927410557
7921.733637767047 0.31720590916603486
7923.347437647296 0.3157637364780652
7924.959772214632 0.3151879918178811
7926.570153030822 0.31681942093081317
7928.181510725194 0.31800453167753134
7929.79531061242 0.31677789579222115
7931.408133624943 0.3161272063321996
7933.020468200979 0.31474431451936535
7935.034787437467 0.3172075674939775
7936.64809889386 0.31531218493569085
7938.258968160865 0.31764620880885147
7939.870325867826 0.31847059101191244
7941.48412576765 0.31731313801146876
7943.096460354528 0.31539735253112
7944.708794943135 0.31614878661113066
7946.319175780559 0.31851467477375883
7947.931998810854 0.31814336045351016
7949.545310281105 0.31658364751867457
7951.157644876623 0.31595847663360693
7953.171964137428 0.31772954428281885
7954.784298736827 0.31794206736704045
7956.397610214408 0.31734955563185346
7958.008479502555 0.31908515851550295
7959.620814107116 0.3188611127678602
7961.234125589862 0.31811614498461177
7962.8469486360955 0.3173427801021802
7964.458306369345 0.3184665615529404
7966.0691756660735 0.31994523692790017
7967.682487155687 0.3191955087781062
7969.697294876735 0.31964733091763137
7971.311094808444 0.3192423225627798
7972.9239178653925 0.31745864071325197
7974.5357640475795 0.31722000694986596
7976.147121793235 0.319623829107954
7977.759456417074 0.3199228920818507
7979.371791042619 0.3190702356416941
7980.98461410811 0.3187033389917153
7982.596460298827 0.31907679958199253
7984.208794929486 0.31942647853265277
7985.820641123607 0.31974283193989983
7987.836914183374 0.3182712746870792
7989.447295066594 0.3203087352694266
7991.061095019208 0.3192492290769223
7992.673918097036 0.31779970888791664
7994.286741176564 0.31830870654688154
7995.897610504809 0.3200123093572955
7997.508968272992 0.3205296743639635
7999.123256672337 0.31908672902220603
8000.735591320396 0.3176309978144301
8002.3474375319 0.3190627434579472
8003.9578184303555 0.32093880427549754
8005.974091513961 0.31858636473381996
8007.584960854455 0.3211598175747889
8009.198760826124 0.3195494640588578
8010.811095484735 0.3191794695608484
8012.423430145032 0.31815617232345994
8014.034299492259 0.31934250587756524
8015.645657279421 0.32125601311477575
8017.2594572595135 0.31968526695219823
8018.8717919265355 0.3183606120812696
8020.484126595239 0.31771187981637816
8022.094995950861 0.3194649597141989
8024.11029218163 0.3175031409081689
8025.72262685578 0.3191244861702782
8027.333496216843 0.3204269802953022
8028.946807770851 0.3188588829788195
8030.559630888279 0.31684247780294256
8032.170988692609 0.3181848425958089
8033.781858060356 0.31977522699253674
8035.394681182792 0.3190995671429658
8037.007015868642 0.3187503079669276
8038.618862117902 0.31762714729625124
8040.634646808335 0.317596430712285
8042.245516184825 0.31708484409090215
8043.856874001233 0.3191308705094434
8045.466766504523 0.3216134462950454
8047.081054953815 0.3186389795809137
8048.693878089985 0.3177682841901255
8050.304747474773 0.31807375221630646
8051.915616861217 0.31923133212198906
8053.526974687578 0.31955484988506233
8055.139309392119 0.3183714174349695
8056.751155660051 0.3172945463375559
8058.7659634972915 0.31803318389563456
8060.3773213306795 0.3183533269373245
8061.988190727453 0.31983341129053044
8063.600037002403 0.32002583148859925
8065.212371717272 0.3190402120317259
8066.824706433787 0.31843131342876335
8068.435575837148 0.31874711289373814
8070.045956803888 0.3202363385430735
8071.657803087071 0.3190232754820208
8073.270626248438 0.3177457537833361
8074.881007220104 0.3176234625329838
8076.89630351877 0.3174830251315525
8078.506684494125 0.3174253617188491
8080.118042347656 0.3184955223562312
8081.728423326284 0.31957089508538555
8083.34075805963 0.317616653951132
8084.95211591807 0.31685654800681756
8086.562496901601 0.3180352373804395
8088.172877886765 0.32042232050409686
8089.784235750102 0.3193175128464132
8091.396570491619 0.3178464805985828
8093.0074399199475 0.3175714200053346
8095.021270926783 0.3188079651165717
8096.6311634822205 0.3188606268564711
8098.24252135411 0.32009185627736925
8099.85339078935 0.31945721095244267
8101.465237102768 0.31841098067881424
8103.0751296646995 0.31843544581143385
8104.68551066653 0.32070064780588076
8106.296380108258 0.3201933676292313
8107.907249551604 0.3191988836407888
8109.51860743485 0.31788612830471547
8111.532926900756 0.31775047658137545
8113.14233103452 0.3180704764478673
8114.753200484743 0.31840407955069727
8116.362116183451 0.3199424424974413
8117.974450951743 0.31804330434869504
8119.584343530239 0.31804525336138567
8121.194724548626 0.3192279799252317
8122.804617130341 0.31967766884259663
8124.415975028512 0.3186218654822103
8126.026356051725 0.31799345205148877
8127.635760199978 0.31973345230653927
8129.648614373686 0.31907859766018465
8131.258506963831 0.31983239321822304
8132.8679111172905 0.32131731469396346
8134.479757463785 0.3193693410831187
8136.089161620448 0.3197621667780715
8137.699542655282 0.3186042224154957
8139.308946815141 0.3196917154773367
8140.919816291461 0.3189379366473218
8142.529220454512 0.3194258310970566
8144.138624619157 0.3190495298903993
8145.747540347104 0.3205860935412375
8147.760882981587 0.3193577270261641
8149.370287151407 0.31891019143872257
8150.981156637694 0.3181348138452466
8152.5900723724035 0.3185473848880026
8154.198499670405 0.3209220447674853
8155.808392284873 0.32019258020818
8157.418284900927 0.3194789529334771
8159.027689080275 0.3188280859902166
8160.637093261205 0.32078049848657425
8162.246009005425 0.3199652168708617
8163.856878504408 0.31852696370414696
8165.867290531437 0.31899606848510964
8167.477671595681 0.31869335515020364
8169.085122031724 0.3204046074220859
8170.693060907638 0.32123753765740276
8172.303930414917 0.3196850980532326
8173.91235773228 0.32002219154426076
8175.519808174616 0.3220906895503575
8177.129212371723 0.3206829310207497
8178.739105008702 0.32005466867316124
8180.347043894052 0.32008623238041267
8182.358432817851 0.3200997039323881
8183.966371706729 0.3209293965228192
8185.574799035475 0.3204662684953419
8187.184203242395 0.32040290683361755
8188.7921421359715 0.32036551633636734
8190.399592592806 0.32149339657248693
8192.007531489504 0.3211101070225278
8193.616935702681 0.32002902714635284
8195.2243861642 0.32053767741397493
8196.833301942193 0.32069385722974203
8198.441240845134 0.3216764955437701
8200.450676037693 0.3233591429491906
8202.060568697367 0.3195438593262645
8203.666553852136 0.321192304619542
8205.273515885074 0.3227015616984307
8206.882431672793 0.32115881144964736
8208.490370585452 0.3212645882584869
8210.097332623041 0.3230581735364455
8211.704294662184 0.3223988397055476
8213.314187332735 0.32085841758862854
8214.920172498349 0.321812142897813
8216.52713454213 0.3227178034161133
8218.536569756496 0.32276050340474993
8220.14353180375 0.3219607033075657
8221.751470729174 0.3227636980621778
8223.358432779516 0.3212295065454152
8224.965394831393 0.32273964529787
8226.572356884817 0.3218912997808774
8228.179318939778 0.3218234112823306
8229.784327243015 0.3233868383264692
8231.391289301046 0.32419054339584974
8232.999228237246 0.3218624724286627
8234.605213421717 0.32269494337810417
8236.61464865773 0.3210958280306274
8238.220633845649 0.32262144791823966
8239.826619035099 0.3211424681039182
8241.432604226075 0.32278237516634994
8243.03858941858 0.32365127329191395
8244.644574612616 0.3229536371755587
8246.252513561452 0.3215674158502545
8247.857521881899 0.32412874385119433
8249.462530203868 0.3242763068532744
8251.069492280641 0.32361892360605454
8252.67352372901 0.3245274330156599
8254.681982109862 0.3239112193067613
8256.28796731494 0.32410865611890727
8257.893952521536 0.32350927368206644
8259.498960853003 0.3244471694723236
8261.103969185986 0.32546481938596483
8262.709954397134 0.3241130246756062
8264.314962733148 0.3251045271971406
8265.918994194022 0.32757699625428344
8267.525956286365 0.3244517371729636
8269.12998775026 0.32533412727265454
8271.136492397234 0.32533966944768006
8272.741500741182 0.325356543355534
8274.345532209978 0.3262095660627354
8275.950540556938 0.3261813051342898
8277.555548905406 0.32534742666390487
8279.159580378719 0.3261022820962293
8280.764588730195 0.3253472800368924
8282.369597083172 0.3253522649748084
8283.97167480767 0.32687484550390145
8285.576683163652 0.3260921188664143
8287.180714644468 0.32612385322332593
8289.185265559265 0.32696386793874616
8290.789297043453 0.3261731220341938
8292.3943054058 0.3254747596539657
8293.998336892982 0.3256453220086051
8295.600414628316 0.32745443319190926
8297.205422995148 0.3252509875048602
8298.807500733466 0.326983786138123
8300.411532226615 0.3263289313785859
8302.016540597924 0.3264907547485873
8303.617641464032 0.3282766843470489
8305.221672961648 0.3276414267410309
8307.22622389742 0.32710010199312894
8308.829278521704 0.32576994427061096
8310.431356270794 0.32846189768303913
8312.034410898046 0.3277753676581719
8313.636488650101 0.3277566783045148
8315.239543280315 0.3277105375599695
8316.842597912007 0.3293096248212406
8318.4446756685 0.3285362565036937
8320.045776549785 0.32933844599490236
8321.648831185912 0.32849837245041846
8323.25090894683 0.32922762454871124
8325.252529273368 0.3291161288853602
8326.855583914286 0.3283530202514315
8328.456684803305 0.328457269819695
8330.057785693794 0.32943736927066347
8331.66084033913 0.32954269693345867
8333.261941232557 0.3295866244737027
8334.86304212745 0.3303144685631343
8336.4651199005 0.3279575331252109
8338.066220798328 0.3297275209922453
8339.667321697616 0.3301572812608516
8341.669918919655 0.3290098770197993
8343.27004294554 0.3300923073665123
8344.870166972885 0.3318555676950332
8346.47322163178 0.3294779644313685
8348.072368785346 0.33028889803489225
8349.673469693766 0.3302823485463071
8351.273593726943 0.3295112697316648
8352.872740884875 0.33115131728900793
8354.474818674365 0.3294538086002743
8356.073965835203 0.33086473623155105
8357.674089874194 0.33061348887446956
8359.674733363327 0.32965716860811317
8361.273880528879 0.32962150063900425
8362.874004572584 0.3296516133032067
8364.473151741031 0.3305993330996904
8366.072298910925 0.33158979802265565
8367.67242295897 0.3301503632462849
8369.272547008466 0.33029174007956036
8370.871694182695 0.33036821376449066
8372.470841358363 0.3304329136891528
8374.069011658763 0.33135616192579026
8375.668158837316 0.3316284239489905
8377.66587171664 0.3320193473364591
8379.265018898426 0.332248762882664
8380.86318920494 0.3325356864194466
8382.462336389604 0.33281397319721034
8384.060506698987 0.3330635321401884
8385.658677009804 0.3334228571385519
8387.25684732205 0.33374201661922553
8388.85501763573 0.3338894932533837
8390.452211074124 0.3353891200518995
8392.050381390665 0.3335209779685882
8393.649528585356 0.3324925388483094
8395.645287731382 0.3330000314329435
8397.24248117584 0.33363469333561363
8398.840651498449 0.33192755895283077
8400.437844945756 0.33186129784471247
8402.03406151776 0.33349681348886523
8403.632231844638 0.332022506648853
8405.228448419482 0.3337612513502407
8406.82466499575 0.33389141502877834
8408.420881573431 0.33410106587955285
8410.01807502926 0.3341929653770018
8412.013834193493 0.3335766466407367
8413.610050775778 0.3347162411366613
8415.206267359477 0.33512539616255577
8416.801507067858 0.3353835217100699
8418.397723654383 0.33543118096084507
8419.992963365581 0.33616094003559266
8421.591133708405 0.3335532922432286
8423.185396545688 0.3349772338925235
8424.780636261114 0.33480535000494577
8426.375875977948 0.3346724685394553
8427.971115696191 0.33462816214412217
8429.964921126779 0.3354692416835667
8431.560160848181 0.33471452566505117
8433.155400570982 0.33400991701024624
8434.749663418444 0.3358899425553498
8436.34490314405 0.33360713898599265
8437.93916599431 0.33450518065040863
8439.533428845969 0.33457279933555173
8441.127691699025 0.3345727194378695
8442.720977676727 0.33445156083886185
8444.315240532573 0.334427219638901
8445.910480266566 0.33359697312152653
8447.901355086577 0.3351810160936005
8449.495617946952 0.3361419288877167
8451.087927055212 0.3355151801752898
8452.681213041613 0.3366180548412834
8454.274499029409 0.33594555766280193
8455.867785018585 0.3368780002294366
8457.460094132397 0.33609988278575115
8459.053380124351 0.33680982165704204
8460.64568924093 0.337534184651941
8462.238975235652 0.3358453914877317
8463.831284354997 0.3359299080243095
8465.82118231774 0.3367988823675447
8467.413491440191 0.3375572429348471
8469.005800564022 0.33683468731525956
8470.598109689234 0.33692711661544805
8472.189441939056 0.3378234782071423
8473.78175106702 0.3369782420370072
8475.372106442826 0.3378402221000631
8476.963438696772 0.337120541589686
8478.555747828861 0.33623762310139427
8480.146103208785 0.3361652753550094
8482.135024312382 0.3369405047760817
8483.725379695388 0.33770837892997446
8485.316711956531 0.3367041251145662
8486.905113588728 0.3380705496993269
8488.49742272938 0.3363913756170751
8490.08777811785 0.3355938055877426
8491.67715663091 0.33649789399609137
8493.267512022112 0.33564417307739974
8494.857867414672 0.33640669221440433
8496.44724593182 0.33713019821936335
8498.036624450326 0.3362157787977696
8500.023591819563 0.3361739804906222
8501.61297034113 0.3353857848032518
8503.202348864046 0.33521410485975667
8504.789773634759 0.33753946995747103
8506.379152160389 0.3365831554134238
8507.969507564158 0.3349303310004019
8509.55693233893 0.3357073526528914
8511.14435711505 0.33639787840334523
8512.73373564609 0.33547862370929393
8514.32116042491 0.33624791939653104
8515.909562081864 0.336284266675806
8517.894575716558 0.33701271974247865
8519.482000499755 0.33526076335782584
8521.069425284297 0.3360159631836223
8522.656850070181 0.33613405331908364
8524.245251734204 0.33459378344335006
8525.83072276919 0.3371364851305144
8527.417170682305 0.3365753439629147
8529.005572350354 0.33523752391780215
8530.592020266155 0.33720655911560754
8532.177491306491 0.33743223864097005
8533.763939224964 0.3384596253335433
8535.74797600173 0.3361832905782031
8537.33344704641 0.3387624984982204
8538.91891809242 0.33790775854478566
8540.506342893366 0.3369093779080004
8542.091813942043 0.33654929229638486
8543.675331238444 0.3379012092382747
8545.260802289778 0.3377619754340081
8546.847250219245 0.3368934312317615
8548.430767519629 0.33766271964069583
8550.016238574946 0.3365858629254584
8551.997344738355 0.33649944208661237
8553.580862043042 0.3373878390267172
8555.166333102665 0.3375544583086693
8556.749850409995 0.33748479066067266
8558.333367718646 0.33746431928108306
8559.916885028613 0.337642880201774
8561.502356093524 0.3362232500195162
8563.08489652932 0.33808538638638336
8564.668413843243 0.3381094630713618
8566.251931158482 0.3378503724326794
8567.834471598224 0.33831055442402996
8569.812647149743 0.3379339380217299
8571.396164469252 0.33674071667510797
8572.979681790079 0.33634060397874777
8574.560268481757 0.3375397753132399
8576.143785805203 0.3349161837816369
8577.726326253136 0.3365759545135584
8579.306912948738 0.3366812106415935
8580.889453399286 0.33516726554452475
8582.47101697432 0.3370025472513445
8584.051603673834 0.3363986682666117
8585.633167251477 0.33831737646591614
8587.60938906774 0.3377618200838206
8589.191929525137 0.33706293324879194
8590.772516230183 0.3361914974515235
8592.353102936528 0.33771120023025225
8593.932712767342 0.3382463273835467
8595.51329947628 0.3364004597116542
8597.092909309687 0.3371462748884444
8598.674472898048 0.3372109834570158
8600.253105857213 0.33714827242017226
8601.8327156945 0.3361470075543911
8603.41134865625 0.3390325808860958
8605.386593613912 0.3361707011965556
8606.966203455397 0.33522258276756756
8608.543859544498 0.33770942656793695
8610.12346938856 0.33507111653657046
8611.701125480235 0.3365132478782948
8613.27975845003 0.33617686785612044
8614.85839142111 0.335978937829665
8616.436047516638 0.3350703934758613
8618.014680490287 0.33587668929413855
8619.593313465217 0.33346840910042924
8621.564650932 0.3361632712830027
8623.140353279285 0.33698076185564874
8624.720940012065 0.3335198406867123
8626.295665485059 0.33661461178086105
8627.873321589863 0.3349802084004745
8629.449023942248 0.3358803385709854
8631.028633803295 0.33351308224005055
8632.602382404537 0.3367976867192699
8634.178084760742 0.33672188722590707
8635.753787118216 0.3365975955034088
8637.330466353813 0.3358041029781479
8639.30082696167 0.33579393214740677
8640.875552446418 0.33484146624658195
8642.451254809288 0.335599805091777
8644.026957173424 0.33395105989269525
8645.602659538823 0.3340634222420023
8647.175431274925 0.3363483944377077
8648.751133642852 0.3344770684023655
8650.323905381476 0.33600600052009655
8651.897653998212 0.33601423741485936
8653.473356369926 0.3343733802205453
8655.047104989184 0.3351516163093658
8657.012581230521 0.3357905493594742
8658.587306729465 0.3348140769466796
8660.161055352808 0.33391627435067367
8661.73480397741 0.3338906741431036
8663.305621972671 0.3363486058065307
8664.879370599778 0.3354340164694455
8666.451165474406 0.33524876451007035
8668.022960350285 0.3358558037437637
8669.595732104279 0.3347912252325397
8671.16948073639 0.33204562817842986
8672.740298739147 0.33342484369898767
8674.703821244342 0.3343997837100117
8676.275616126772 0.33446244631286687
8677.846434133573 0.33364658061259134
8679.418229018489 0.33353052060407556
8680.990023904651 0.33346358478513377
8682.559865038305 0.3342527664993889
8684.130683050076 0.3341799205174675
8685.700524186213 0.33404406732935227
8687.270365323588 0.3338578687241278
8688.839229585323 0.3355590314421455
8690.80275210642 0.33306131231822816
8692.371616370938 0.3346868180630125
8693.942434390441 0.3338088192177939
8695.509344903667 0.3353530899062499
8697.079186048757 0.3343297521229105
8698.647073441323 0.33411011242283
8700.214960835117 0.33475147926765964
8701.783825107019 0.33376344777333583
8703.351712503269 0.3335473015251352
8704.921553654514 0.331770019739616
8706.488464176335 0.33268808912780146
8708.449056084102 0.3326797054632964
8710.01498973179 0.3342347162696833
8711.581900257584 0.3340278905503718
8713.148810784605 0.33403526222799623
8714.716698189732 0.3324221572738284
8716.281654965414 0.334174087978606
8717.847588619205 0.3349394186825541
8719.4144991511 0.3339679227648058
8720.980432807322 0.33376272945051666
8722.546366464763 0.3328535551116367
8724.112300123417 0.33201075330765417
8726.068984540774 0.33359634231145013
8727.633941325268 0.3335378204783678
8729.19889811097 0.3334364445906275
8730.763854897887 0.33319336441197867
8732.327834809117 0.333789677616269
8733.894745352245 0.3310959366207154
8735.457748388993 0.33283932981862724
8737.020751426944 0.333578325893701
8738.5837544661 0.3341726890054896
8740.148711260266 0.33232600314325333
8741.711714301833 0.3322205581651009
8743.66449122858 0.3330217310008183
8745.226517395946 0.3337074934769815
8746.789520441416 0.33289146780907886
8748.352523488089 0.3330567830252806
8749.915526535959 0.33154194848200175
8751.477552708122 0.3324494473801998
8753.039578881482 0.3324297489445873
8754.599651302226 0.334077362964784
8756.161677477976 0.3332243792729216
8757.723703654921 0.33321941200315564
8759.673549966281 0.3339830422344945
8761.234599269003 0.3329977789117359
8762.79564857291 0.3335830701244928
8764.355721001099 0.3327607423091733
8765.914816553563 0.3353509353686458
8767.476842737953 0.3329118535113589
8769.035938292793 0.3336837438612517
8770.596987602647 0.3327522272180143
8772.155106282939 0.3336274289054877
8773.713224964411 0.33372807296886275
8775.27427427782 0.332202565291859
8777.222166852034 0.33325633167308866
8778.779308660429 0.33339234076513474
8780.33938110076 0.3318272525372181
8781.896522911515 0.333456168876864
8783.453664723442 0.33333522001415455
8785.010806536548 0.33398405765713224
8786.567948350827 0.33402432174255087
8788.12411328936 0.3349180386460933
8789.681255105987 0.3349855820573203
8791.239373800714 0.33408632956025397
8792.796515619688 0.3331402638282657
8794.740500702737 0.3337501451628422
8796.296665647418 0.3344608578563347
8797.852830593269 0.33444184577832814
8799.408995540289 0.3329093800160561
8800.965160488473 0.33377589849422584
8802.519371683968 0.33289917743994063
8804.072606003692 0.3343961843234765
8805.627794078438 0.3335368721096294
8807.182005277422 0.33526462925518064
8808.73817023143 0.3326495326037564
8810.291404555805 0.33338206485841
8812.2344127783 0.332430670816314
8813.786670228343 0.3341136939108034
8815.34185831035 0.332425688499292
8816.894115762709 0.3324179824836247
8818.444419462345 0.3359523203724986
8819.997653793946 0.335168742629799
8821.550888126703 0.3351297084331267
8823.104122460614 0.33420402752325334
8824.65637991874 0.3332966897049855
8826.208637378017 0.33159617056542334
8828.14676123061 0.33328468690261637
8829.697064938586 0.3359294137263985
8831.249322401596 0.3344468958995149
8832.799626111866 0.3354890291863976
8834.350906700229 0.333969036094845
8835.90121041279 0.3340705282076066
8837.45053724955 0.33668774300070065
8839.001817841345 0.3350381397812668
8840.550167803438 0.3366474912804779
8842.099494643622 0.3357308658342038
8843.648821484947 0.3348302583340982
8845.584014722777 0.3350125272448832
8847.133341566661 0.33576736272292396
8848.683645288636 0.3347135292453897
8850.231018380893 0.33627876859705746
8851.778391474283 0.3346096071044287
8853.325764568806 0.33562632630093536
8854.873137664463 0.3365046813724575
8856.421487638207 0.335636415478529
8857.967883859172 0.33556345340078225
8859.514280081265 0.3363562165525794
8861.061653181443 0.33546253352648875
8862.994892681298 0.3371725746022732
8864.541288907061 0.33428114979948054
8866.08670825699 0.3339690672694707
8867.63115073108 0.33640620785978326
8869.177546960218 0.3354408000695949
8870.721989436555 0.33447512410310826
8872.266431914013 0.3360484656195981
8873.81282814652 0.33506638989109444
8875.357270626224 0.33492594420949257
8876.899759353117 0.33478402793346607
8878.444201835055 0.3354795292468783
8880.375487596777 0.3335823032394922
8881.916999450332 0.3342590186580911
8883.460465058935 0.3349283544061173
8885.00393066865 0.33389218788255126
8886.546419402515 0.33369640682606455
8888.08793126052 0.334335153566217
8889.632373750548 0.3332700708272718
8891.1729087338 0.33389033958446734
8892.714420595139 0.33365201954872326
8894.255932457583 0.33340065009813796
8896.183310725683 0.3322305818232281
8897.723845713646 0.33195252787622637
8899.264380702714 0.3333541210726553
8900.804915692886 0.332205879284125
8902.344473807185 0.3327349342066657
8903.885985676543 0.3307205551605064
8905.42359003909 0.33205846909003883
8906.964125033677 0.330019168211399
8908.50466002936 0.32964301546611224
8910.043241272186 0.32925561381337215
8911.580845639128 0.33136232768772933
8913.50431641482 0.32998606027893934
8915.041920784228 0.3295359711840483
8916.580502031715 0.32907206769081054
8918.119083280295 0.32692173265016455
8919.653757022032 0.3289165706873303
8921.193315149785 0.3275517604138644
8922.728965770692 0.3261767474389247
8924.266570146652 0.32643639781578637
8925.803197646721 0.32501893569109863
8927.338848270892 0.32523190040448513
8928.875475773137 0.32376988599132767
8930.793085302257 0.3237643471259276
8932.329712806946 0.32307138366365123
8933.864386558742 0.32153144850199894
8935.399060311618 0.32242523217482877
8936.934710942569 0.32001440657970004
8938.467430943629 0.3208433282393514
8940.003081576742 0.3200103227182774
8941.535801579957 0.3191457678378197
8943.071452215236 0.316634231244162
8944.602218466616 0.3173246708075097
8946.136892227052 0.316365930406048
8948.052548017376 0.3143175937756661
8949.585268026241 0.3140843592673861
8951.117011159185 0.31221797922735484
8952.6487542932 0.31270230509257
8954.180497428288 0.31155347425203644
8955.713217441447 0.3095743137992884
8957.243983701675 0.30678470261913426
8958.774749962971 0.3078710817798616
8960.304539348333 0.3050029741186174
8961.837259365773 0.3044300997350974
8963.748030784802 0.30268334420872817
8965.276843296624 0.3027814911181708
8966.807609563522 0.29973824628968243
8968.337398954474 0.29895840905875704
8969.865234592482 0.2966053888043789
8971.39502398556 0.2957167733876662
8972.921882748678 0.2947750656586365
8974.452649020888 0.2907811207418677
8975.977554032104 0.2919618488926783
8977.507343429423 0.2878719012226745
8979.03420219677 0.28742813269143724
8980.943019876691 0.28494661721648046
8982.470855523425 0.28216795489176766
8983.995760540172 0.2807817688735396
8985.523596189012 0.2778923163254928
