# %ECSV 1.0
# ---
# datatype:
# - {name: WAV, unit: Angstrom, datatype: float64}
# - {name: EFF, datatype: float64}
# meta: !!omap
# - {DICHROIC: CLEAR}
# - {GRATING: 831/8200}
# schema: astropy-2.0
WAV EFF
6785.264499439487 0.2756788845262627
6787.548821819353 0.2755557365657813
6789.8346094534445 0.27438110743488536
6792.119420260952 0.27374846658157215
6794.40423107419 0.2734263005839681
6796.690507141646 0.27225727238002545
6799.547253297644 0.27210022342402695
6801.833529377968 0.27109014600707987
6804.120293880176 0.27047640092646236
6806.406569971919 0.26977447380230535
6808.692846069362 0.2696146489344548
6810.981075837189 0.2683156952654828
6813.266863529839 0.2688932098122734
6815.555093309046 0.2678426718773605
6817.8413694292285 0.26747784695566074
6820.13008763597 0.26700355564303274
6822.419782680743 0.2658042810093962
6825.278482581419 0.26632080667065083
6827.567200806575 0.26592508960180505
6829.857384285933 0.2644566960951466
6832.145614106208 0.2648262852013862
6834.43530918068 0.26466750984955967
6836.724027428419 0.2641057620707542
6839.014699346537 0.26387711611380893
6841.304882854099 0.2641377264064529
6843.5950663672875 0.26327934026803707
6845.885249886093 0.26327613903142993
6848.749322437024 0.26254774677983583
6851.039505968452 0.2624813154627952
6853.332131586456 0.2621824891584937
6855.622315129082 0.2629162681879116
6857.912987093492 0.2625606763365338
6860.206101144481 0.2625683914012332
6862.498726784857 0.26265735163802517
6864.789887182212 0.2629288243189646
6867.083978082347 0.26227818022637456
6869.377092155651 0.26244812772020804
6871.6682525697 0.2623790092012379
6874.5357441125625 0.26248623574586366
6876.829835036345 0.26243290494048715
6879.123925965675 0.26202613737351554
6881.4170400681305 0.2629816019110682
6883.712107840966 0.26243236605552184
6886.006687203125 0.26306542596007915
6888.300289738387 0.26355753496283146
6890.595845944023 0.26342188321978594
6892.8923789876135 0.2634507698317196
6895.188423620507 0.2625864850686951
6897.482026177823 0.2646385643842338
6900.352936711952 0.2640326941642414
6902.648492946514 0.2650197403000422
6904.946979683898 0.2638913103403727
6907.241070680775 0.26499394744741717
6909.538580596691 0.2653646288357165
6911.837067350542 0.2653171358004254
6914.134577277422 0.26521088191061964
6916.430621961086 0.266289803103087
6918.729597147584 0.2663855695837354
6921.027107090857 0.2673311494466075
6923.326082288277 0.2663556868247782
6926.199434980545 0.26714938271067196
6928.4959681090595 0.26907187363849117
6930.796408572884 0.2681464744119326
6933.095872209676 0.26974520688879755
6935.395335851899 0.2696670167797727
6937.694799499552 0.26989889058936367
6939.993286320143 0.2713147042538109
6942.294703643588 0.2708758976031643
6944.595144139969 0.2720518395459098
6946.896073058001 0.2719815472915114
6949.772844733443 0.27237666401191485
6952.072308414889 0.27339630612295096
6954.3727489342145 0.27494263835508975
6956.67611995641 0.27490068890200314
6958.977537318999 0.27578581024339155
6961.280908351964 0.2751497864139544
6963.581837309056 0.275675289287931
6965.88325468776 0.2775813580103154
6968.186137320586 0.27815410749567826
6970.48999679128 0.2785612793341984
6972.792879434822 0.2796013195292234
6975.672581683349 0.2806699513541742
6977.976441171435 0.2808870779906017
6980.2807890811255 0.2804865595432165
6982.583671747368 0.2815255801189364
6984.885577586414 0.28400978686532385
6987.191879177137 0.2842703346870808
6989.497692356929 0.28434752731683755
6991.80252870951 0.2856776825667434
6994.107853483671 0.28599889142447726
6996.414643511938 0.2849983471292033
6998.718991464175 0.28603203095165747
7001.6021127013955 0.2871656698983117
7003.906460665536 0.2886544168163446
7006.212762300045 0.2895313043423095
7008.519063939839 0.29107193014111826
7010.825854001182 0.29164781846462934
7013.133620900351 0.2919676520433648
7015.440899388516 0.2927459060392923
7017.749154714502 0.2938092405798315
7020.055944796916 0.29510953165148013
7022.364688549701 0.2948651198917954
7024.673432307741 0.2948672594600412
7027.558995700462 0.29630305405730517
7029.866762637736 0.29760269316489835
7032.176971661669 0.2972827060796332
7034.4857154419815 0.2973649772678404
7036.794947643806 0.2982237261455755
7039.103691434567 0.29937352780151205
7041.412435230542 0.30089007026086906
7043.722155864308 0.3016399075880359
7046.03138808699 0.3030680934216859
7048.342573980043 0.30389945277840574
7051.233021602558 0.303184131549258
7053.54274225843 0.30460567994390575
7055.853928168377 0.30508133632206996
7058.164625667213 0.3068405885519181
7060.475323171226 0.30782923433812226
7062.787485929312 0.3079909050051501
7065.099160276272 0.30942541172490406
7067.410346212096 0.31083356228225384
7069.72348581829 0.3116679303886819
7072.036137013343 0.3124395576690858
7074.349276629854 0.312930890359907
7077.242166406658 0.3122368963955049
7079.555794451063 0.31278317705765557
7081.868934084305 0.313454152238274
7084.182562138986 0.31421492819695873
7086.497167031421 0.31475589969676365
7088.811283512673 0.3155783322868906
7091.125888415362 0.3163320219341407
7093.440004906855 0.317097458385792
7095.755586652405 0.31763203467318074
7098.070191570435 0.31925396450214766
7100.385773326202 0.31922633781228676
7103.27915159137 0.32167015050197195
7105.594733358605 0.32213503578877634
7107.910315130932 0.32320302430008974
7110.225896908345 0.3244754163106276
7112.540990274513 0.3257198183938993
7114.858037311046 0.3265605482515459
7117.174107520007 0.3269072221049432
7119.492131399336 0.3267586261680418
7121.80966686741 0.32716071841546845
7124.128179173198 0.32732234741931526
7126.446203067717 0.3271461742434367
7129.343000318475 0.3298210434640673
7131.660535808027 0.33059601284923257
7133.9790481352775 0.33128141875326167
7136.295606802236 0.33327782189619753
7138.614607555889 0.3334429542916289
7140.934585147244 0.33363879831067333
7143.252609078282 0.3342213017391204
7145.573563512359 0.33307500266773143
7147.894029535122 0.33343708551227075
7150.21351873022 0.3352948897917226
7153.112269710703 0.33712479673845624
7155.431758917055 0.33811732026988056
7157.751248128403 0.33885247547094155
7160.073667842801 0.33745297764687887
7162.394622313163 0.3382626181640608
7164.715576788508 0.33881002876024296
7167.037508101525 0.33895849673303585
7169.358462586828 0.34053582111108066
7171.677951828051 0.3428016164857527
7173.999394739632 0.3438817332105801
7176.321814488881 0.34343901195727666
7179.227403368265 0.34320262114682304
7181.548357879608 0.34477110686888
7183.870289228604 0.34592637409440946
7186.192220582541 0.3471188475077619
7188.515617190485 0.3462641954940597
7190.839502219725 0.34625882805096375
7193.163875670258 0.34632317992593187
7195.488249125721 0.34690316022379386
7197.809692087944 0.3499837199122361
7200.13406555325 0.3494249876961062
7202.458927439835 0.3492994346051608
7205.364027972246 0.3506062454900753
7207.688401453512 0.35168356920019195
7210.01326335604 0.3522094639713945
7212.3386136798335 0.3510937170547404
7214.663475592153 0.35254537700663735
7216.990779591208 0.3525166581563332
7219.315153096928 0.3548467114023437
7221.639526607527 0.3555028396222189
7223.967319037601 0.3538368104585733
7226.2931578070575 0.3549546842338694
7228.620461830507 0.3551746753023229
7231.5275160970605 0.355886470279066
7233.854820131446 0.3564688192218441
7236.182612587066 0.356914754490469
7238.5089397984 0.35861592825329264
7240.835267014575 0.3590848089962883
7243.163547901111 0.3583484726687927
7245.493294041635 0.35811107412642806
7247.821086521465 0.3593084406398831
7250.1464369242 0.36217606861493273
7252.476183079215 0.3605152718035478
7255.38763315519 0.3613583664470965
7257.713960406345 0.36332784025979437
7260.045171826181 0.3612106252122247
7262.374429585276 0.36166632451848074
7264.7031989327825 0.36387412126171764
7267.031479868694 0.364979778432506
7269.361714474965 0.36434125415784285
7271.693414335206 0.3634803685025267
7274.022183701874 0.3652652245522765
7276.35192990611 0.3654594208560202
7278.682164531518 0.36508703122604236
7281.595568340482 0.3677209704570238
7283.926779809421 0.3656612427083618
7286.258479699521 0.36703878758040126
7288.588714345183 0.3684444391299975
7290.9209026612025 0.3677304607500572
7293.253090981978 0.3674079278059344
7295.584302474693 0.3682035659158186
7297.915025555746 0.37015630028331253
7300.24721389075 0.37014006119148773
7302.581844312524 0.3696056364976661
7304.91159057496 0.3720306868201988
7307.829878614748 0.37024869208460853
7310.1601133042095 0.3725500303446508
7312.494743746079 0.3711089943017201
7314.828397359842 0.371582208542305
7317.160097312664 0.37382941635763134
7319.494727768669 0.37218118592644134
7321.829358229378 0.37184659352988025
7324.162035029126 0.3738027150711559
7326.496665499228 0.3727365671332088
7328.831295974021 0.37344346047850596
7331.164461204245 0.37496350487736113
7334.084702975852 0.3741298181221114
7336.417379800176 0.3768968931054713
7338.752987127694 0.3756465973932494
7341.09005970915 0.3742593853650885
7343.422248131038 0.37817940121963084
7345.759320721825 0.37575728965758676
7348.096393317268 0.37537790451590614
7350.430535418811 0.37787686856268987
7352.767119607133 0.37687886138654747
7355.103703800098 0.3769519818080231
7358.024434047833 0.3772816980598438
7360.359553001942 0.3791520331115405
7362.696625626403 0.37851192176434145
7365.035163504791 0.37760548001921596
7367.370770889203 0.37992556966420077
7369.708331943966 0.37866421384676247
7372.045893003345 0.37949734118572626
7374.382965650899 0.3797297516348416
7376.7215035523695 0.37971886651490266
7379.058087792691 0.38160584382737495
7381.396625703363 0.3806086074362869
7384.319309681722 0.38202503998587445
7386.658336019172 0.38135119169291926
7388.996385528321 0.3825459098958603
7391.3344350420475 0.38180982957066567
7393.6744382261295 0.38196788225375655
7396.013952998343 0.38123039087166294
7398.353467775124 0.3821272737368469
7400.691028890684 0.38390670752627365
7403.032008925937 0.38222386304160255
7405.371523716403 0.38283116657370103
7407.71006167852 0.3837268182215215
7410.635187803365 0.3843187200353493
7412.976656274417 0.3832690075096141
7415.316171084205 0.3845514870567296
7417.656662731432 0.38448122248926286
7419.998131216103 0.3836402244295703
7422.338622872391 0.3842014421199316
7424.680579782574 0.3839684223856127
7427.021071447908 0.38509086692200456
7429.362539950673 0.38470672035626674
7431.703031625031 0.38670382313037793
7434.046453802662 0.38457088684102153
7436.972556824036 0.38524343566988734
7439.314025345951 0.38610067638636436
7441.656470705289 0.3858521547605725
7443.999892902051 0.38504837481175685
7446.34233827037 0.3858387461385063
7448.684783643175 0.3853363798904977
7451.027229020459 0.38649697921249315
7453.370162818689 0.38601491552017053
7455.711631371981 0.38740154086276
7458.056030428559 0.38686838298267257
7460.984575589679 0.38650292747846
7463.327509406885 0.3879066420669543
7465.671420061491 0.3865572792902986
7468.014842304075 0.3871707209547154
7470.359241384058 0.3865325296631485
7472.703640468484 0.3871852247123371
7475.047551140877 0.38692569291921625
7477.392438650658 0.3873671583444527
7479.735860915437 0.38748314418214136
7482.080748434083 0.388164877101959
7484.425147540672 0.3873864459965987
7487.356134846605 0.3882945286787241
7489.701510796097 0.38773308459257877
7492.045909917035 0.38916442821453534
7494.3922627083175 0.38782638966548305
7496.73812708752 0.3879550369148978
7499.083503054639 0.3881869083747103
7501.428879026152 0.38862187039542867
7503.775720251524 0.3883102465294177
7506.120607815328 0.38804606357160604
7508.466960632985 0.38914758598108307
7510.8133134550235 0.38864709401086533
7513.746254488727 0.3890423336745
7516.092118904112 0.38982934253317775
7518.440425406337 0.3882938919474415
7520.785801413962 0.39002057374568483
7523.134596341412 0.38828211644239924
7525.48094919074 0.38887862724684574
7527.827790460917 0.38917571796437916
7530.1741433189445 0.3896781777291222
7532.52244984731 0.38980705075164873
7534.869779547019 0.3897571389493263
7537.218086084068 0.3896739297624393
7540.152492428471 0.3897131377153779
7542.500798975267 0.3895451043697521
7544.849593942894 0.3895952698944444
7547.197412081833 0.38890046911052883
7549.545718641594 0.3895904701718052
7551.895002038684 0.38931520769175865
7554.24282019056 0.3893303259531651
7556.592103596268 0.3887318009374691
7558.94041017326 0.38903823393780723
7561.29018200408 0.3893501055749368
7564.224588403702 0.3899929743361656
7566.575337077206 0.3897037157476186
7568.924132088946 0.3898070452016701
7571.274392354509 0.3896180886461314
7573.623675791323 0.3894972489018991
7575.972959232409 0.38941506214526667
7578.323707927317 0.38960658587507807
7580.6729913769395 0.3904937573905285
7583.023251663862 0.3899389514080398
7585.374488788082 0.3886964954547872
7587.723772250481 0.38985545478329353
7590.662086042278 0.38948674713616255
7593.012834763798 0.38940312081117145
7595.363583489562 0.38932722634088784
7597.714332219567 0.38896121154926344
7600.064592537284 0.38962318366628174
7602.415341275754 0.389718279026241
7604.7670668515075 0.3890787500618711
7607.119280848014 0.38855202501313596
7609.470518015686 0.38861352326865894
7611.822243604107 0.38929295188797725
7614.1729923636785 0.389095189324798
7617.112771464521 0.38846060046774195
7619.4644970666195 0.38908724234705105
7621.817199505987 0.3881115556426673
7624.167459866882 0.3896031792025026
7626.520650731175 0.3884485425974418
7628.873353183128 0.38893667521271397
7631.225078806192 0.38880463147665156
7633.577781266515 0.3885139474211999
7635.930483731014 0.388677019540397
7638.2841630327675 0.38814538021717704
7640.636377089077 0.3883786584254022
7643.577621498401 0.387837815469745
7645.929347147537 0.3888951335966592
7648.283026466999 0.388557013813923
7650.636217374074 0.3883980346686967
7652.989896701845 0.38820403974813295
7655.343087617221 0.38730891906741455
7657.69627853674 0.38787722192275825
7660.049957876948 0.38823113647245194
7662.404614054388 0.3868996389806059
7664.757804986318 0.38759732920540163
7667.7005146984075 0.3878685477824628
7670.054194056172 0.38759852988224625
7672.408361834607 0.38672410704315585
7674.76252961716 0.387309845576322
7677.11718582038 0.387444463310897
7679.471842027712 0.3859379685363141
7681.825032989486 0.38793895848384313
7684.18066603814 0.38687441967396025
7686.534833841223 0.38650677739509476
7688.8885132318455 0.38786159027038275
7691.243657876231 0.3878267918846809
7694.187832895743 0.3870324815468761
7696.542489132762 0.3862824025028186
7698.897633790424 0.38647045788140144
7701.25277845216 0.386384119888543
7703.608899951096 0.38573559954149655
7705.964044620973 0.3859710937176524
7708.3187008783525 0.3867616775883492
7710.674822389488 0.3858898687293127
7713.030455488117 0.3856925666253742
7715.386088590799 0.3857975094924316
7717.741721697531 0.38593594466805164
7720.686385190779 0.3860017987084551
7723.042506723183 0.3856756553780757
7725.398139843052 0.38648942769305406
7727.754261383529 0.3867712412666224
7730.110871344608 0.3853742803554387
7732.466992893147 0.3852152275511234
7734.82262602913 0.38615711305029776
7737.17972441886 0.38450879751425315
7739.536334396034 0.38500714773410966
7741.89294437722 0.3852547977806104
7744.249065945839 0.3852581708980414
7747.195683161978 0.38496560917472983
7749.552293156184 0.3849147099892316
7751.907926321225 0.3861599739738658
7754.265513156582 0.3858877008610554
7756.62309999593 0.3844359559983142
7758.979221589521 0.385565772077171
7761.33778527001 0.3849826351894094
7763.694395288144 0.3849960180899876
7766.051982143424 0.3835590044866442
7768.407126919747 0.3862102522848327
7771.355209436712 0.385020559958449
7773.712796304889 0.3853755654580606
7776.0718484267945 0.3844033720223341
7778.428946886305 0.38397400234150414
7780.784580099997 0.3854698220099672
7783.1441206503605 0.3844743843183484
7785.501707538308 0.38396458783587606
7787.859294430198 0.38407728989546086
7790.217369742621 0.38366073699174513
7792.574956642386 0.3840095476298972
7794.9335203792725 0.38378656972442343
7797.8806261185655 0.3835393997715597
7800.239678280883 0.38375383542702574
7802.597265197335 0.3840114487715988
7804.956317367496 0.3831744233955928
7807.315369541571 0.3826644432242373
7809.67197963656 0.38452820466675947
7812.031031818452 0.38441750841533195
7814.389595587649 0.38321411446748893
7816.748647777346 0.38381957619852114
7819.106723137735 0.38424341219823377
7821.46528691862 0.38335526364735234
7824.413369546038 0.38404684258030514
7826.773887002091 0.3823954800366937
7829.133427628815 0.3813216534566135
7831.490037759771 0.38398652273251477
7833.8500668108545 0.3829212346639156
7836.209119032593 0.38207127881813796
7838.568171258195 0.3826500789871612
7840.926246654442 0.3834460161113872
7843.2857873043795 0.38302508065573904
7845.6463047914 0.38097771311522755
7848.003891782597 0.38231577535580996
7850.9534397142215 0.38161881788735563
7853.312980380525 0.3824835279140918
7855.672032634054 0.38316774541185067
7858.032061724654 0.38156109772762137
7860.391113985855 0.3820056695344054
7862.750166250884 0.38254573514622425
7865.109218519739 0.3832660926335785
7867.470712875517 0.3807217177143021
7869.830253568636 0.38138875610992534
7872.18832901571 0.3829712946125719
7875.138365413015 0.3825556942117056
7877.498394535147 0.3820940828239002
7879.858423661086 0.38222509352571027
7882.218452790824 0.3811657362548935
7884.577505091111 0.38238269600135705
7886.937534228443 0.3818727490778016
7889.298051786195 0.38140713664621717
7891.658080931107 0.38057591174139976
7894.017621663177 0.382216072252131
7896.377650815654 0.38170858608766056
7898.738656805171 0.3810034858977312
7901.687228005901 0.3822370886945901
7904.048234003906 0.38124248381223735
7906.409240005677 0.37998997784280286
7908.767803928047 0.38172832872889245
7911.128321520709 0.38099784272739984
7913.489327533763 0.38065136636302843
7915.850821967205 0.37965925758803015
7918.209385904582 0.38172763591038383
7920.56941509561 0.3815537730152632
7922.929932707017 0.3803848326268696
7925.29191557208 0.37885898878778906
7928.241463658826 0.37958500749271934
7930.601981282373 0.37930115177736573
7932.9615220763635 0.37992768073871375
7935.321551290717 0.38116401271155664
7937.683534175361 0.3800197172958987
7940.04454023044 0.37862198144407677
7942.402615789367 0.3809193362788366
7944.763621851868 0.38037252707738395
7947.1251163347215 0.37900803482886297
7949.486610821284 0.3778343954024602
7951.846151644955 0.3788152316851416
7954.796676617198 0.379055283269062
7957.157682699125 0.3794970274961581
7959.516735118143 0.3809027374003273
7961.878229624091 0.3801465249044153
7964.241189383682 0.37712898582381793
7966.599264980432 0.37934059896651345
7968.959294247464 0.3805902205832975
7971.321765601432 0.37852895307206647
7973.682771709113 0.37771757677716944
7976.043289403801 0.37837734520602684
7978.994302839801 0.37801406960778594
7981.353355292752 0.37948524227008995
7983.714361415982 0.3796351678503917
7986.0758559595215 0.37781668468195734
7988.437838923371 0.3765943683927932
7990.797868224226 0.37790798334372644
7993.1574091120565 0.37952644131639957
7995.518903670167 0.3781021723712025
7997.880398231914 0.3779121742772391
8000.2404275473045 0.37828046321927544
8002.599968449652 0.3796299249755144
8005.551958770169 0.37819224591316986
8007.911988097328 0.37880226770681036
8010.2739710947635 0.37773509101220343
8012.635465679147 0.3769071195832733
8014.994518183806 0.37773632892097786
8017.354059108731 0.37918681916828434
8019.716042120603 0.3777921306619183
8022.078513552746 0.3754800730579502
8024.438542905135 0.37567811712501675
8026.798083844444 0.3782798231180845
8029.159090037353 0.37696450302970086
8032.108638325176 0.37841502248971515
8034.470132942822 0.3765514038333757
8036.8326043973975 0.37593901892333675
8039.193122188849 0.37560233381395636
8041.552663150518 0.37725067342261925
8043.914646199139 0.37631752468865304
8046.276140834649 0.37554348959065315
8048.63519339033 0.37604715813463374
8050.99619961628 0.3764893318903706
8053.356717429107 0.3760223268384193
8055.717723662164 0.37531362796342255
8058.668248833453 0.37585149663279754
8061.030231907855 0.37440487827466407
8063.389284485701 0.37509108323063
8065.750290733816 0.37624364676029654
8068.110320152097 0.375591505356151
8070.471814823963 0.3750863640270705
8072.831355832613 0.3745386472700517
8075.190896844784 0.37578663887535046
8077.551414693849 0.37521371883700055
8079.913886213182 0.3731345646670055
8082.273915652591 0.37322266772033985
8085.224440873476 0.37371168186347226
8087.584470320776 0.3730635404240672
8089.944499771578 0.37399811618431644
8092.30452922588 0.3746647070857557
8094.667000767142 0.37253964789711086
8097.024588144966 0.37406659126693687
8099.385594443133 0.37413104082097104
8101.745623911398 0.37452290285547624
8104.107607049928 0.3731612697770757
8106.467148108463 0.3728419121345981
8109.417673374085 0.37230067059491045
8111.777214440434 0.3720019169767578
8114.13675551025 0.3733208349772883
8116.496785000231 0.37285583720226556
8118.859256577175 0.37031933481661855
8121.216843990577 0.37175062515020496
8123.575896657534 0.3736013602736031
8125.9369029947475 0.3721487029965624
8128.297420918713 0.3720036803947905
8130.6569620127175 0.3719662674802511
8133.015526276759 0.37386539634557564
8135.965563174283 0.37245443446406007
8138.324615862759 0.3735247090309505
8140.685622221491 0.37148140620031095
8143.045163333534 0.3717808963639399
8145.404704449003 0.37194163960483867
8147.763268734477 0.3726339729903956
8150.124275106917 0.370853326546269
8152.483327815932 0.37013020893444853
8154.842380528362 0.37127658143054726
8157.201433244201 0.3718276908055689
8159.562439630295 0.37065033293386324
8162.50954607564 0.371929179640581
8164.870552469392 0.370396633126887
8167.228628366254 0.3706409621360205
8169.588657933371 0.37165494510465535
8171.947710670446 0.37060070922408345
8174.3077402443405 0.37035145755108645
8176.665327738034 0.37075881695319046
8179.023892068541 0.3711491660174613
8181.385386902733 0.3694389611350799
8183.742974406553 0.3699477389862725
8186.101050330459 0.3705832232316334
8189.050110490237 0.3690402481605921
8191.408674838432 0.37001501084071403
8193.767239189989 0.3693675401940643
8196.126291961624 0.36939765610193137
8198.484367903167 0.36954686558024924
8200.841467014608 0.3707273868204334
8203.201496629745 0.3694873612689303
8205.56054941478 0.36863293898114075
8207.91764853625 0.3704031582408512
8210.275724494506 0.3705470069134751
8213.223807863747 0.36983056819112614
8215.58286066296 0.3693208032935855
8217.939959798587 0.3692266720393776
8220.299012604451 0.369627066767964
8222.655134913255 0.36948655521638285
8225.01516455923 0.3686327015129682
8227.372263708126 0.3683207911172096
8229.7303396938 0.36869579097568983
8232.08841568278 0.3673158114887947
8234.44649167507 0.3671952852320478
8236.80359083719 0.36817024021809996
8239.749720586111 0.36738021260264736
8242.106819755645 0.36853913605134075
8244.46587259542 0.36727151243940526
8246.821994938058 0.3679915721048262
8249.180070950935 0.3680875584407964
8251.53619330014 0.368723283875779
8253.89426931958 0.36753080593153903
8256.250391675336 0.3676326300892168
8258.607490867844 0.3689587144865465
8260.967520564078 0.3666607602403379
8263.322666096155 0.36684210912389653
8266.267819057693 0.3680673718743885
8268.62491826408 0.36861335367840864
8270.98104064023 0.3690808956324989
8273.337163019638 0.3689388613495276
8275.694262235782 0.3675509211722408
8278.050384621683 0.3685243472892945
8280.407483844325 0.3671243363984444
8282.762629403212 0.3675524379883663
8285.118751798835 0.36793378367492235
8287.47585103119 0.36719946626741173
8289.830996599776 0.3670655437253797
8292.776149606927 0.3670070361126354
8295.132272016273 0.3671560878494574
8297.487417595341 0.3679008907628329
8299.843540011127 0.36736079665183874
8302.199662430132 0.3668477871322368
8304.554808018842 0.36758880261638843
8306.909953610755 0.36773973701599677
8309.265099205879 0.3674022014023443
8311.621221637715 0.36823704784905015
8313.975390405723 0.36804472620931244
8316.919566620505 0.3678093880182341
8319.274712229215 0.36768958652940503
8321.628881007598 0.3674996494585932
8323.984026622684 0.3678348368951668
8326.339172240956 0.36701371368016794
8328.693341028888 0.3670513166562181
8331.047509819993 0.3671723548147199
8333.401678614273 0.3677139984850908
8335.75682424525 0.3668786415872871
8338.111969879397 0.3664092907075907
8340.464185016126 0.3688087526108669
8343.407384442067 0.3686499466462359
8345.76155325296 0.3687177261116138
8348.11572206701 0.36800132933732366
8350.468914050678 0.368499026454361
8352.824059704568 0.367837416026104
8355.17725169453 0.3675719910474958
8357.529466854094 0.36703136562816246
8359.883635683876 0.36733881759404946
8362.236827683257 0.3672014750339772
8364.590019685771 0.36670812781315437
8366.943211691414 0.3669164876972913
8369.884457494481 0.36770131763790903
8372.236672673613 0.3683147245653884
8374.589864689411 0.36780797282719957
8376.94110304123 0.3689034150599505
8379.296248730363 0.3679910105901304
8381.648463921958 0.3677741224771929
8384.000679116662 0.3687265233793856
8386.350940647362 0.3704802945348757
8388.704132681825 0.37011419877612134
8391.056347885837 0.3698140572449688
8393.408563092944 0.369396197888234
8396.34883210618 0.3676066586324054
8398.698116819562 0.36984768381202776
8401.051308870274 0.3684539171300418
8403.40352409051 0.3679845717144872
8405.752808813137 0.36996366852080265
8408.105024039533 0.3689916502983577
8410.456262435438 0.3691194970517332
8412.806524000847 0.370081792003064
8415.158739236465 0.3706708488684645
8417.50900080801 0.3703490471799175
8420.448293027102 0.369594523508521
8422.797577771958 0.37049967093513164
8425.148816187018 0.3695800545045889
8427.498100937979 0.3706596357772459
8429.848362525569 0.37003757827811784
8432.197647282625 0.3713927238960093
8434.548885709883 0.3698423043829168
8436.898170473021 0.37133542405129233
8439.249408906364 0.3708387907154197
8441.598693675578 0.37020224330234686
8443.947001614239 0.3713235900724637
8446.884340208991 0.3712942543333962
8449.23362498805 0.3695572363199843
8451.582909770128 0.3711483700433054
8453.932194555227 0.3708936474590049
8456.280502509753 0.37169983825132613
8458.629787300884 0.37167787166242927
8460.978095261435 0.37154372445320777
8463.326403224988 0.37159555718080534
8465.675688025149 0.3704914824129502
8468.023019161114 0.3723409697388553
8470.371327133675 0.37192690663911726
8473.306712103593 0.3720563130665353
8475.65306641569 0.37339182592819453
8478.002351231582 0.3722686973190117
8480.34968238326 0.3721964128990212
8482.69603670431 0.3734190263116384
8485.044344695556 0.37205071863927325
8487.391675856172 0.3717094877867925
8489.739983853378 0.37115979211229355
8492.08536135272 0.3725647861469332
8494.432692522254 0.37131728311147066
8496.778070027529 0.3730742032757417
8499.712478205727 0.3724063089006552
8502.058832551282 0.37185404818114276
8504.405186899787 0.3716460154226266
8506.751541251251 0.3715320880483849
8509.096918772044 0.3722278843207384
8511.44327312941 0.3714658481348673
8513.787673822473 0.37263910509962217
8516.134028185725 0.37214653944928255
8518.480382551918 0.37144196751263253
8520.82673692105 0.37078300176054196
8523.756260968896 0.3723373761654579
8526.100661677368 0.37315380653531316
8528.446039222397 0.37312243415768404
8530.791416770353 0.3737288337551588
8533.13679432123 0.37291495600852986
8535.480218207766 0.3745295964162616
8537.824618930843 0.37477835924087977
8540.169019656836 0.37404944575858334
8542.512443552103 0.3742078071392034
8544.855867450275 0.37458125759084626
8547.20026818499 0.3745934507929319
8550.129792273827 0.37372580124836546
8552.473216181426 0.37373298746100575
8554.816640091924 0.3746645258446006
8557.159087171667 0.3740620361070402
8559.503487921593 0.37369159313889744
8561.844958173464 0.3760384358637948
8564.188382095514 0.3750605384863269
8566.530829186795 0.37542469650027466
8568.872299447303 0.3749560203253955
8571.215723377993 0.3738722331615024
8573.5581704779 0.3732831572786904
8576.484764106339 0.37353920182356254
8578.827211212703 0.37309722592331573
8581.167704654616 0.374038379943383
8583.511128600361 0.3725905557730093
8585.85162204799 0.3749444281855529
8588.192115498474 0.37473651634820654
8590.533585785468 0.3761422450269758
8592.873102407986 0.3759376570032135
8595.215549534341 0.3743679971365549
8597.555066162548 0.37497837667854544
8599.896536460925 0.3744558694232213
8602.821176462137 0.37462427539859533
8605.161669933232 0.37352441145184984
8607.500209739817 0.37468829240365964
8609.840703216574 0.3727682014858162
8612.179243028808 0.37493920087326665
8614.520713344888 0.3720493997332728
8616.85827632909 0.3744964807512299
8619.197792983465 0.3739387933027662
8621.536332806974 0.3736704197644547
8623.874872633292 0.3755716201656909
8626.798535836982 0.3746386762021765
8629.13707566962 0.3747713498753802
8631.476592338744 0.37309165886168616
8633.812201675935 0.37492784215229896
8636.151718350657 0.3735382900850893
8638.489281360808 0.3749521706391209
8640.825867540061 0.3747920004667306
8643.164407389479 0.37345306761588754
8645.501970407997 0.3742735398725616
8647.838556595609 0.37271999401539563
8650.176119619693 0.37374122361317974
8653.097829195282 0.37193646472100395
8655.433438558226 0.37436140542142077
8657.769047923937 0.37407037905147905
8660.106610959814 0.3727028739916913
8662.441243497367 0.3739130303801393
8664.777829705077 0.37317572439422014
8667.113439081848 0.37348179650198027
8669.449048461382 0.3730982111223981
8671.784657843666 0.37139545884439856
8674.120267228707 0.37256700633326967
8676.452946115383 0.3732972591097072
8679.37270206241 0.37253069878867084
8681.706357788964 0.37303008996799425
8684.042944019384 0.3710270256319928
8686.377576585128 0.37199102696721037
8688.710255486187 0.371863184939296
8691.045864891112 0.3699555750885679
8693.378543797631 0.3723207088314975
8695.712199540589 0.371461834274511
8698.045855286273 0.3698310775771438
8700.378534200965 0.3713059395455733
8702.711213118373 0.37032186730660455
8705.62901543639 0.36941716294535576
8707.95974069247 0.3712597479449461
8710.29437328614 0.36852677924780863
8712.626075381359 0.3694806493755829
8714.956800645552 0.3707095756220639
8717.28850274617 0.3700377969728595
8719.622158516942 0.369089587327104
8721.953860622967 0.36932392530769353
8724.283609064221 0.3691816320059914
8726.61726484309 0.3677320220141939
8729.528229359637 0.3698413986179149
8731.860908310826 0.36684221224022034
8734.192610430966 0.36703813886062703
8736.521382052586 0.3675766833474802
8738.852107344352 0.36766070852928173
8741.182832638795 0.36540142687379645
8743.513557935912 0.3652284063781154
8745.842329568222 0.36604823159931815
8748.171101203201 0.366137213091697
8750.50084967458 0.3662182983567355
8752.829621314884 0.36605574186825846
8755.740585868998 0.36579403552753714
8758.071311182766 0.3643888383866981
8760.400082831706 0.3640883300706672
8762.726900815798 0.3647362055537103
8765.055672470035 0.363974307546278
8767.384444126918 0.3633007694493465
8769.712238952694 0.3642055448363981
8772.038080113607 0.3646128199619849
8774.36587494466 0.3645884475259548
8776.694646612104 0.3628262272127623
8779.02048778092 0.36468296518582827
8781.929498704705 0.3638624977976063
8784.25533987943 0.3640235705919117
8786.583134724293 0.36253899669829653
8788.908975904264 0.36364048756031636
8791.23481708685 0.3627890809398984
8793.560658272056 0.36236118051143373
8795.887476293632 0.3618918523016105
8798.2123406503 0.3628759318371972
8800.538181843338 0.36220225117941157
8802.861092537687 0.36251277634185075
8805.185956902165 0.3621100281756532
8808.094967862728 0.36003270077610955
8810.418855399292 0.36086877460064454
8812.741766104675 0.36115733944215367
8815.066630480193 0.35974032684726315
8817.389541190758 0.3601876380650459
8819.714405571453 0.3601905602663943
8822.038293120964 0.35992598236746187
8824.360227005503 0.3614319068345898
8826.683137726397 0.3605905119449495
8829.007025283647 0.3592563197384509
8831.911152108494 0.35885440319187145
8834.233086003973 0.36019693005548664
8836.555019902024 0.36020320921672055
8838.876953802637 0.3607700195725081
8841.19791087203 0.3598853916500995
8843.519844777768 0.3602810183476678
8845.841778686063 0.35917413091074013
8848.165666264491 0.3581950400708855
8850.485646510322 0.35847467719132303
8852.805626758705 0.35977834519928265
8855.125607009631 0.36041967840857275
8858.025826535319 0.35904558121205643
8860.347760459556 0.35893011210048187
8862.667740718747 0.35891165493012867
8864.987720980476 0.3578291129547538
8867.306724410944 0.3587592847305648
8869.62475101015 0.3592334464704779
8871.944731279473 0.35850018962115626
8874.26275788373 0.35898810684067917
8876.583714991913 0.3564645934726075
8878.901741601214 0.35696069120521207
8881.219768213037 0.356862937301405
8884.119010940512 0.3567529993593731
8886.437037557997 0.357272934180111
8888.75311051038 0.358408504999656
8891.070160299078 0.35834170705977564
8893.386233256475 0.3588890587093267
8895.705236717797 0.35823486159405143
8898.021309680198 0.35819002212798684
8900.338359478905 0.35695023209965826
8902.65540928011 0.35752206395481523
8904.97148225 0.3575039476423201
8907.287555222381 0.3574920700241005
8910.18289064981 0.35809158822153425
8912.498963627788 0.3574919560837519
8914.814059774437 0.35750508854172514
8917.129155923563 0.35692361741716605
8919.444252075167 0.35815519590949735
8921.75837139543 0.3581871492016049
8924.072490718165 0.3582316243977789
8926.386610043372 0.35827611506112955
8928.701706204869 0.3589396072071653
8931.014848701185 0.35960895327111375
8933.906276825044 0.35908854012260344
8936.220396160728 0.3585593760368812
8938.533538665039 0.35863996236724016
8940.84668117181 0.358728431780799
8943.158846847202 0.3594272271485491
8945.471989358879 0.35892105847615563
8947.784155039175 0.3596328294801266
8950.096320721914 0.35974191685537565
8952.408486407092 0.35924942455827436
8954.720652094718 0.3593678370335754
8957.03184095095 0.3600961804521877
8959.922292275418 0.3590381620420858
8962.231527469448 0.3603824418282188
8964.543693167427 0.3599047573247485
8966.852928366316 0.3606482713589176
8969.16314040147 0.3607859272110349
8971.47432927289 0.3609189141162257
8973.783564479047 0.36167080308266253
8976.093776521466 0.3618072313054912
8978.403011732455 0.36194680929080597
8980.713223779707 0.3614715636526522
8983.022458995523 0.36160618879216216
8985.907049350986 0.36299954556391884
8988.215307738372 0.363129892213406
8990.525519795865 0.3620259852696288
8992.833778188056 0.36153456952243224
8995.142036582649 0.3616516234349617
8997.449318145787 0.3623697156519296
8999.75659971132 0.3630892065110721
9002.062904445385 0.3625783400361612
9004.371162849551 0.36205961581136054
9006.678444422252 0.36214385256530435
9008.98474916348 0.3628314712837723
9011.867385884898 0.3635239327015835
9014.172713797621 0.36418848144845556
9016.47804171272 0.3642250610567553
9018.785323297921 0.3636239339910985
9021.091628051634 0.36239610338810313
9023.395979139985 0.3629962857428003
9025.701307064573 0.3623508864834876
9028.004681323791 0.3641420370120372
9030.310009253108 0.36345303731492357
9032.613383517044 0.3645908757217063
9035.49406660109 0.3638149589420359
9037.7984177042 0.3630467358227618
9040.10276880967 0.3628661044682963
9042.405166249742 0.3632705155417385
9044.707563692158 0.36303385823521694
9047.011914804676 0.3615328907546526
9049.314312251785 0.3618403856064159
9051.617686535114 0.36211319049944685
9053.919107153026 0.36234948530256744
9056.221504607156 0.3613142394315955
9058.522925229736 0.3608535692745151
9061.399701011245 0.3602211625698802
9063.700144805189 0.3602709068406397
9066.002542269225 0.3590490563005367
9068.303962901706 0.35839279191712126
9070.604406702625 0.3576826787585088
9072.904850505865 0.35752468951866273
9075.205294311421 0.3560976710269799
9077.503784451517 0.35642360824207653
9079.804228261704 0.35487469406124716
9082.103695240314 0.3538651023608911
9084.403162221231 0.3521895385806753
9087.277984367567 0.35074683415370334
9089.576474519781 0.34951089167616994
9091.873987840398 0.3487935653308986
9094.174431665006 0.3468112877908904
9096.47096815632 0.3453387248619658
9098.769458317727 0.3443651457241241
9101.066971647528 0.3427162747716552
9103.36546181352 0.3403959191461907
9105.661021480098 0.3397209758610523
9107.958534816762 0.33720897797556987
9110.256048155712 0.33574466065136943
9113.125986164801 0.3336178263312489
9115.423499508883 0.3302039947955062
9117.718082353525 0.32893603165414326
9120.015595702163 0.3253085087930945
9122.311155385254 0.3226789050313909
9124.60573823671 0.32046999084438027
9126.901297924343 0.3165031171321941
9129.194903946418 0.31456011337721335
9131.491440472491 0.310867028399825
9133.785046499086 0.3080954496374171
9136.652054035507 0.30375815861244465
9138.946636901097 0.3006298135323797
9141.239266101107 0.2968248761761445
9143.533848971203 0.2923559621192516
9145.82745500963 0.2882263018777319
9148.121061050306 0.2839254393154073
9150.412713425387 0.2799233831302018
9152.70534263663 0.275252692353041
9154.998948684037 0.2694714835774096
9157.290601065839 0.2653384591394628
9159.582253449875 0.26008503678222133
9162.447307350021 0.25322821217696845
9164.738959739081 0.24665946064941072
9167.02963529644 0.24114905752138385
9169.320310856028 0.23458842257882914
