# %ECSV 1.0
# ---
# datatype:
# - {name: wavelength, unit: angstrom, datatype: float32}
# - {name: flux, unit: flm, datatype: float32}
# schema: astropy-2.0
wavelength flux
800.0 5.2877675e-14
802.5 5.4940424e-14
805.0 3.6574954e-14
807.5 3.0089666e-14
810.0 3.8527903e-14
812.5 3.9430637e-14
815.0 3.5150292e-14
817.5 4.8748105e-14
820.0 4.272621e-14
822.5 4.4684217e-14
825.0 4.3062288e-14
827.5 3.189301e-14
830.0 2.4621662e-14
832.5 1.843423e-14
835.0 3.973704e-14
837.5 5.2141566e-14
840.0 4.7316084e-14
842.5 5.497313e-14
845.0 5.674657e-14
847.5 6.111464e-14
850.0 4.92825e-14
852.5 5.759952e-14
855.0 7.47443e-14
857.5 6.545859e-14
860.0 5.8329365e-14
862.5 6.039528e-14
865.0 7.325136e-14
867.5 6.331061e-14
870.0 7.6054926e-14
872.5 8.166213e-14
875.0 8.6185155e-14
877.5 9.319073e-14
880.0 9.678081e-14
882.5 9.122112e-14
885.0 1.0106961e-13
887.5 9.1620023e-14
890.0 9.0286075e-14
892.5 8.858186e-14
895.0 1.0048098e-13
897.5 9.762543e-14
900.0 1.0632284e-13
902.5 1.2332175e-13
905.0 1.2409296e-13
907.5 1.25251e-13
910.0 1.3739862e-13
912.5 1.349888e-13
915.0 1.4821227e-13
917.5 1.5697427e-13
920.0 1.4727336e-13
922.5 1.5637425e-13
925.0 1.6237452e-13
927.5 1.5761084e-13
930.0 1.6238627e-13
932.5 1.8050206e-13
935.0 1.8032654e-13
937.5 1.5303461e-13
940.0 1.8991227e-13
942.5 1.9173797e-13
945.0 1.93805e-13
947.5 1.8650519e-13
950.0 2.0402789e-13
952.5 2.0098318e-13
955.0 1.9335229e-13
957.5 1.9076158e-13
960.0 1.7391627e-13
962.5 1.9204306e-13
965.0 1.7656373e-13
967.5 1.8721792e-13
970.0 1.8871874e-13
972.5 2.0332256e-13
975.0 2.1454442e-13
977.5 2.2422064e-13
980.0 2.1424498e-13
982.5 2.1524945e-13
985.0 2.1304914e-13
987.5 2.1625478e-13
990.0 2.2381432e-13
992.5 2.2114977e-13
995.0 2.183467e-13
997.5 2.140818e-13
1000.0 2.0613636e-13
1002.5 2.1077087e-13
1005.0 2.1873012e-13
1007.5 2.1796729e-13
1010.0 2.2672741e-13
1012.5 2.1108075e-13
1015.0 2.1775008e-13
1017.5 2.1963162e-13
1020.0 2.077423e-13
1022.5 2.2390084e-13
1025.0 2.2575962e-13
1027.5 2.6004676e-13
1030.0 2.6849546e-13
1032.5 2.83259e-13
1035.0 2.9129344e-13
1037.5 2.818524e-13
1040.0 2.6626374e-13
1042.5 2.5752366e-13
1045.0 2.3499337e-13
1047.5 2.2879197e-13
1050.0 2.2653036e-13
1052.5 2.0901987e-13
1055.0 2.0876667e-13
1057.5 2.1228466e-13
1060.0 2.262594e-13
1062.5 2.2552676e-13
1065.0 2.0858796e-13
1067.5 2.127733e-13
1070.0 2.0783676e-13
1072.5 2.0261612e-13
1075.0 2.083252e-13
1077.5 2.1069729e-13
1080.0 2.1433818e-13
1082.5 2.2248098e-13
1085.0 2.2362616e-13
1087.5 2.1825563e-13
1090.0 2.1744141e-13
1092.5 2.1504486e-13
1095.0 2.0577095e-13
1097.5 2.0454917e-13
1100.0 1.955234e-13
1102.5 2.0173441e-13
1105.0 1.9501615e-13
1107.5 2.0480715e-13
1110.0 2.0088788e-13
1112.5 2.0050136e-13
1115.0 2.0316458e-13
1117.5 2.1524281e-13
1120.0 2.1850017e-13
1122.5 2.1864802e-13
1125.0 2.1752165e-13
1127.5 2.1654987e-13
1130.0 2.159397e-13
1132.5 2.1673399e-13
1135.0 2.0697822e-13
1137.5 2.1239283e-13
1140.0 2.0745783e-13
1142.5 2.06507e-13
1145.0 2.0305217e-13
1147.5 1.904832e-13
1150.0 1.8877676e-13
1152.5 1.9598292e-13
1155.0 2.0076044e-13
1157.5 2.1246842e-13
1160.0 2.0838011e-13
1162.5 2.088547e-13
1165.0 2.2087944e-13
1167.5 2.2245853e-13
1170.0 2.2085811e-13
1172.5 2.3312252e-13
1175.0 2.315669e-13
1177.5 2.396164e-13
1180.0 2.3878339e-13
1182.5 2.4872232e-13
1185.0 2.49635e-13
1187.5 2.6158286e-13
1190.0 2.7167377e-13
1192.5 2.8819045e-13
1195.0 2.9365236e-13
1197.5 3.1346987e-13
1200.0 3.2709233e-13
1202.5 3.543137e-13
1205.0 3.8364713e-13
1207.5 4.210562e-13
1210.0 4.724455e-13
1212.5 5.1183537e-13
1215.0 5.4761317e-13
1217.5 5.8536986e-13
1220.0 5.6778237e-13
1222.5 5.355169e-13
1225.0 4.618665e-13
1227.5 4.6010206e-13
1230.0 4.4207254e-13
1232.5 4.5207205e-13
1235.0 4.518676e-13
1237.5 4.5447579e-13
1240.0 4.5077643e-13
1242.5 4.3807568e-13
1245.0 4.0659617e-13
1247.5 3.813415e-13
1250.0 3.5582396e-13
1252.5 3.3541342e-13
1255.0 3.1816135e-13
1257.5 3.0655093e-13
1260.0 3.0278175e-13
1262.5 2.9852607e-13
1265.0 2.9221726e-13
1267.5 2.8585784e-13
1270.0 2.773989e-13
1272.5 2.717197e-13
1275.0 2.5765718e-13
1277.5 2.5082906e-13
1280.0 2.484112e-13
1282.5 2.4325816e-13
1285.0 2.381796e-13
1287.5 2.372207e-13
1290.0 2.3926155e-13
1292.5 2.4047938e-13
1295.0 2.4588217e-13
1297.5 2.4509892e-13
1300.0 2.4678122e-13
1302.5 2.4932218e-13
1305.0 2.5778338e-13
1307.5 2.5579454e-13
1310.0 2.538127e-13
1312.5 2.5028818e-13
1315.0 2.468858e-13
1317.5 2.3735565e-13
1320.0 2.3495466e-13
1322.5 2.304843e-13
1325.0 2.2874777e-13
1327.5 2.2979096e-13
1330.0 2.3577128e-13
1332.5 2.3830303e-13
1335.0 2.4100164e-13
1337.5 2.42422e-13
1340.0 2.4173518e-13
1342.5 2.3736194e-13
1345.0 2.3803943e-13
1347.5 2.3350267e-13
1350.0 2.3150487e-13
1352.5 2.3013533e-13
1355.0 2.2807467e-13
1357.5 2.3148505e-13
1360.0 2.3024603e-13
1362.5 2.287066e-13
1365.0 2.2835631e-13
1367.5 2.310691e-13
1370.0 2.337895e-13
1372.5 2.3650865e-13
1375.0 2.350646e-13
1377.5 2.372129e-13
1380.0 2.418621e-13
1382.5 2.4470419e-13
1385.0 2.5130925e-13
1387.5 2.5502395e-13
1390.0 2.6277456e-13
1392.5 2.6588923e-13
1395.0 2.7103976e-13
1397.5 2.75396e-13
1400.0 2.7544018e-13
1402.5 2.715622e-13
1405.0 2.6887309e-13
1407.5 2.6043997e-13
1410.0 2.511923e-13
1412.5 2.458352e-13
1415.0 2.3921005e-13
1417.5 2.3266689e-13
1420.0 2.2944407e-13
1422.5 2.2386348e-13
1425.0 2.2332484e-13
1427.5 2.2068455e-13
1430.0 2.184522e-13
1432.5 2.1746006e-13
1435.0 2.1531657e-13
1437.5 2.154542e-13
1440.0 2.1205868e-13
1442.5 2.1165442e-13
1445.0 2.0984724e-13
1447.5 2.1042264e-13
1450.0 2.087309e-13
1452.5 2.1027159e-13
1455.0 2.0968463e-13
1457.5 2.0999798e-13
1460.0 2.0954561e-13
1462.5 2.089171e-13
1465.0 2.0975e-13
1467.5 2.0815738e-13
1470.0 2.0833435e-13
1472.5 2.0924122e-13
1475.0 2.0888865e-13
1477.5 2.0727385e-13
1480.0 2.0885607e-13
1482.5 2.1138596e-13
1485.0 2.124222e-13
1487.5 2.133305e-13
1490.0 2.1640441e-13
1492.5 2.1462924e-13
1495.0 2.1660079e-13
1497.5 2.207907e-13
1500.0 2.2198617e-13
1502.5 2.2143211e-13
1505.0 2.2438959e-13
1507.5 2.2645874e-13
1510.0 2.2729571e-13
1512.5 2.3226256e-13
1515.0 2.3399848e-13
1517.5 2.4114779e-13
1520.0 2.4279014e-13
1522.5 2.5190375e-13
1525.0 2.5633884e-13
1527.5 2.6519588e-13
1530.0 2.7297563e-13
1532.5 2.818196e-13
1535.0 2.9025965e-13
1537.5 3.0632216e-13
1540.0 3.2408023e-13
1542.5 3.4082372e-13
1545.0 3.4762422e-13
1547.5 3.5664847e-13
1550.0 3.5194783e-13
1552.5 3.3608728e-13
1555.0 3.1987485e-13
1557.5 3.0060413e-13
1560.0 2.8188522e-13
1562.5 2.6682568e-13
1565.0 2.5692268e-13
1567.5 2.4698285e-13
1570.0 2.4071606e-13
1572.5 2.341301e-13
1575.0 2.2968856e-13
1577.5 2.2468096e-13
1580.0 2.2246828e-13
1582.5 2.1881803e-13
1585.0 2.1783427e-13
1587.5 2.1647239e-13
1590.0 2.1549818e-13
1592.5 2.1397935e-13
1595.0 2.118125e-13
1597.5 2.120033e-13
1600.0 2.1114565e-13
1602.5 2.117711e-13
1605.0 2.1219144e-13
1607.5 2.1029978e-13
1610.0 2.1005146e-13
1612.5 2.1079494e-13
1615.0 2.1033994e-13
1617.5 2.1037089e-13
1620.0 2.1071396e-13
1622.5 2.1165535e-13
1625.0 2.118018e-13
1627.5 2.1122261e-13
1630.0 2.1125832e-13
1632.5 2.1221615e-13
1635.0 2.1145744e-13
1637.5 2.1104411e-13
1640.0 2.1134093e-13
1642.5 2.0701958e-13
1645.0 2.0321945e-13
1647.5 2.0103349e-13
1650.0 2.0152056e-13
1652.5 2.0022375e-13
1655.0 2.0080452e-13
1657.5 1.9934984e-13
1660.0 2.008645e-13
1662.5 2.0323912e-13
1665.0 1.9980736e-13
1667.5 1.9989118e-13
1670.0 1.9826716e-13
1672.5 1.9502982e-13
1675.0 1.9306717e-13
1677.5 1.9129765e-13
1680.0 1.8719492e-13
1682.5 1.8629727e-13
1685.0 1.844334e-13
1687.5 1.834837e-13
1690.0 1.837006e-13
1692.5 1.8333669e-13
1695.0 1.8223931e-13
1697.5 1.8214049e-13
1700.0 1.8142717e-13
1702.5 1.8388504e-13
1705.0 1.8200575e-13
1707.5 1.8443016e-13
1710.0 1.8330931e-13
1712.5 1.8550409e-13
1715.0 1.832027e-13
1717.5 1.8493791e-13
1720.0 1.8382851e-13
1722.5 1.8454036e-13
1725.0 1.8343817e-13
1727.5 1.844075e-13
1730.0 1.8405472e-13
1732.5 1.8268607e-13
1735.0 1.8182118e-13
1737.5 1.815212e-13
1740.0 1.814993e-13
1742.5 1.8305348e-13
1745.0 1.8248199e-13
1747.5 1.8333428e-13
1750.0 1.8281088e-13
1752.5 1.8314676e-13
1755.0 1.7919088e-13
1757.5 1.7833083e-13
1760.0 1.7786075e-13
1762.5 1.7694528e-13
1765.0 1.7634173e-13
1767.5 1.7484449e-13
1770.0 1.7403396e-13
1772.5 1.740026e-13
1775.0 1.7464418e-13
1777.5 1.7419799e-13
1780.0 1.7211128e-13
1782.5 1.72963e-13
1785.0 1.7299604e-13
1787.5 1.7473317e-13
1790.0 1.7334132e-13
1792.5 1.7282328e-13
1795.0 1.7307279e-13
1797.5 1.7031006e-13
1800.0 1.6827474e-13
1802.5 1.6948296e-13
1805.0 1.6908557e-13
1807.5 1.681665e-13
1810.0 1.6714451e-13
1812.5 1.6845332e-13
1815.0 1.6949225e-13
1817.5 1.6859726e-13
1820.0 1.6800522e-13
1822.5 1.6734833e-13
1825.0 1.6771953e-13
1827.5 1.6737039e-13
1830.0 1.6582547e-13
1832.5 1.6595697e-13
1835.0 1.6858541e-13
1837.5 1.6756124e-13
1840.0 1.7004174e-13
1842.5 1.7143496e-13
1845.0 1.728677e-13
1847.5 1.7535164e-13
1850.0 1.7718283e-13
1852.5 1.7810504e-13
1855.0 1.795091e-13
1857.5 1.8057699e-13
1860.0 1.8168628e-13
1862.5 1.8116162e-13
1865.0 1.8050127e-13
1867.5 1.8078726e-13
1870.0 1.797521e-13
1872.5 1.7974419e-13
1875.0 1.8136183e-13
1877.5 1.8096958e-13
1880.0 1.846194e-13
1882.5 1.875249e-13
1885.0 1.9231947e-13
1887.5 1.9589298e-13
1890.0 2.0113242e-13
1892.5 2.0444138e-13
1895.0 2.072452e-13
1897.5 2.1041063e-13
1900.0 2.1217747e-13
1902.5 2.1376989e-13
1905.0 2.1951829e-13
1907.5 2.2149776e-13
1910.0 2.1829825e-13
1912.5 2.1338672e-13
1915.0 2.0729207e-13
1917.5 2.0130253e-13
1920.0 1.9246524e-13
1922.5 1.8752405e-13
1925.0 1.8444233e-13
1927.5 1.7810777e-13
1930.0 1.7455408e-13
1932.5 1.7246161e-13
1935.0 1.6822706e-13
1937.5 1.6495709e-13
1940.0 1.6181568e-13
1942.5 1.6029882e-13
1945.0 1.5797327e-13
1947.5 1.5655875e-13
1950.0 1.558696e-13
1952.5 1.5535839e-13
1955.0 1.5470951e-13
1957.5 1.5479005e-13
1960.0 1.5296473e-13
1962.5 1.5021753e-13
1965.0 1.4852472e-13
1967.5 1.4774693e-13
1970.0 1.4703715e-13
1972.5 1.4588608e-13
1975.0 1.4733741e-13
1977.5 1.4602551e-13
1980.0 1.4646644e-13
1982.5 1.4489381e-13
1985.0 1.446395e-13
1987.5 1.4587455e-13
1990.0 1.45718e-13
1992.5 1.466621e-13
1995.0 1.4601428e-13
1997.5 1.4515432e-13
2000.0 1.4568919e-13
2002.5 1.4466904e-13
2005.0 1.439007e-13
2007.5 1.437125e-13
2010.0 1.4351476e-13
2012.5 1.4220692e-13
2015.0 1.4133803e-13
2017.5 1.4081756e-13
2020.0 1.4062784e-13
2022.5 1.4099674e-13
2025.0 1.41231e-13
2027.5 1.3990832e-13
2030.0 1.4088005e-13
2032.5 1.400488e-13
2035.0 1.3850887e-13
2037.5 1.3852591e-13
2040.0 1.4012169e-13
2042.5 1.4027839e-13
2045.0 1.399624e-13
2047.5 1.3971367e-13
2050.0 1.400657e-13
2052.5 1.3886945e-13
2055.0 1.4055528e-13
2057.5 1.4135634e-13
2060.0 1.4270994e-13
2062.5 1.4285575e-13
2065.0 1.4365004e-13
2067.5 1.4274191e-13
2070.0 1.4359862e-13
2072.5 1.43745e-13
2075.0 1.422597e-13
2077.5 1.4107322e-13
2080.0 1.4144638e-13
2082.5 1.4046087e-13
2085.0 1.3948804e-13
2087.5 1.3833136e-13
2090.0 1.3692635e-13
2092.5 1.3728373e-13
2095.0 1.3634248e-13
2097.5 1.360201e-13
2100.0 1.3579835e-13
2102.5 1.3605625e-13
2105.0 1.3600517e-13
2107.5 1.3416694e-13
2110.0 1.3348722e-13
2112.5 1.3308712e-13
2115.0 1.3181117e-13
2117.5 1.3119119e-13
2120.0 1.2769405e-13
2122.5 1.2715152e-13
2125.0 1.253539e-13
2127.5 1.26419e-13
2130.0 1.262398e-13
2132.5 1.2607055e-13
2135.0 1.264043e-13
2137.5 1.2690714e-13
2140.0 1.2623924e-13
2142.5 1.2590841e-13
2145.0 1.2433545e-13
2147.5 1.2395434e-13
2150.0 1.234331e-13
2152.5 1.2223173e-13
2155.0 1.2233968e-13
2157.5 1.2070762e-13
2160.0 1.2063342e-13
2162.5 1.2077126e-13
2165.0 1.2168967e-13
2167.5 1.210176e-13
2170.0 1.2221242e-13
2172.5 1.2257955e-13
2175.0 1.209302e-13
2177.5 1.2208018e-13
2180.0 1.2161353e-13
2182.5 1.2054206e-13
2185.0 1.2032072e-13
2187.5 1.1909523e-13
2190.0 1.1889873e-13
2192.5 1.1775338e-13
2195.0 1.1701618e-13
2197.5 1.1548911e-13
2200.0 1.1538314e-13
2202.5 1.150214e-13
2205.0 1.1502062e-13
2207.5 1.1421247e-13
2210.0 1.1529932e-13
2212.5 1.1556572e-13
2215.0 1.1615904e-13
2217.5 1.1675257e-13
2220.0 1.1636327e-13
2222.5 1.1522692e-13
2225.0 1.1627847e-13
2227.5 1.1592206e-13
2230.0 1.1458652e-13
2232.5 1.1349743e-13
2235.0 1.12686593e-13
2237.5 1.1238955e-13
2240.0 1.13135135e-13
2242.5 1.12040375e-13
2245.0 1.1209772e-13
2247.5 1.1276928e-13
2250.0 1.1348646e-13
2252.5 1.1483716e-13
2255.0 1.1259359e-13
2257.5 1.1387464e-13
2260.0 1.1396895e-13
2262.5 1.1325368e-13
2265.0 1.1422952e-13
2267.5 1.1406033e-13
2270.0 1.1352784e-13
2272.5 1.1387389e-13
2275.0 1.1383338e-13
2277.5 1.1373144e-13
2280.0 1.1416633e-13
2282.5 1.1482707e-13
2285.0 1.15146e-13
2287.5 1.1565889e-13
2290.0 1.1661729e-13
2292.5 1.1656863e-13
2295.0 1.1524389e-13
2297.5 1.1627032e-13
2300.0 1.1709202e-13
2302.5 1.1833844e-13
2305.0 1.1747936e-13
2307.5 1.181598e-13
2310.0 1.1815226e-13
2312.5 1.1754283e-13
2315.0 1.1840576e-13
2317.5 1.1806434e-13
2320.0 1.1839016e-13
2322.5 1.1890995e-13
2325.0 1.1901732e-13
2327.5 1.1911771e-13
2330.0 1.1933293e-13
2332.5 1.1776372e-13
2335.0 1.1776607e-13
2337.5 1.1735637e-13
2340.0 1.1664366e-13
2342.5 1.1534109e-13
2345.0 1.1439268e-13
2347.5 1.1454226e-13
2350.0 1.1414251e-13
2352.5 1.1251598e-13
2355.0 1.1217332e-13
2357.5 1.12914486e-13
2360.0 1.1315799e-13
2362.5 1.1211594e-13
2365.0 1.1177377e-13
2367.5 1.1176614e-13
2370.0 1.1083739e-13
2372.5 1.1096964e-13
2375.0 1.10919696e-13
2377.5 1.1069511e-13
2380.0 1.10131874e-13
2382.5 1.09993395e-13
2385.0 1.1035654e-13
2387.5 1.0899916e-13
2390.0 1.1018824e-13
2392.5 1.10329396e-13
2395.0 1.1038828e-13
2397.5 1.11249985e-13
2400.0 1.1191595e-13
2402.5 1.1183219e-13
2405.0 1.0994075e-13
2407.5 1.11644235e-13
2410.0 1.1283245e-13
2412.5 1.1361562e-13
2415.0 1.144716e-13
2417.5 1.1522894e-13
2420.0 1.164576e-13
2422.5 1.1732699e-13
2425.0 1.1593173e-13
2427.5 1.1376341e-13
2430.0 1.13234536e-13
2432.5 1.137809e-13
2435.0 1.12273614e-13
2437.5 1.1281931e-13
2440.0 1.1271456e-13
2442.5 1.1122677e-13
2445.0 1.1035266e-13
2447.5 1.1081501e-13
2450.0 1.0872115e-13
2452.5 1.0723378e-13
2455.0 1.08382175e-13
2457.5 1.0826111e-13
2460.0 1.07087645e-13
2462.5 1.0899077e-13
2465.0 1.0836624e-13
2467.5 1.0915677e-13
2470.0 1.1004509e-13
2472.5 1.0978562e-13
2475.0 1.0991372e-13
2477.5 1.0995862e-13
2480.0 1.08908244e-13
2482.5 1.09146694e-13
2485.0 1.08723055e-13
2487.5 1.097902e-13
2490.0 1.0796743e-13
2492.5 1.0788591e-13
2495.0 1.08905845e-13
2497.5 1.0685463e-13
2500.0 1.0772847e-13
2502.5 1.07095885e-13
2505.0 1.0665045e-13
2507.5 1.0717257e-13
2510.0 1.0656734e-13
2512.5 1.0583298e-13
2515.0 1.06079845e-13
2517.5 1.05816716e-13
2520.0 1.0493002e-13
2522.5 1.03303345e-13
2525.0 1.03737535e-13
2527.5 1.0343704e-13
2530.0 1.0406037e-13
2532.5 1.0380976e-13
2535.0 1.037332e-13
2537.5 1.0441471e-13
2540.0 1.0347181e-13
2542.5 1.0310958e-13
2545.0 1.027581e-13
2547.5 1.0196688e-13
2550.0 1.01862366e-13
2552.5 1.02113854e-13
2555.0 1.0149396e-13
2557.5 1.0057367e-13
2560.0 1.01068046e-13
2562.5 1.00601066e-13
2565.0 1.0052973e-13
2567.5 9.952463e-14
2570.0 9.9639426e-14
2572.5 9.9069116e-14
2575.0 9.807473e-14
2577.5 9.889307e-14
2580.0 9.842295e-14
2582.5 9.787379e-14
2585.0 9.862177e-14
2587.5 9.724054e-14
2590.0 9.777927e-14
2592.5 9.541112e-14
2595.0 9.5149386e-14
2597.5 9.663515e-14
2600.0 9.651129e-14
2602.5 9.689693e-14
2605.0 9.6905014e-14
2607.5 9.5794256e-14
2610.0 9.6274436e-14
2612.5 9.599895e-14
2615.0 9.559462e-14
2617.5 9.676893e-14
2620.0 9.591191e-14
2622.5 9.586201e-14
2625.0 9.456302e-14
2627.5 9.4385444e-14
2630.0 9.476092e-14
2632.5 9.36626e-14
2635.0 9.3163114e-14
2637.5 9.239524e-14
2640.0 9.192311e-14
2642.5 9.089081e-14
2645.0 8.912819e-14
2647.5 8.843007e-14
2650.0 8.881773e-14
2652.5 8.8979564e-14
2655.0 8.8419784e-14
2657.5 8.790848e-14
2660.0 8.768176e-14
2662.5 8.786949e-14
2665.0 8.9208073e-14
2667.5 8.941362e-14
2670.0 8.9580266e-14
2672.5 9.008723e-14
2675.0 8.945603e-14
2677.5 8.8949484e-14
2680.0 8.781241e-14
2682.5 8.8338855e-14
2685.0 8.837669e-14
2687.5 8.8614934e-14
2690.0 8.843163e-14
2692.5 8.87117e-14
2695.0 8.915128e-14
2697.5 8.904876e-14
2700.0 8.884874e-14
2702.5 8.911155e-14
2705.0 9.005164e-14
2707.5 9.1055805e-14
2710.0 9.1504204e-14
2712.5 9.2234895e-14
2715.0 9.208797e-14
2717.5 9.0702585e-14
2720.0 9.0853886e-14
2722.5 9.198732e-14
2725.0 9.238023e-14
2727.5 9.355982e-14
2730.0 9.308725e-14
2732.5 9.301411e-14
2735.0 9.3045146e-14
2737.5 9.255891e-14
2740.0 9.296734e-14
2742.5 9.453522e-14
2745.0 9.5643335e-14
2747.5 9.5617084e-14
2750.0 9.719656e-14
2752.5 9.685736e-14
2755.0 9.6117064e-14
2757.5 9.693333e-14
2760.0 9.757743e-14
2762.5 9.653587e-14
2765.0 9.560303e-14
2767.5 9.548889e-14
2770.0 9.734052e-14
2772.5 9.797356e-14
2775.0 9.92017e-14
2777.5 1.0140129e-13
2780.0 1.0504944e-13
2782.5 1.08283235e-13
2785.0 1.11582964e-13
2787.5 1.1594978e-13
2790.0 1.2215366e-13
2792.5 1.2849316e-13
2795.0 1.3265586e-13
2797.5 1.3630415e-13
2800.0 1.3596157e-13
2802.5 1.3364471e-13
2805.0 1.3051306e-13
2807.5 1.2431717e-13
2810.0 1.1803816e-13
2812.5 1.1294374e-13
2815.0 1.0794468e-13
2817.5 1.03465664e-13
2820.0 1.0164651e-13
2822.5 9.9656265e-14
2825.0 9.820684e-14
2827.5 9.6806325e-14
2830.0 9.5449886e-14
2832.5 9.468937e-14
2835.0 9.3274475e-14
2837.5 9.29161e-14
2840.0 9.1768214e-14
2842.5 9.074402e-14
2845.0 9.01569e-14
2847.5 9.006034e-14
2850.0 8.9477064e-14
2852.5 8.916891e-14
2855.0 8.815746e-14
2857.5 8.6956206e-14
2860.0 8.721801e-14
2862.5 8.5524165e-14
2865.0 8.554521e-14
2867.5 8.4941535e-14
2870.0 8.4311186e-14
2872.5 8.462205e-14
2875.0 8.4101874e-14
2877.5 8.319064e-14
2880.0 8.236575e-14
2882.5 8.1472094e-14
2885.0 8.247236e-14
2887.5 8.178793e-14
2890.0 8.0523025e-14
2892.5 7.990476e-14
2895.0 7.989914e-14
2897.5 8.07878e-14
2900.0 7.9745774e-14
2902.5 7.838806e-14
2905.0 7.707107e-14
2907.5 7.8095984e-14
2910.0 7.79257e-14
2912.5 7.783164e-14
2915.0 7.767252e-14
2917.5 7.832147e-14
2920.0 7.8222476e-14
2922.5 7.916249e-14
2925.0 7.9748755e-14
2927.5 7.981831e-14
2930.0 8.014815e-14
2932.5 7.9937054e-14
2935.0 8.018987e-14
2937.5 7.9827766e-14
2940.0 8.0055984e-14
2942.5 7.9445314e-14
2945.0 8.0383976e-14
2947.5 7.9514954e-14
2950.0 7.909752e-14
2952.5 7.909995e-14
2955.0 7.900135e-14
2957.5 7.9403986e-14
2960.0 7.962136e-14
2962.5 7.946853e-14
2965.0 7.845367e-14
2967.5 7.864133e-14
2970.0 7.8680545e-14
2972.5 7.832147e-14
2975.0 7.747883e-14
2977.5 7.722896e-14
2980.0 7.781626e-14
2982.5 7.743886e-14
2985.0 7.6196685e-14
2987.5 7.536763e-14
2990.0 7.535175e-14
2992.5 7.469983e-14
2995.0 7.432203e-14
2997.5 7.330494e-14
3000.0 7.373552e-14
3002.5 7.3116216e-14
3005.0 7.2121644e-14
3007.5 7.1743027e-14
3010.0 7.160121e-14
3012.5 7.1027745e-14
3015.0 7.006159e-14
3017.5 6.943226e-14
3020.0 6.907944e-14
3022.5 6.876856e-14
3025.0 6.8608835e-14
3027.5 6.923358e-14
3030.0 6.900969e-14
3032.5 6.8498484e-14
3035.0 6.810971e-14
3037.5 6.893987e-14
3040.0 6.9076106e-14
3042.5 6.9117373e-14
3045.0 6.924422e-14
3047.5 6.9111614e-14
3050.0 6.914895e-14
3052.5 6.944309e-14
3055.0 6.9034845e-14
3057.5 6.872071e-14
3060.0 6.9013026e-14
3062.5 6.931511e-14
3065.0 6.9999155e-14
3067.5 6.91198e-14
3070.0 6.926034e-14
3072.5 6.913559e-14
3075.0 7.006313e-14
3077.5 6.989732e-14
3080.0 6.9617455e-14
3082.5 6.963948e-14
3085.0 6.92649e-14
3087.5 6.9185854e-14
3090.0 6.862405e-14
3092.5 6.8694155e-14
3095.0 6.915411e-14
3097.5 6.877778e-14
3100.0 6.838982e-14
3102.5 6.9144086e-14
3105.0 6.915381e-14
3107.5 7.0332886e-14
3110.0 7.026867e-14
3112.5 7.0675196e-14
3115.0 7.010838e-14
3117.5 7.1512274e-14
3120.0 7.2134315e-14
3122.5 7.2835143e-14
3125.0 7.2594505e-14
3127.5 7.188637e-14
3130.0 7.25639e-14
3132.5 7.21985e-14
3135.0 7.179392e-14
3137.5 7.050112e-14
3140.0 7.181222e-14
3142.5 7.0480846e-14
3145.0 6.910675e-14
3147.5 6.988013e-14
3150.0 7.0244286e-14
3152.5 7.037769e-14
3155.0 6.953586e-14
3157.5 6.95461e-14
3160.0 6.9519985e-14
3162.5 6.943165e-14
3165.0 7.0133474e-14
3167.5 7.0127166e-14
3170.0 7.122564e-14
3172.5 7.1400093e-14
3175.0 7.090511e-14
3177.5 7.099609e-14
3180.0 7.142768e-14
3182.5 7.192427e-14
3185.0 7.1498776e-14
3187.5 7.1856854e-14
3190.0 7.1988415e-14
3192.5 7.147381e-14
3195.0 7.1224697e-14
3197.5 7.1550296e-14
3200.0 7.16138e-14
3202.5 7.037692e-14
3205.0 7.0550214e-14
3207.5 7.0975825e-14
3210.0 7.098533e-14
3212.5 7.064695e-14
3215.0 7.0465525e-14
3217.5 6.897818e-14
3220.0 6.898439e-14
3222.5 6.775259e-14
3225.0 6.875014e-14
3227.5 6.891127e-14
3230.0 6.90761e-14
3232.5 6.83691e-14
3235.0 6.750696e-14
3237.5 6.7209205e-14
3240.0 6.721586e-14
3242.5 6.793614e-14
3245.0 6.714077e-14
3247.5 6.6991145e-14
3250.0 6.715965e-14
3252.5 6.7400316e-14
3255.0 6.787768e-14
3257.5 6.754419e-14
3260.0 6.730802e-14
3262.5 6.7519714e-14
3265.0 6.6392895e-14
3267.5 6.5884e-14
3270.0 6.617515e-14
3272.5 6.718753e-14
3275.0 6.694291e-14
3277.5 6.7191356e-14
3280.0 6.6864164e-14
3282.5 6.6578606e-14
3285.0 6.644132e-14
3287.5 6.675838e-14
3290.0 6.747777e-14
3292.5 6.634452e-14
3295.0 6.576894e-14
3297.5 6.52707e-14
3300.0 6.484013e-14
3302.5 6.535474e-14
3305.0 6.414788e-14
3307.5 6.382977e-14
3310.0 6.381588e-14
3312.5 6.363229e-14
3315.0 6.323239e-14
3317.5 6.317284e-14
3320.0 6.200846e-14
3322.5 6.247535e-14
3325.0 6.1840385e-14
3327.5 6.230752e-14
3330.0 6.242981e-14
3332.5 6.255758e-14
3335.0 6.266977e-14
3337.5 6.3053654e-14
3340.0 6.312362e-14
3342.5 6.367856e-14
3345.0 6.461229e-14
3347.5 6.3921355e-14
3350.0 6.265615e-14
3352.5 6.230751e-14
3355.0 6.209948e-14
3357.5 6.1756244e-14
3360.0 6.162349e-14
3362.5 6.1819067e-14
3365.0 6.1249386e-14
3367.5 6.124737e-14
3370.0 6.077324e-14
3372.5 6.081689e-14
3375.0 6.1920826e-14
3377.5 6.1653536e-14
3380.0 6.1587095e-14
3382.5 6.098848e-14
3385.0 6.177998e-14
3387.5 6.171354e-14
3390.0 6.121779e-14
3392.5 6.0523926e-14
3395.0 6.1412484e-14
3397.5 6.095568e-14
3400.0 6.098634e-14
3402.5 6.165489e-14
3405.0 6.184473e-14
3407.5 6.212458e-14
3410.0 6.188168e-14
3412.5 6.2546587e-14
3415.0 6.24903e-14
3417.5 6.346706e-14
3420.0 6.395168e-14
3422.5 6.493174e-14
3425.0 6.608642e-14
3427.5 6.472632e-14
3430.0 6.334288e-14
3432.5 6.251886e-14
3435.0 6.139738e-14
3437.5 6.1784724e-14
3440.0 6.186769e-14
3442.5 6.120744e-14
3445.0 6.099424e-14
3447.5 6.0569666e-14
3450.0 5.921105e-14
3452.5 5.904304e-14
3455.0 5.986922e-14
3457.5 5.9778835e-14
3460.0 5.970694e-14
3462.5 5.994577e-14
3465.0 6.044783e-14
3467.5 6.118284e-14
3470.0 5.9827685e-14
3472.5 6.023675e-14
3475.0 5.940758e-14
3477.5 5.755856e-14
3480.0 5.8694016e-14
3482.5 5.93579e-14
3485.0 5.9519745e-14
3487.5 5.930552e-14
3490.0 5.9127636e-14
3492.5 5.940275e-14
3495.0 5.820832e-14
3497.5 5.929302e-14
3500.0 5.954275e-14
3502.5 5.8150065e-14
3505.0 5.8236964e-14
3507.5 5.810271e-14
3510.0 5.73023e-14
3512.5 5.7324324e-14
3515.0 5.7338425e-14
3517.5 5.705607e-14
3520.0 5.6503105e-14
3522.5 5.6222652e-14
3525.0 5.5707846e-14
3527.5 5.570234e-14
3530.0 5.4895927e-14
3532.5 5.494839e-14
3535.0 5.5549535e-14
3537.5 5.521897e-14
3540.0 5.520928e-14
3542.5 5.5001512e-14
3545.0 5.3953356e-14
3547.5 5.367129e-14
3550.0 5.4330838e-14
3552.5 5.471336e-14
3555.0 5.4815104e-14
3557.5 5.4736675e-14
3560.0 5.4985804e-14
3562.5 5.4773585e-14
3565.0 5.410106e-14
3567.5 5.4048698e-14
3570.0 5.4840135e-14
3572.5 5.5215703e-14
3575.0 5.5759986e-14
3577.5 5.511854e-14
3580.0 5.4832075e-14
3582.5 5.4909792e-14
3585.0 5.596521e-14
3587.5 5.4414535e-14
3590.0 5.4370103e-14
3592.5 5.4467254e-14
3595.0 5.4252626e-14
3597.5 5.422214e-14
3600.0 5.356074e-14
3602.5 5.3814443e-14
3605.0 5.4220595e-14
3607.5 5.3996978e-14
3610.0 5.4519306e-14
3612.5 5.3395155e-14
3615.0 5.331291e-14
3617.5 5.4152764e-14
3620.0 5.4363655e-14
3622.5 5.396153e-14
3625.0 5.3430815e-14
3627.5 5.392351e-14
3630.0 5.32785e-14
3632.5 5.2607356e-14
3635.0 5.3766965e-14
3637.5 5.3082776e-14
3640.0 5.2441382e-14
3642.5 5.287547e-14
3645.0 5.297739e-14
3647.5 5.2532553e-14
3650.0 5.264526e-14
3652.5 5.233796e-14
3655.0 5.2670006e-14
3657.5 5.3064713e-14
3660.0 5.2787527e-14
3662.5 5.2652307e-14
3665.0 5.2298667e-14
3667.5 5.194135e-14
3670.0 5.196268e-14
3672.5 5.1714987e-14
3675.0 5.1739747e-14
3677.5 5.16224e-14
3680.0 5.138501e-14
3682.5 5.1668895e-14
3685.0 5.132873e-14
3687.5 5.0422157e-14
3690.0 5.1193655e-14
3692.5 5.170556e-14
3695.0 5.13753e-14
3697.5 5.1763044e-14
3700.0 5.126565e-14
3702.5 5.1551936e-14
3705.0 5.1387378e-14
3707.5 5.0733807e-14
3710.0 5.0627752e-14
3712.5 5.0398914e-14
3715.0 5.053245e-14
3717.5 5.1372707e-14
3720.0 5.1952867e-14
3722.5 5.3507136e-14
3725.0 5.643912e-14
3727.5 5.906016e-14
3730.0 5.824912e-14
3732.5 5.443784e-14
3735.0 5.1114908e-14
3737.5 5.0496953e-14
3740.0 4.996486e-14
3742.5 5.0247407e-14
3745.0 5.0183236e-14
3747.5 4.9209836e-14
3750.0 4.961728e-14
3752.5 5.0042707e-14
3755.0 5.0697507e-14
3757.5 5.0619522e-14
3760.0 4.9305883e-14
3762.5 4.9591136e-14
3765.0 4.8606152e-14
3767.5 4.892087e-14
3770.0 4.915378e-14
3772.5 4.8434936e-14
3775.0 4.8705313e-14
3777.5 4.8180765e-14
3780.0 4.80583e-14
3782.5 4.78373e-14
3785.0 4.746448e-14
3787.5 4.7900154e-14
3790.0 4.71551e-14
3792.5 4.6157553e-14
3795.0 4.5295443e-14
3797.5 4.547144e-14
3800.0 4.60095e-14
3802.5 4.52517e-14
3805.0 4.514005e-14
3807.5 4.5741334e-14
3810.0 4.6493754e-14
3812.5 4.650407e-14
3815.0 4.6217895e-14
3817.5 4.6227945e-14
3820.0 4.5886804e-14
3822.5 4.557581e-14
3825.0 4.5505402e-14
3827.5 4.5425933e-14
3830.0 4.5048153e-14
3832.5 4.5886306e-14
3835.0 4.6052256e-14
3837.5 4.5296442e-14
3840.0 4.509596e-14
3842.5 4.590263e-14
3845.0 4.5618355e-14
3847.5 4.5719447e-14
3850.0 4.6042854e-14
3852.5 4.6576834e-14
3855.0 4.6386377e-14
3857.5 4.7214467e-14
3860.0 4.7697787e-14
3862.5 4.8614697e-14
3865.0 4.9938867e-14
3867.5 5.2279375e-14
3870.0 5.1638266e-14
3872.5 4.9656304e-14
3875.0 4.7603618e-14
3877.5 4.69696e-14
3880.0 4.5486818e-14
3882.5 4.5488417e-14
3885.0 4.695908e-14
3887.5 4.6667545e-14
3890.0 4.6985792e-14
3892.5 4.6212315e-14
3895.0 4.4992293e-14
3897.5 4.4600008e-14
3900.0 4.4174842e-14
3902.5 4.4981922e-14
3905.0 4.4332173e-14
3907.5 4.3961176e-14
3910.0 4.3916693e-14
3912.5 4.3447068e-14
3915.0 4.359711e-14
3917.5 4.358993e-14
3920.0 4.294066e-14
3922.5 4.2587116e-14
3925.0 4.2158632e-14
3927.5 4.1464438e-14
3930.0 4.1055372e-14
3932.5 4.12339e-14
3935.0 4.081572e-14
3937.5 4.119056e-14
3940.0 4.1778203e-14
3942.5 4.181363e-14
3945.0 4.2491177e-14
3947.5 4.27493e-14
3950.0 4.2598056e-14
3952.5 4.1971302e-14
3955.0 4.2945665e-14
3957.5 4.2857296e-14
3960.0 4.345193e-14
3962.5 4.346682e-14
3965.0 4.3265786e-14
3967.5 4.3386522e-14
3970.0 4.3036575e-14
3972.5 4.276526e-14
3975.0 4.1933813e-14
3977.5 4.2204945e-14
3980.0 4.224055e-14
3982.5 4.1777928e-14
3985.0 4.197057e-14
3987.5 4.167265e-14
3990.0 4.044723e-14
3992.5 4.1209373e-14
3995.0 4.112566e-14
3997.5 4.0336888e-14
4000.0 4.0201156e-14
4002.5 3.9758595e-14
4005.0 4.0190124e-14
4007.5 3.9654054e-14
4010.0 3.940173e-14
4012.5 3.9979484e-14
4015.0 3.983506e-14
4017.5 4.0714922e-14
4020.0 4.0404525e-14
4022.5 3.9618716e-14
4025.0 3.9907906e-14
4027.5 3.9437302e-14
4030.0 3.8843498e-14
4032.5 3.897011e-14
4035.0 3.8934527e-14
4037.5 3.8531966e-14
4040.0 3.8815695e-14
4042.5 3.8305784e-14
4045.0 3.8009082e-14
4047.5 3.8160708e-14
4050.0 3.927828e-14
4052.5 3.8675992e-14
4055.0 3.8267702e-14
4057.5 3.9191693e-14
4060.0 3.9035625e-14
4062.5 3.8958728e-14
4065.0 3.9415404e-14
4067.5 4.0612594e-14
4070.0 4.1109043e-14
4072.5 4.0849163e-14
4075.0 4.0590483e-14
4077.5 4.0335025e-14
4080.0 4.03703e-14
4082.5 4.0748373e-14
4085.0 4.1622345e-14
4087.5 4.1584347e-14
4090.0 4.1702126e-14
4092.5 4.279758e-14
4095.0 4.2997086e-14
4097.5 4.2589826e-14
4100.0 4.4956646e-14
4102.5 4.4655177e-14
4105.0 4.3622393e-14
4107.5 4.2655434e-14
4110.0 4.201077e-14
4112.5 4.206265e-14
4115.0 4.2087966e-14
4117.5 4.0812317e-14
4120.0 4.062374e-14
4122.5 4.01484e-14
4125.0 3.9774316e-14
4127.5 3.9693258e-14
4130.0 3.9380534e-14
4132.5 3.9617323e-14
4135.0 3.895437e-14
4137.5 3.85577e-14
4140.0 3.8171438e-14
4142.5 3.7474777e-14
4145.0 3.7291716e-14
4147.5 3.6230347e-14
4150.0 3.6710133e-14
4152.5 3.7371476e-14
4155.0 3.6613206e-14
4157.5 3.7353184e-14
4160.0 3.7665688e-14
4162.5 3.672844e-14
4165.0 3.7371727e-14
4167.5 3.7052955e-14
4170.0 3.6954065e-14
4172.5 3.736139e-14
4175.0 3.7597594e-14
4177.5 3.6997586e-14
4180.0 3.6711265e-14
4182.5 3.5955566e-14
4185.0 3.6236473e-14
4187.5 3.6718597e-14
4190.0 3.66593e-14
4192.5 3.6332086e-14
4195.0 3.611113e-14
4197.5 3.538643e-14
4200.0 3.480199e-14
4202.5 3.45526e-14
4205.0 3.5503176e-14
4207.5 3.603485e-14
4210.0 3.5336497e-14
4212.5 3.576673e-14
4215.0 3.5633223e-14
4217.5 3.5579663e-14
4220.0 3.5726854e-14
4222.5 3.613072e-14
4225.0 3.5668842e-14
4227.5 3.5123827e-14
4230.0 3.546461e-14
4232.5 3.6334e-14
4235.0 3.6796656e-14
4237.5 3.6627358e-14
4240.0 3.6445717e-14
4242.5 3.70314e-14
4245.0 3.697883e-14
4247.5 3.62719e-14
4250.0 3.6449237e-14
4252.5 3.6240772e-14
4255.0 3.575864e-14
4257.5 3.5406634e-14
4260.0 3.5225478e-14
4262.5 3.6110654e-14
4265.0 3.6449234e-14
4267.5 3.6033103e-14
4270.0 3.6361698e-14
4272.5 3.6113663e-14
4275.0 3.5919577e-14
4277.5 3.681241e-14
4280.0 3.70799e-14
4282.5 3.709114e-14
4285.0 3.634821e-14
4287.5 3.632084e-14
4290.0 3.6988977e-14
4292.5 3.8420015e-14
4295.0 3.8221843e-14
4297.5 3.8917003e-14
4300.0 3.7911806e-14
4302.5 3.7603702e-14
4305.0 3.8597428e-14
4307.5 3.858158e-14
4310.0 3.8938376e-14
4312.5 3.910315e-14
4315.0 3.996456e-14
4317.5 4.081975e-14
4320.0 4.190316e-14
4322.5 4.1200414e-14
4325.0 4.1964946e-14
4327.5 4.2498364e-14
4330.0 4.320598e-14
4332.5 4.57325e-14
4335.0 4.5983843e-14
4337.5 4.6445595e-14
4340.0 4.7217787e-14
4342.5 4.7926144e-14
4345.0 4.7343416e-14
4347.5 4.624033e-14
4350.0 4.462626e-14
4352.5 4.4522796e-14
4355.0 4.401855e-14
4357.5 4.456476e-14
4360.0 4.3922863e-14
4362.5 4.2620702e-14
4365.0 4.242004e-14
4367.5 4.106312e-14
4370.0 4.07143e-14
4372.5 4.0431776e-14
4375.0 3.819717e-14
4377.5 3.735753e-14
4380.0 3.779402e-14
4382.5 3.7441377e-14
4385.0 3.6496973e-14
4387.5 3.6582906e-14
4390.0 3.6096936e-14
4392.5 3.6017044e-14
4395.0 3.6808776e-14
4397.5 3.6444355e-14
4400.0 3.596425e-14
4402.5 3.5586067e-14
4405.0 3.558732e-14
4407.5 3.519339e-14
4410.0 3.5536325e-14
4412.5 3.5256432e-14
4415.0 3.4667744e-14
4417.5 3.5493042e-14
4420.0 3.4907458e-14
4422.5 3.3343428e-14
4425.0 3.4800535e-14
4427.5 3.3887152e-14
4430.0 3.2779484e-14
4432.5 3.3772596e-14
4435.0 3.3649194e-14
4437.5 3.3907393e-14
4440.0 3.3560936e-14
4442.5 3.3666046e-14
4445.0 3.415445e-14
4447.5 3.408372e-14
4450.0 3.3529704e-14
4452.5 3.3400877e-14
4455.0 3.3365773e-14
4457.5 3.4059852e-14
4460.0 3.4465683e-14
4462.5 3.4335375e-14
4465.0 3.467384e-14
4467.5 3.528958e-14
4470.0 3.570944e-14
4472.5 3.4850012e-14
4475.0 3.5139416e-14
4477.5 3.536258e-14
4480.0 3.4926702e-14
4482.5 3.427368e-14
4485.0 3.3908586e-14
4487.5 3.451886e-14
4490.0 3.5285397e-14
4492.5 3.5255656e-14
4495.0 3.531067e-14
4497.5 3.4886458e-14
4500.0 3.5392953e-14
4502.5 3.5304462e-14
4505.0 3.5193775e-14
4507.5 3.4941586e-14
4510.0 3.6168822e-14
4512.5 3.6079738e-14
4515.0 3.694571e-14
4517.5 3.7567056e-14
4520.0 3.670659e-14
4522.5 3.6088855e-14
4525.0 3.573815e-14
4527.5 3.4924022e-14
4530.0 3.4948796e-14
4532.5 3.5192545e-14
4535.0 3.4171623e-14
4537.5 3.4795646e-14
4540.0 3.455708e-14
4542.5 3.490562e-14
4545.0 3.682147e-14
4547.5 3.4631223e-14
4550.0 3.579737e-14
4552.5 3.494266e-14
4555.0 3.509576e-14
4557.5 3.5813962e-14
4560.0 3.608172e-14
4562.5 3.5962674e-14
4565.0 3.5882528e-14
4567.5 3.484236e-14
4570.0 3.3848626e-14
4572.5 3.4062176e-14
4575.0 3.5295084e-14
4577.5 3.5316253e-14
4580.0 3.6186616e-14
4582.5 3.556045e-14
4585.0 3.4797862e-14
4587.5 3.4762422e-14
4590.0 3.418807e-14
4592.5 3.5091298e-14
4595.0 3.466082e-14
4597.5 3.4479767e-14
4600.0 3.3724427e-14
4602.5 3.3417317e-14
4605.0 3.2944662e-14
4607.5 3.4123112e-14
4610.0 3.3047407e-14
4612.5 3.3577596e-14
4615.0 3.3887965e-14
4617.5 3.448529e-14
4620.0 3.474876e-14
4622.5 3.4845116e-14
4625.0 3.480443e-14
4627.5 3.4048637e-14
4630.0 3.4345404e-14
4632.5 3.3813186e-14
4635.0 3.4775097e-14
4637.5 3.3305014e-14
4640.0 3.3928847e-14
4642.5 3.3147994e-14
4645.0 3.421428e-14
4647.5 3.354208e-14
4650.0 3.3254148e-14
4652.5 3.356448e-14
4655.0 3.458259e-14
4657.5 3.3759027e-14
4660.0 3.2914582e-14
4662.5 3.3020858e-14
4665.0 3.384788e-14
4667.5 3.2953054e-14
4670.0 3.264695e-14
4672.5 3.254488e-14
4675.0 3.2792227e-14
4677.5 3.30387e-14
4680.0 3.290916e-14
4682.5 3.3297404e-14
4685.0 3.3832793e-14
4687.5 3.2418556e-14
4690.0 3.13859e-14
4692.5 3.1896022e-14
4695.0 3.1557917e-14
4697.5 3.0803414e-14
4700.0 3.1343475e-14
4702.5 3.066324e-14
4705.0 3.0946603e-14
4707.5 2.979072e-14
4710.0 3.0334073e-14
4712.5 3.0525854e-14
4715.0 3.1104185e-14
4717.5 3.0875533e-14
4720.0 3.1001833e-14
4722.5 3.0313164e-14
4725.0 3.0680885e-14
4727.5 3.1137876e-14
4730.0 2.994834e-14
4732.5 3.0459027e-14
4735.0 3.0489608e-14
4737.5 3.121325e-14
4740.0 3.0793202e-14
4742.5 3.1035755e-14
4745.0 3.0196037e-14
4747.5 2.9555758e-14
4750.0 2.9204988e-14
4752.5 2.866631e-14
4755.0 2.930121e-14
4757.5 3.020791e-14
4760.0 2.94077e-14
4762.5 2.9299154e-14
4765.0 2.935705e-14
4767.5 2.9259804e-14
4770.0 2.987504e-14
4772.5 2.9745358e-14
4775.0 3.030185e-14
4777.5 2.9891176e-14
4780.0 3.088747e-14
4782.5 3.0372e-14
4785.0 3.077319e-14
4787.5 2.9712523e-14
4790.0 3.0547176e-14
4792.5 2.9680177e-14
4795.0 3.1067532e-14
4797.5 3.0911153e-14
4800.0 3.1709976e-14
4802.5 3.240084e-14
4805.0 3.1560065e-14
4807.5 3.223357e-14
4810.0 3.194754e-14
4812.5 3.2541234e-14
4815.0 3.324561e-14
4817.5 3.4340427e-14
4820.0 3.548011e-14
4822.5 3.499449e-14
4825.0 3.5641517e-14
4827.5 3.559045e-14
4830.0 3.8433852e-14
4832.5 3.84765e-14
4835.0 3.8478776e-14
4837.5 3.8830958e-14
4840.0 3.974079e-14
4842.5 4.123064e-14
4845.0 4.265497e-14
4847.5 4.4785688e-14
4850.0 4.4405438e-14
4852.5 4.6725685e-14
4855.0 5.0146556e-14
4857.5 5.2606774e-14
4860.0 5.4750133e-14
4862.5 5.492643e-14
4865.0 5.2813846e-14
4867.5 5.1009845e-14
4870.0 4.9216534e-14
4872.5 4.7194883e-14
4875.0 4.554919e-14
4877.5 4.4156803e-14
4880.0 4.309653e-14
4882.5 4.144141e-14
4885.0 4.1031123e-14
4887.5 3.8446266e-14
4890.0 3.8010004e-14
4892.5 3.73943e-14
4895.0 3.7291225e-14
4897.5 3.6759177e-14
4900.0 3.697988e-14
4902.5 3.5812702e-14
4905.0 3.5651535e-14
4907.5 3.377779e-14
4910.0 3.3235825e-14
4912.5 3.425043e-14
4915.0 3.4439506e-14
4917.5 3.3708062e-14
4920.0 3.2989402e-14
4922.5 3.379181e-14
4925.0 3.2564036e-14
4927.5 3.2082735e-14
4930.0 3.1944174e-14
4932.5 3.2243197e-14
4935.0 3.0931383e-14
4937.5 3.1276373e-14
4940.0 3.0707645e-14
4942.5 3.0884553e-14
4945.0 3.164501e-14
4947.5 3.1377085e-14
4950.0 3.1296712e-14
4952.5 3.4272627e-14
4955.0 3.7274196e-14
4957.5 4.0974307e-14
4960.0 4.1192e-14
4962.5 3.8127457e-14
4965.0 3.378847e-14
4967.5 3.2073926e-14
4970.0 2.982581e-14
4972.5 3.0075863e-14
4975.0 2.9288217e-14
4977.5 2.8296432e-14
4980.0 2.887847e-14
4982.5 2.9460182e-14
4985.0 2.7946978e-14
4987.5 2.895975e-14
4990.0 2.994413e-14
4992.5 3.2059845e-14
4995.0 3.3000993e-14
4997.5 3.4876656e-14
5000.0 4.0442876e-14
5002.5 4.7003752e-14
5005.0 5.743697e-14
5007.5 6.276411e-14
5010.0 5.788774e-14
5012.5 4.463724e-14
5015.0 3.7946788e-14
5017.5 3.364092e-14
5020.0 3.1891468e-14
5022.5 2.9560237e-14
5025.0 2.9746794e-14
5027.5 2.973837e-14
5030.0 2.8857677e-14
5032.5 2.8202142e-14
5035.0 2.8132004e-14
5037.5 2.8065549e-14
5040.0 2.7655107e-14
5042.5 2.6741926e-14
5045.0 2.762955e-14
5047.5 2.7667557e-14
5050.0 2.7307334e-14
5052.5 2.7251567e-14
5055.0 2.7343816e-14
5057.5 2.746206e-14
5060.0 2.7298102e-14
5062.5 2.708327e-14
5065.0 2.6802952e-14
5067.5 2.6695046e-14
5070.0 2.6578474e-14
5072.5 2.5977794e-14
5075.0 2.6666576e-14
5077.5 2.5503176e-14
5080.0 2.5401065e-14
5082.5 2.5173289e-14
5085.0 2.472238e-14
5087.5 2.547273e-14
5090.0 2.5938748e-14
5092.5 2.6251213e-14
5095.0 2.574355e-14
5097.5 2.5265605e-14
5100.0 2.6177704e-14
5102.5 2.528709e-14
5105.0 2.476737e-14
5107.5 2.5493266e-14
5110.0 2.4999983e-14
5112.5 2.518689e-14
5115.0 2.4622475e-14
5117.5 2.5278648e-14
5120.0 2.5788811e-14
5122.5 2.4645735e-14
5125.0 2.512866e-14
5127.5 2.5202217e-14
5130.0 2.4226608e-14
5132.5 2.5182411e-14
5135.0 2.4897424e-14
5137.5 2.52635e-14
5140.0 2.4686465e-14
5142.5 2.5405081e-14
5145.0 2.5471666e-14
5147.5 2.6423503e-14
5150.0 2.5734447e-14
5152.5 2.548459e-14
5155.0 2.691921e-14
5157.5 2.711743e-14
5160.0 2.7538391e-14
5162.5 2.6706717e-14
5165.0 2.7240735e-14
5167.5 2.5446118e-14
5170.0 2.6204796e-14
5172.5 2.6529785e-14
5175.0 2.7163201e-14
5177.5 2.8293575e-14
5180.0 2.5871339e-14
5182.5 2.594171e-14
5185.0 2.534457e-14
5187.5 2.5651566e-14
5190.0 2.5500042e-14
5192.5 2.5549307e-14
5195.0 2.698218e-14
5197.5 2.758996e-14
5200.0 2.6334934e-14
5202.5 2.5845277e-14
5205.0 2.494969e-14
5207.5 2.4692432e-14
5210.0 2.5543027e-14
5212.5 2.4235442e-14
5215.0 2.555694e-14
5217.5 2.6260613e-14
5220.0 2.579057e-14
5222.5 2.656202e-14
5225.0 2.5510906e-14
5227.5 2.4810974e-14
5230.0 2.5887992e-14
5232.5 2.5548242e-14
5235.0 2.5768546e-14
5237.5 2.4832067e-14
5240.0 2.57057e-14
5242.5 2.6399955e-14
5245.0 2.4582333e-14
5247.5 2.482318e-14
5250.0 2.5193972e-14
5252.5 2.5558347e-14
5255.0 2.605698e-14
5257.5 2.5677096e-14
5260.0 2.4405643e-14
5262.5 2.6139105e-14
5265.0 2.5388852e-14
5267.5 2.507299e-14
5270.0 2.5553798e-14
5272.5 2.5571593e-14
5275.0 2.5202105e-14
5277.5 2.57479e-14
5280.0 2.5128498e-14
5282.5 2.6302745e-14
5285.0 2.5360046e-14
5287.5 2.5744225e-14
5290.0 2.5117629e-14
5292.5 2.6539106e-14
5295.0 2.619697e-14
5297.5 2.664129e-14
5300.0 2.4990487e-14
5302.5 2.43365e-14
5305.0 2.4328806e-14
5307.5 2.6517669e-14
5310.0 2.703146e-14
5312.5 2.5662667e-14
5315.0 2.4939118e-14
5317.5 2.5709595e-14
5320.0 2.6396421e-14
5322.5 2.5355311e-14
5325.0 2.5611493e-14
5327.5 2.5070517e-14
5330.0 2.4702245e-14
5332.5 2.467893e-14
5335.0 2.4418029e-14
5337.5 2.3641208e-14
5340.0 2.4097042e-14
5342.5 2.4408059e-14
5345.0 2.4986317e-14
5347.5 2.3487368e-14
5350.0 2.3453558e-14
5352.5 2.3424376e-14
5355.0 2.3604479e-14
5357.5 2.4169804e-14
5360.0 2.4062197e-14
5362.5 2.2329691e-14
5365.0 2.3529542e-14
5367.5 2.4726667e-14
5370.0 2.2242628e-14
5372.5 2.2117453e-14
5375.0 2.2889048e-14
5377.5 2.3144438e-14
5380.0 2.3343398e-14
5382.5 2.4055327e-14
5385.0 2.33078e-14
5387.5 2.29372e-14
5390.0 2.2542525e-14
5392.5 2.2853391e-14
5395.0 2.2708669e-14
5397.5 2.2314639e-14
5400.0 2.2495843e-14
5402.5 2.2380498e-14
5405.0 2.202479e-14
5407.5 2.1748296e-14
5410.0 2.246065e-14
5412.5 2.3119192e-14
5415.0 2.2961088e-14
5417.5 2.2530599e-14
5420.0 2.2814378e-14
5422.5 2.2487151e-14
5425.0 2.2180828e-14
5427.5 2.1851219e-14
5430.0 2.1756753e-14
5432.5 2.1781991e-14
5435.0 2.012411e-14
5437.5 2.281007e-14
5440.0 2.1928655e-14
5442.5 2.3218657e-14
5445.0 2.0626633e-14
5447.5 2.2735811e-14
5450.0 2.2883622e-14
5452.5 2.2612827e-14
5455.0 2.1429581e-14
5457.5 2.1430005e-14
5460.0 2.141321e-14
5462.5 2.2856501e-14
5465.0 2.0067273e-14
5467.5 1.9281846e-14
5470.0 2.1036629e-14
5472.5 2.0148254e-14
5475.0 2.035535e-14
5477.5 2.1768459e-14
5480.0 2.0460757e-14
5482.5 2.1150992e-14
5485.0 2.1712555e-14
5487.5 2.1637065e-14
5490.0 2.1765636e-14
5492.5 2.2086782e-14
5495.0 2.2501869e-14
5497.5 2.072616e-14
5500.0 2.175035e-14
5502.5 2.2345239e-14
5505.0 2.1733451e-14
5507.5 2.117474e-14
5510.0 2.037154e-14
5512.5 2.1369715e-14
5515.0 2.057931e-14
5517.5 2.0843868e-14
5520.0 2.1597002e-14
5522.5 2.1932219e-14
5525.0 2.2259973e-14
5527.5 2.2069039e-14
5530.0 2.1749871e-14
5532.5 2.1983813e-14
5535.0 2.1012851e-14
5537.5 2.266179e-14
5540.0 2.209852e-14
5542.5 2.185237e-14
5545.0 2.2559013e-14
5547.5 2.2284378e-14
5550.0 2.1217933e-14
5552.5 2.1465185e-14
5555.0 2.1655939e-14
5557.5 2.0593777e-14
5560.0 2.0185717e-14
5562.5 2.0172113e-14
5565.0 2.031124e-14
5567.5 2.1242221e-14
5570.0 2.0916357e-14
5572.5 2.1689588e-14
5575.0 2.0469564e-14
5577.5 2.2033013e-14
5580.0 2.2946472e-14
5582.5 2.1124951e-14
5585.0 2.174629e-14
5587.5 2.1333563e-14
5590.0 2.09108e-14
5592.5 2.218658e-14
5595.0 2.3675753e-14
5597.5 2.376592e-14
5600.0 2.339487e-14
5602.5 2.1599423e-14
5605.0 2.219686e-14
5607.5 2.2425167e-14
5610.0 2.1690347e-14
5612.5 2.1231545e-14
5615.0 2.0704916e-14
5617.5 2.0240178e-14
5620.0 2.0700321e-14
5622.5 2.0517086e-14
5625.0 1.9761123e-14
5627.5 2.0546663e-14
5630.0 2.0928582e-14
5632.5 2.1396386e-14
5635.0 2.0101496e-14
5637.5 2.0061145e-14
5640.0 2.056368e-14
5642.5 1.8467412e-14
5645.0 1.8876886e-14
5647.5 1.9482095e-14
5650.0 2.0315074e-14
5652.5 2.0969336e-14
5655.0 1.9312273e-14
5657.5 2.0406733e-14
5660.0 2.027029e-14
5662.5 1.9651383e-14
5665.0 2.0213128e-14
5667.5 1.9924742e-14
5670.0 1.8846403e-14
5672.5 2.2536536e-14
5675.0 2.0589118e-14
5677.5 2.0115228e-14
5680.0 2.055244e-14
5682.5 1.9887805e-14
5685.0 1.9509495e-14
5687.5 1.8607852e-14
5690.0 1.9584311e-14
5692.5 2.0086538e-14
5695.0 1.9036611e-14
5697.5 1.837486e-14
5700.0 1.9612197e-14
5702.5 1.9539849e-14
5705.0 1.8920588e-14
5707.5 2.0936903e-14
5710.0 1.9374925e-14
5712.5 1.931664e-14
5715.0 1.8764804e-14
5717.5 1.8221449e-14
5720.0 1.9232666e-14
5722.5 1.8984932e-14
5725.0 2.0158917e-14
5727.5 1.8559127e-14
5730.0 1.9779012e-14
5732.5 1.8947197e-14
5735.0 1.7251805e-14
5737.5 1.694863e-14
5740.0 1.7364228e-14
5742.5 1.8241307e-14
5745.0 1.851484e-14
5747.5 1.8757758e-14
5750.0 1.9663946e-14
5752.5 1.9339175e-14
5755.0 1.9483894e-14
5757.5 1.9023491e-14
5760.0 1.732652e-14
5762.5 1.8150207e-14
5765.0 1.7833986e-14
5767.5 1.9819009e-14
5770.0 1.9347205e-14
5772.5 1.902249e-14
5775.0 1.8285744e-14
5777.5 1.9615514e-14
5780.0 1.9672369e-14
5782.5 1.8456262e-14
5785.0 1.867556e-14
5787.5 1.8568138e-14
5790.0 1.8662235e-14
5792.5 1.7819813e-14
5795.0 1.8481287e-14
5797.5 1.9315326e-14
5800.0 1.9979334e-14
5802.5 1.806452e-14
5805.0 2.055763e-14
5807.5 2.1034733e-14
5810.0 1.9614178e-14
5812.5 1.8643436e-14
5815.0 1.8393796e-14
5817.5 1.7550882e-14
5820.0 1.771035e-14
5822.5 1.8510816e-14
5825.0 1.8978759e-14
5827.5 1.8244271e-14
5830.0 1.8182441e-14
5832.5 1.7951896e-14
5835.0 1.6827953e-14
5837.5 1.887432e-14
5840.0 2.091916e-14
5842.5 1.9450636e-14
5845.0 1.9947155e-14
5847.5 1.9916912e-14
5850.0 2.0467811e-14
5852.5 1.9021566e-14
5855.0 1.9788914e-14
5857.5 2.126948e-14
5860.0 1.7574638e-14
5862.5 1.9360932e-14
5865.0 1.9823625e-14
5867.5 2.1094819e-14
5870.0 2.1581502e-14
5872.5 2.0847483e-14
5875.0 2.1747388e-14
5877.5 2.105308e-14
5880.0 1.8812336e-14
5882.5 1.8089725e-14
5885.0 2.0766932e-14
5887.5 1.9145401e-14
5890.0 1.8202533e-14
5892.5 2.0218858e-14
5895.0 1.9720377e-14
5897.5 1.7759067e-14
5900.0 1.8080274e-14
5902.5 1.930341e-14
5905.0 1.7970316e-14
5907.5 1.854088e-14
5910.0 1.9541736e-14
5912.5 1.9679022e-14
5915.0 1.9482781e-14
5917.5 1.7904535e-14
5920.0 1.8074479e-14
5922.5 1.7405841e-14
5925.0 1.7102624e-14
5927.5 1.8602746e-14
5930.0 1.859086e-14
5932.5 1.9430997e-14
5935.0 1.9069834e-14
5937.5 1.9459735e-14
5940.0 1.8985722e-14
5942.5 1.8576823e-14
5945.0 1.7565456e-14
5947.5 1.6070519e-14
5950.0 1.8012234e-14
5952.5 1.735809e-14
5955.0 1.7298312e-14
5957.5 1.7654786e-14
5960.0 1.6356586e-14
5962.5 1.6082733e-14
5965.0 1.8088138e-14
5967.5 1.7015155e-14
5970.0 1.7623061e-14
5972.5 1.8183477e-14
5975.0 1.6948294e-14
5977.5 1.6880584e-14
5980.0 1.7870718e-14
5982.5 1.7640833e-14
5985.0 1.4958881e-14
5987.5 1.821205e-14
5990.0 1.8263511e-14
5992.5 1.9600529e-14
5995.0 1.9050328e-14
5997.5 1.786032e-14
6000.0 1.584308e-14
