# %ECSV 1.0
# ---
# datatype:
# - {name: wavelength, unit: angstrom, datatype: float32}
# - {name: flux, unit: flam, datatype: float32}
# schema: astropy-2.0
wavelength flux
1235.0 1.6444459e-14
1240.0 1.8643436e-14
1245.0 1.8239865e-14
1250.0 1.7166664e-14
1255.0 1.1808379e-14
1260.0 1.1937958e-14
1265.0 1.4579258e-14
1270.0 1.813268e-14
1275.0 1.7573365e-14
1280.0 1.6889073e-14
1285.0 1.3755016e-14
1290.0 1.2403575e-14
1295.0 1.1737646e-14
1300.0 1.1917685e-14
1305.0 1.5090488e-14
1310.0 1.529943e-14
1315.0 1.6289558e-14
1320.0 1.5933616e-14
1325.0 1.35443075e-14
1330.0 1.2265628e-14
1335.0 1.1494136e-14
1340.0 1.2556107e-14
1345.0 1.3919002e-14
1350.0 1.566093e-14
1355.0 1.503601e-14
1360.0 1.4768111e-14
1365.0 1.2673115e-14
1370.0 1.0264061e-14
1375.0 1.0712551e-14
1380.0 8.951479e-15
1385.0 9.907348e-15
1390.0 8.170283e-15
1395.0 9.653398e-15
1400.0 1.1740019e-14
1405.0 1.4282126e-14
1410.0 1.1326736e-14
1415.0 1.2396548e-14
1420.0 1.20339224e-14
1425.0 9.071295e-15
1430.0 1.0857227e-14
1435.0 9.776982e-15
1440.0 1.1471744e-14
1445.0 1.6455912e-14
1450.0 1.5033005e-14
1455.0 1.3421321e-14
1460.0 1.4303498e-14
1465.0 1.8139446e-14
1470.0 1.6112994e-14
1475.0 1.7340718e-14
1480.0 1.6231177e-14
1485.0 1.675226e-14
1490.0 1.6105386e-14
1495.0 1.6473558e-14
1500.0 1.508731e-14
1505.0 1.7763008e-14
1510.0 1.425859e-14
1515.0 1.4650246e-14
1520.0 1.035923e-14
1525.0 1.1665597e-14
1530.0 8.434156e-15
1535.0 9.798002e-15
1540.0 1.1062512e-14
1545.0 2.1129823e-14
1550.0 3.053886e-14
1555.0 2.3399133e-14
1560.0 2.2799405e-14
1565.0 1.3618866e-14
1570.0 1.4132964e-14
1575.0 1.251218e-14
1580.0 1.2285602e-14
1585.0 1.2503171e-14
1590.0 9.7904955e-15
1595.0 8.691306e-15
1600.0 1.0941595e-14
1605.0 1.0338867e-14
1610.0 1.01713495e-14
1615.0 9.2036415e-15
1620.0 8.199959e-15
1625.0 1.0435602e-14
1630.0 1.1122751e-14
1635.0 1.8403532e-14
1640.0 2.6509634e-14
1645.0 1.8351877e-14
1650.0 2.0001457e-14
1655.0 1.4366202e-14
1660.0 1.2189293e-14
1665.0 1.1809519e-14
1670.0 1.1015535e-14
1675.0 1.2001171e-14
1680.0 1.44609e-14
1685.0 1.461917e-14
1690.0 1.3835961e-14
1695.0 1.3554662e-14
1700.0 1.2162048e-14
1705.0 1.1551016e-14
1710.0 1.3985608e-14
1715.0 1.3435298e-14
1720.0 1.3706142e-14
1725.0 1.4194237e-14
1730.0 1.5145764e-14
1735.0 1.6444425e-14
1740.0 1.604006e-14
1745.0 1.6221951e-14
1750.0 1.852517e-14
1755.0 1.8170585e-14
1760.0 1.5458929e-14
1765.0 1.465501e-14
1770.0 1.3043742e-14
1775.0 1.204082e-14
1780.0 1.2073836e-14
1785.0 1.1478673e-14
1790.0 1.3126641e-14
1795.0 1.3603773e-14
1800.0 1.4481558e-14
1805.0 1.37159274e-14
1810.0 1.2413902e-14
1815.0 1.36853e-14
1820.0 1.459351e-14
1825.0 1.3297493e-14
1830.0 1.2679934e-14
1835.0 1.3791884e-14
1840.0 1.2427212e-14
1845.0 1.1472022e-14
1850.0 1.0996659e-14
1855.0 1.2506272e-14
1860.0 1.3700364e-14
1865.0 1.399919e-14
1870.0 1.3818533e-14
1875.0 1.449702e-14
1880.0 1.31591955e-14
1885.0 1.3430105e-14
1890.0 1.2311368e-14
1895.0 1.2512289e-14
1900.0 1.3862633e-14
1905.0 1.875109e-14
1910.0 1.7841307e-14
1915.0 1.423888e-14
1920.0 1.3995042e-14
1925.0 1.2449418e-14
1930.0 1.29634174e-14
1935.0 1.4532622e-14
1940.0 1.39052545e-14
1945.0 1.3162779e-14
1950.0 1.1144511e-14
1955.0 1.328611e-14
1960.0 1.39128905e-14
1965.0 9.868199e-15
1970.0 6.1357216e-15
1975.0 1.1665801e-14
1980.0 1.4441226e-14
1985.0 7.7311086e-15
1990.0 6.8747273e-15
1995.0 8.204462e-15
2000.0 7.529981e-15
2005.0 4.4233276e-15
2010.0 7.541449e-15
2015.0 1.3570685e-14
2020.0 1.1275616e-14
2025.0 1.5177728e-14
2030.0 1.0793141e-14
2035.0 1.5232719e-14
2040.0 1.0490307e-14
2045.0 1.13201235e-14
2050.0 8.132194e-15
2055.0 1.0419756e-14
2060.0 1.0100482e-14
2065.0 9.886636e-15
2070.0 1.1741462e-14
2075.0 1.028073e-14
2080.0 1.0910308e-14
2085.0 1.6114973e-14
2090.0 1.0912345e-14
2095.0 5.9959074e-15
2100.0 1.1759989e-14
2105.0 1.2004571e-14
2110.0 9.264352e-15
2115.0 1.38722855e-14
2120.0 9.302309e-15
2125.0 1.467317e-14
2130.0 8.286938e-15
2135.0 5.2788576e-15
2140.0 8.628211e-15
2145.0 1.5159073e-14
2150.0 1.520742e-14
2155.0 9.880927e-15
2160.0 1.2275113e-14
2165.0 1.0703006e-14
2170.0 1.0773699e-14
2175.0 1.4224473e-14
2180.0 1.2428222e-14
2185.0 9.263598e-15
2190.0 1.1225144e-14
2195.0 1.0499756e-14
2200.0 7.632613e-15
2205.0 1.2447313e-14
2210.0 1.1268685e-14
2215.0 1.05553765e-14
2220.0 9.9459735e-15
2225.0 1.1549849e-14
2230.0 1.2939244e-14
2235.0 6.6778765e-15
2240.0 9.943266e-15
2245.0 1.5150988e-14
2250.0 1.5470306e-14
2255.0 1.5375105e-14
2260.0 1.2182576e-14
2265.0 1.084217e-14
2270.0 1.4587583e-14
2275.0 1.1400199e-14
2280.0 9.462721e-15
2285.0 7.0951672e-15
2290.0 9.9570095e-15
2295.0 1.0054673e-14
2300.0 1.179366e-14
2305.0 1.5072572e-14
2310.0 8.1575736e-15
2315.0 1.0983434e-14
2320.0 9.4572796e-15
2325.0 1.2682968e-14
2330.0 1.5076478e-14
2335.0 1.2984302e-14
2340.0 1.2801214e-14
2345.0 6.5070774e-15
2350.0 3.0401694e-15
2355.0 7.178085e-15
2360.0 1.1735791e-14
2365.0 9.7816635e-15
2370.0 1.0401468e-14
2375.0 1.12411276e-14
2380.0 9.631905e-15
2385.0 9.6625165e-15
2390.0 1.0649693e-14
2395.0 1.1394217e-14
2400.0 9.806913e-15
2405.0 1.0979575e-14
2410.0 1.1275418e-14
2415.0 1.244335e-14
2420.0 1.6105849e-14
2425.0 2.0210687e-14
2430.0 1.9526295e-14
2435.0 1.5102191e-14
2440.0 1.441835e-14
2445.0 1.727584e-14
2450.0 1.6559623e-14
2455.0 1.3206903e-14
2460.0 1.15658385e-14
2465.0 1.16371705e-14
2470.0 1.3672444e-14
2475.0 1.3422323e-14
2480.0 1.3781047e-14
2485.0 1.23109615e-14
2490.0 1.2704601e-14
2495.0 1.349704e-14
2500.0 1.25383915e-14
2505.0 1.3686955e-14
2510.0 1.21809445e-14
2515.0 1.2788936e-14
2520.0 1.3053171e-14
2525.0 1.1741205e-14
2530.0 1.15039085e-14
2535.0 1.3426597e-14
2540.0 1.3067826e-14
2545.0 1.1620623e-14
2550.0 1.04480066e-14
2555.0 1.0402153e-14
2560.0 1.2787533e-14
2565.0 1.0501924e-14
2570.0 9.8259905e-15
2575.0 1.1369149e-14
2580.0 1.14876e-14
2585.0 1.2822399e-14
2590.0 1.10133324e-14
2595.0 1.1150899e-14
2600.0 1.1549646e-14
2605.0 1.1266409e-14
2610.0 1.2051878e-14
2615.0 1.2954086e-14
2620.0 1.3219001e-14
2625.0 1.343217e-14
2630.0 1.21820685e-14
2635.0 1.2427295e-14
2640.0 1.3852561e-14
2645.0 1.4664153e-14
2650.0 1.4526591e-14
2655.0 1.3171222e-14
2660.0 1.22073465e-14
2665.0 1.1061492e-14
2670.0 1.3535743e-14
2675.0 1.4299132e-14
2680.0 1.4679198e-14
2685.0 1.3487204e-14
2690.0 1.2355078e-14
2695.0 1.3285555e-14
2700.0 1.26786534e-14
2705.0 1.310032e-14
2710.0 1.3099486e-14
2715.0 1.2645899e-14
2720.0 1.1786593e-14
2725.0 1.2597202e-14
2730.0 1.2950757e-14
2735.0 1.3731929e-14
2740.0 1.4962134e-14
2745.0 1.4168202e-14
2750.0 1.353622e-14
2755.0 1.3386087e-14
2760.0 1.2958351e-14
2765.0 1.2200863e-14
2770.0 1.2580393e-14
2775.0 1.423069e-14
2780.0 1.5008169e-14
2785.0 1.4001804e-14
2790.0 1.3681605e-14
2795.0 1.17280885e-14
2800.0 1.4364562e-14
2805.0 1.3735758e-14
2810.0 1.3112524e-14
2815.0 1.4041955e-14
2820.0 1.3886855e-14
2825.0 1.4114852e-14
2830.0 1.3540114e-14
2835.0 1.2591422e-14
2840.0 1.3547342e-14
2845.0 1.23338805e-14
2850.0 1.299928e-14
2855.0 1.2646342e-14
2860.0 1.2800876e-14
2865.0 1.35857715e-14
2870.0 1.343813e-14
2875.0 1.3311429e-14
2880.0 1.4629414e-14
2885.0 1.3961369e-14
2890.0 1.4111877e-14
2895.0 1.2978315e-14
2900.0 1.4853189e-14
2905.0 1.419782e-14
2910.0 1.2197487e-14
2915.0 1.4915783e-14
2920.0 1.5264228e-14
2925.0 1.5136589e-14
2930.0 1.6434606e-14
2935.0 1.5157109e-14
2940.0 1.436409e-14
2945.0 1.4297467e-14
2950.0 1.5994157e-14
2955.0 1.3914447e-14
2960.0 1.3323273e-14
2965.0 1.4456076e-14
2970.0 1.5912078e-14
2975.0 1.6807644e-14
2980.0 1.4521553e-14
2985.0 1.3957628e-14
2990.0 1.6283909e-14
2995.0 1.640241e-14
3000.0 1.6033122e-14
3005.0 1.471405e-14
3010.0 1.6537708e-14
3015.0 1.7058852e-14
3020.0 1.4832492e-14
3025.0 1.6773646e-14
3030.0 1.687936e-14
3035.0 1.7421748e-14
3040.0 1.9658637e-14
3045.0 1.8081148e-14
3050.0 1.739247e-14
3055.0 1.4501573e-14
3060.0 1.7460278e-14
3065.0 1.9887717e-14
3070.0 1.710375e-14
3075.0 1.9484365e-14
3080.0 1.8773996e-14
3085.0 1.6096513e-14
3090.0 1.5733178e-14
3095.0 1.6446556e-14
3100.0 1.441471e-14
3105.0 1.675421e-14
3110.0 1.7227954e-14
3115.0 1.5238607e-14
3120.0 1.39665204e-14
3125.0 1.7122466e-14
3130.0 1.526748e-14
3135.0 1.3544486e-14
3140.0 1.4991504e-14
3145.0 1.1724457e-14
3150.0 1.2884777e-14
3155.0 1.3978823e-14
3160.0 1.5484377e-14
3165.0 1.6629078e-14
3170.0 1.6443017e-14
3175.0 1.5176027e-14
3180.0 1.3688665e-14
3185.0 1.4091872e-14
3190.0 1.5469525e-14
3195.0 1.7354548e-14
3200.0 1.5670564e-14
3205.0 1.652874e-14
3210.0 1.5978641e-14
3215.0 1.4904255e-14
3220.0 1.556965e-14
3225.0 1.6012468e-14
3230.0 1.6617906e-14
3235.0 1.643623e-14
3240.0 1.6815434e-14
3245.0 1.6109632e-14
3250.0 1.4920497e-14
3255.0 1.4810032e-14
3260.0 1.6827583e-14
3265.0 1.7070321e-14
3270.0 1.60334e-14
3275.0 1.672675e-14
3280.0 1.5783734e-14
3285.0 1.6149938e-14
3290.0 1.6986634e-14
3295.0 1.7154304e-14
3300.0 1.7765035e-14
3305.0 1.7566921e-14
3310.0 1.7194733e-14
3315.0 1.7747451e-14
3320.0 1.7201078e-14
3325.0 1.772311e-14
3330.0 1.7595607e-14
3335.0 1.7307583e-14
3340.0 1.7654786e-14
3345.0 1.8427146e-14
3350.0 1.8197939e-14
3355.0 1.6821563e-14
3360.0 1.6873615e-14
3365.0 1.7710817e-14
3370.0 1.6886996e-14
3375.0 1.7068822e-14
3380.0 1.582121e-14
3385.0 1.618793e-14
3390.0 1.5952102e-14
3395.0 1.599616e-14
3400.0 1.6487634e-14
3405.0 1.6514593e-14
3410.0 1.6425299e-14
3415.0 1.6168746e-14
3420.0 1.6885031e-14
3425.0 1.9344317e-14
3430.0 2.0116645e-14
3435.0 1.831355e-14
3440.0 1.7383916e-14
3445.0 1.785326e-14
3450.0 1.9310364e-14
3455.0 1.8447758e-14
3460.0 1.7297856e-14
3465.0 1.6607472e-14
3470.0 1.648423e-14
3475.0 1.686117e-14
3480.0 1.607906e-14
3485.0 1.6267037e-14
3490.0 1.5784949e-14
3495.0 1.5946954e-14
3500.0 1.5980396e-14
3505.0 1.6567405e-14
3510.0 1.6092166e-14
3515.0 1.6478838e-14
3520.0 1.632042e-14
3525.0 1.6041572e-14
3530.0 1.6191807e-14
3535.0 1.6778877e-14
3540.0 1.6666254e-14
3545.0 1.6349367e-14
3550.0 1.627204e-14
3555.0 1.6457432e-14
3560.0 1.6246761e-14
3565.0 1.6210127e-14
3570.0 1.608941e-14
3575.0 1.6401438e-14
3580.0 1.6365967e-14
3585.0 1.608019e-14
3590.0 1.59118e-14
3595.0 1.6394809e-14
3600.0 1.7173261e-14
3605.0 1.6525984e-14
3610.0 1.663397e-14
3615.0 1.6839301e-14
3620.0 1.686043e-14
3625.0 1.6616848e-14
3630.0 1.6892524e-14
3635.0 1.7436983e-14
3640.0 1.7672434e-14
3645.0 1.7741332e-14
3650.0 1.7998906e-14
3655.0 1.7856557e-14
3660.0 1.7325417e-14
3665.0 1.8133276e-14
3670.0 1.8171264e-14
3675.0 1.8304826e-14
3680.0 1.787951e-14
3685.0 1.6926203e-14
3690.0 1.805742e-14
3695.0 1.9085416e-14
3700.0 1.7725094e-14
3705.0 1.8025332e-14
3710.0 1.8648428e-14
3715.0 2.0783768e-14
3720.0 2.5487501e-14
3725.0 3.8739404e-14
3730.0 4.7037623e-14
3735.0 3.61979e-14
3740.0 2.3379155e-14
3745.0 2.0500062e-14
3750.0 2.2144377e-14
3755.0 2.0411439e-14
3760.0 1.877041e-14
3765.0 1.9187488e-14
3770.0 1.921291e-14
3775.0 2.0561601e-14
3780.0 2.1660836e-14
3785.0 2.1295794e-14
3790.0 2.119465e-14
3795.0 2.0974496e-14
3800.0 2.073303e-14
3805.0 2.035589e-14
3810.0 2.139488e-14
3815.0 2.1715224e-14
3820.0 2.0652013e-14
3825.0 1.9625423e-14
3830.0 1.955088e-14
3835.0 1.9311721e-14
3840.0 1.9071423e-14
3845.0 1.9136783e-14
3850.0 2.11548e-14
3855.0 2.2820643e-14
3860.0 2.3437803e-14
3865.0 2.6992135e-14
3870.0 3.133157e-14
3875.0 2.8868702e-14
3880.0 2.4006728e-14
3885.0 2.1995497e-14
3890.0 2.450101e-14
3895.0 2.4121975e-14
3900.0 2.3127216e-14
3905.0 2.303502e-14
3910.0 2.3726289e-14
3915.0 2.3662292e-14
3920.0 2.3450725e-14
3925.0 2.3410234e-14
3930.0 2.2288393e-14
3935.0 2.1304026e-14
3940.0 2.053169e-14
3945.0 2.1022404e-14
3950.0 2.1834863e-14
3955.0 2.2219097e-14
3960.0 2.2373423e-14
3965.0 2.4198959e-14
3970.0 2.4417063e-14
3975.0 2.2654575e-14
3980.0 2.210721e-14
3985.0 2.4371476e-14
3990.0 2.599697e-14
3995.0 2.747171e-14
4000.0 2.8052793e-14
4005.0 2.827867e-14
4010.0 2.7794768e-14
4015.0 2.873595e-14
4020.0 2.8863125e-14
4025.0 2.9525986e-14
4030.0 2.8522137e-14
4035.0 2.8684693e-14
4040.0 2.8563255e-14
4045.0 2.9045732e-14
4050.0 2.9547e-14
4055.0 2.8861414e-14
4060.0 2.877908e-14
4065.0 2.85588e-14
4070.0 2.9013413e-14
4075.0 2.8587416e-14
4080.0 2.7256353e-14
4085.0 2.7661726e-14
4090.0 2.750648e-14
4095.0 2.7399175e-14
4100.0 2.7614628e-14
4105.0 2.8574043e-14
4110.0 2.7448133e-14
4115.0 2.7082794e-14
4120.0 2.7703122e-14
4125.0 2.824466e-14
4130.0 2.765122e-14
4135.0 2.801155e-14
4140.0 2.8505108e-14
4145.0 2.8835885e-14
4150.0 2.8471075e-14
4155.0 2.8651262e-14
4160.0 2.8197313e-14
4165.0 2.8800072e-14
4170.0 2.8490465e-14
4175.0 2.8363991e-14
4180.0 2.7944832e-14
4185.0 2.7921337e-14
4190.0 2.8362498e-14
4195.0 2.8148872e-14
4200.0 2.8992715e-14
4205.0 2.9178e-14
4210.0 2.958829e-14
4215.0 2.9638103e-14
4220.0 2.967581e-14
4225.0 2.952138e-14
4230.0 2.9468463e-14
4235.0 2.9511007e-14
4240.0 2.984219e-14
4245.0 3.0445918e-14
4250.0 3.065947e-14
4255.0 3.0779273e-14
4260.0 3.0898325e-14
4265.0 3.1433704e-14
4270.0 3.0908303e-14
4275.0 3.0833934e-14
4280.0 2.9689826e-14
4285.0 2.9899382e-14
4290.0 2.906953e-14
4295.0 2.8999464e-14
4300.0 2.8035364e-14
4305.0 2.7197522e-14
4310.0 2.707358e-14
4315.0 2.7724545e-14
4320.0 2.9067104e-14
4325.0 2.8885382e-14
4330.0 2.8619885e-14
4335.0 2.999757e-14
4340.0 3.2547526e-14
4345.0 3.408155e-14
4350.0 3.122785e-14
4355.0 3.0022348e-14
4360.0 3.073355e-14
4365.0 3.3169183e-14
4370.0 3.2055904e-14
4375.0 3.0340534e-14
4380.0 2.9502002e-14
4385.0 2.9552512e-14
4390.0 2.9215247e-14
4395.0 2.906845e-14
4400.0 2.9715918e-14
4405.0 2.9585434e-14
4410.0 2.8596452e-14
4415.0 3.0000467e-14
4420.0 3.0834e-14
4425.0 3.1310868e-14
4430.0 3.1049795e-14
4435.0 3.062253e-14
4440.0 3.0980735e-14
4445.0 3.1256048e-14
4450.0 3.182473e-14
4455.0 3.139645e-14
4460.0 3.1398447e-14
4465.0 3.141521e-14
4470.0 3.1518306e-14
4475.0 3.2678938e-14
4480.0 3.2816215e-14
4485.0 3.1866335e-14
4490.0 3.196235e-14
4495.0 3.132373e-14
4500.0 3.2031486e-14
4505.0 3.3348117e-14
4510.0 3.3896304e-14
4515.0 3.3882758e-14
4520.0 3.344551e-14
4525.0 3.2809296e-14
4530.0 3.2527444e-14
4535.0 3.2355903e-14
4540.0 3.270277e-14
4545.0 3.293844e-14
4550.0 3.2542304e-14
4555.0 3.2379644e-14
4560.0 3.3117874e-14
4565.0 3.4000072e-14
4570.0 3.4446767e-14
4575.0 3.447295e-14
4580.0 3.370688e-14
4585.0 3.4115468e-14
4590.0 3.3979174e-14
4595.0 3.3841267e-14
4600.0 3.3862155e-14
4605.0 3.3061488e-14
4610.0 3.3809625e-14
4615.0 3.4030098e-14
4620.0 3.4357852e-14
4625.0 3.462149e-14
4630.0 3.4369704e-14
4635.0 3.4132107e-14
4640.0 3.3984697e-14
4645.0 3.3210583e-14
4650.0 3.2976656e-14
4655.0 3.3432804e-14
4660.0 3.4500817e-14
4665.0 3.429318e-14
4670.0 3.257691e-14
4675.0 3.3294622e-14
4680.0 3.4325726e-14
4685.0 3.5989058e-14
4690.0 3.7074442e-14
4695.0 3.5686863e-14
4700.0 3.4292732e-14
4705.0 3.3119696e-14
4710.0 3.3786244e-14
4715.0 3.4056413e-14
4720.0 3.395322e-14
4725.0 3.355423e-14
4730.0 3.363863e-14
4735.0 3.359397e-14
4740.0 3.4553815e-14
4745.0 3.500387e-14
4750.0 3.528989e-14
4755.0 3.4316913e-14
4760.0 3.379396e-14
4765.0 3.416248e-14
4770.0 3.3766667e-14
4775.0 3.4458798e-14
4780.0 3.4672996e-14
4785.0 3.470918e-14
4790.0 3.4290994e-14
4795.0 3.3705992e-14
4800.0 3.4103864e-14
4805.0 3.4368718e-14
4810.0 3.468594e-14
4815.0 3.4547672e-14
4820.0 3.5455884e-14
4825.0 3.485981e-14
4830.0 3.4356493e-14
4835.0 3.397917e-14
4840.0 3.3438313e-14
4845.0 3.3045886e-14
4850.0 3.285335e-14
4855.0 3.4850937e-14
4860.0 4.1170565e-14
4865.0 4.988976e-14
4870.0 4.5770276e-14
4875.0 3.6698367e-14
4880.0 3.2437496e-14
4885.0 3.2822198e-14
4890.0 3.4302598e-14
4895.0 3.3391353e-14
4900.0 3.2090484e-14
4905.0 3.2011794e-14
4910.0 3.226154e-14
4915.0 3.2165764e-14
4920.0 3.2377794e-14
4925.0 3.312064e-14
4930.0 3.366206e-14
4935.0 3.382307e-14
4940.0 3.3354413e-14
4945.0 3.3192426e-14
4950.0 3.5340217e-14
4955.0 4.5346597e-14
4960.0 6.4104084e-14
4965.0 6.4606754e-14
4970.0 4.9206485e-14
4975.0 3.9284402e-14
4980.0 3.692965e-14
4985.0 4.022862e-14
4990.0 4.337233e-14
4995.0 3.9288373e-14
5000.0 4.738429e-14
5005.0 8.742548e-14
5010.0 1.3328685e-13
5015.0 1.12298774e-13
5020.0 6.530282e-14
5025.0 4.3128912e-14
5030.0 4.1998414e-14
5035.0 5.9077804e-14
5040.0 6.033987e-14
5045.0 3.9639604e-14
5050.0 3.356853e-14
5055.0 3.312377e-14
5060.0 3.290512e-14
5065.0 3.3980966e-14
5070.0 3.3199863e-14
5075.0 3.3094028e-14
5080.0 3.335302e-14
5085.0 3.2960654e-14
5090.0 3.3072815e-14
5095.0 3.3073763e-14
5100.0 3.2957683e-14
5105.0 3.3016795e-14
5110.0 3.3366356e-14
5115.0 3.3014552e-14
5120.0 3.3357126e-14
5125.0 3.3729387e-14
5130.0 3.3340938e-14
5135.0 3.34248e-14
5140.0 3.2801158e-14
5145.0 3.2740924e-14
5150.0 3.2528874e-14
5155.0 3.1993454e-14
5160.0 3.2453244e-14
5165.0 3.273036e-14
5170.0 3.1066712e-14
5175.0 3.0278036e-14
5180.0 2.981893e-14
5185.0 2.9635697e-14
5190.0 3.069342e-14
5195.0 3.144862e-14
5200.0 3.2066462e-14
5205.0 3.43203e-14
5210.0 3.296956e-14
5215.0 3.2293294e-14
5220.0 3.223534e-14
5225.0 3.279525e-14
5230.0 3.268468e-14
5235.0 3.259158e-14
5240.0 3.2683095e-14
5245.0 3.3415555e-14
5250.0 3.3936744e-14
5255.0 3.3818163e-14
5260.0 3.3381965e-14
5265.0 3.2832146e-14
5270.0 3.228571e-14
5275.0 3.2683244e-14
5280.0 3.3184264e-14
5285.0 3.3784834e-14
5290.0 3.4596712e-14
5295.0 3.5335877e-14
5300.0 3.473907e-14
5305.0 3.4833183e-14
5310.0 3.5563183e-14
5315.0 3.6177082e-14
5320.0 3.5892296e-14
5325.0 3.4561482e-14
5330.0 3.466805e-14
5335.0 3.4530152e-14
5340.0 3.491934e-14
5345.0 3.5574666e-14
5350.0 3.5463596e-14
5355.0 3.4721988e-14
5360.0 3.615302e-14
5365.0 3.5756988e-14
5370.0 3.5378967e-14
5375.0 3.5052863e-14
5380.0 3.4578335e-14
5385.0 3.4694097e-14
5390.0 3.5250082e-14
5395.0 3.4845194e-14
5400.0 3.3873237e-14
5405.0 3.4028752e-14
5410.0 3.4304628e-14
5415.0 3.5342006e-14
5420.0 3.5054177e-14
5425.0 3.4615333e-14
5430.0 3.4849477e-14
5435.0 3.5057254e-14
5440.0 3.549515e-14
5445.0 3.4912137e-14
5450.0 3.5097464e-14
5455.0 3.4757082e-14
5460.0 3.5038165e-14
5465.0 3.523755e-14
5470.0 3.468389e-14
5475.0 3.501986e-14
5480.0 3.4080804e-14
5485.0 3.4732284e-14
5490.0 3.510509e-14
5495.0 3.5387437e-14
5500.0 3.5281836e-14
5505.0 3.529307e-14
5510.0 3.5657878e-14
5515.0 3.532199e-14
5520.0 3.5932357e-14
5525.0 3.5867715e-14
5530.0 3.496377e-14
5535.0 3.5050477e-14
5540.0 3.5418927e-14
5545.0 3.542997e-14
5550.0 3.580413e-14
5555.0 3.5729676e-14
5560.0 3.420128e-14
5565.0 3.5039937e-14
5570.0 3.7243026e-14
5575.0 3.63029e-14
5580.0 3.648303e-14
5585.0 3.5648012e-14
5590.0 3.465252e-14
5595.0 3.5461024e-14
5600.0 3.586496e-14
5605.0 3.501786e-14
5610.0 3.4987038e-14
5615.0 3.5477074e-14
5620.0 3.437544e-14
5625.0 3.4662645e-14
5630.0 3.5769243e-14
5635.0 3.595667e-14
5640.0 3.513432e-14
5645.0 3.6829633e-14
5650.0 3.653418e-14
5655.0 3.6793742e-14
5660.0 3.57074e-14
5665.0 3.4783655e-14
5670.0 3.5524233e-14
5675.0 3.6785255e-14
5680.0 3.6563875e-14
5685.0 3.6786638e-14
5690.0 3.7189168e-14
5695.0 3.672739e-14
5700.0 3.660774e-14
5705.0 3.6054472e-14
5710.0 3.6333363e-14
5715.0 3.502678e-14
5720.0 3.510216e-14
5725.0 3.6938568e-14
5730.0 3.6691922e-14
5735.0 3.5591305e-14
5740.0 3.5688978e-14
5745.0 3.6409637e-14
5750.0 3.6720135e-14
5755.0 3.7502848e-14
5760.0 3.69677e-14
5765.0 3.6356348e-14
5770.0 3.58674e-14
5775.0 3.6931433e-14
5780.0 3.583977e-14
5785.0 3.592715e-14
5790.0 3.585362e-14
5795.0 3.6846943e-14
5800.0 3.6622134e-14
5805.0 3.6804e-14
5810.0 3.6932974e-14
5815.0 3.847963e-14
5820.0 3.818493e-14
5825.0 3.777817e-14
5830.0 3.796154e-14
5835.0 3.745454e-14
5840.0 3.696056e-14
5845.0 3.60921e-14
5850.0 3.7038884e-14
5855.0 3.690395e-14
5860.0 3.716288e-14
5865.0 3.6906706e-14
5870.0 3.5678325e-14
5875.0 3.830612e-14
5880.0 3.9470834e-14
5885.0 3.6592948e-14
5890.0 3.4790374e-14
5895.0 3.3652002e-14
5900.0 3.342598e-14
5905.0 3.496745e-14
5910.0 3.5523454e-14
5915.0 3.499995e-14
5920.0 3.467117e-14
5925.0 3.4202933e-14
5930.0 3.461982e-14
5935.0 3.4677414e-14
5940.0 3.526433e-14
5945.0 3.5653412e-14
5950.0 3.6609347e-14
5955.0 3.6507635e-14
5960.0 3.6637655e-14
5965.0 3.8322694e-14
5970.0 3.6909786e-14
5975.0 3.621992e-14
5980.0 3.6253508e-14
5985.0 3.613524e-14
5990.0 3.5532504e-14
5995.0 3.6664455e-14
6000.0 3.600376e-14
6005.0 3.7401526e-14
6010.0 3.662687e-14
6015.0 3.6785502e-14
6020.0 3.7661216e-14
6025.0 3.672497e-14
6030.0 3.6382786e-14
6035.0 3.7043116e-14
6040.0 3.7692573e-14
6045.0 3.7452395e-14
6050.0 3.766453e-14
6055.0 3.8189124e-14
6060.0 3.76441e-14
6065.0 3.7398815e-14
6070.0 3.933283e-14
6075.0 3.7891826e-14
6080.0 3.7674538e-14
6085.0 3.9406314e-14
6090.0 3.977641e-14
6095.0 3.8791585e-14
6100.0 3.85461e-14
6105.0 3.8531204e-14
6110.0 3.756021e-14
6115.0 3.8266184e-14
6120.0 3.7595114e-14
6125.0 3.6610953e-14
6130.0 3.8130638e-14
6135.0 3.736467e-14
6140.0 3.780116e-14
6145.0 3.821874e-14
6150.0 3.8393368e-14
6155.0 3.71588e-14
6160.0 3.7156598e-14
6165.0 3.6227084e-14
6170.0 3.595667e-14
6175.0 3.628696e-14
6180.0 3.8100924e-14
6185.0 3.8463658e-14
6190.0 3.7339323e-14
6195.0 3.568851e-14
6200.0 3.4197675e-14
6205.0 3.512622e-14
6210.0 3.77059e-14
6215.0 3.6742876e-14
6220.0 3.562219e-14
6225.0 3.6486713e-14
6230.0 3.6698123e-14
6235.0 3.755955e-14
6240.0 3.766949e-14
6245.0 3.66771e-14
6250.0 3.6333366e-14
6255.0 3.5503254e-14
6260.0 3.420353e-14
6265.0 3.5379594e-14
6270.0 2.9425914e-14
6275.0 2.9011373e-14
6280.0 2.9366402e-14
6285.0 2.9283264e-14
6290.0 3.592928e-14
6295.0 3.6907194e-14
6300.0 3.9042232e-14
6305.0 4.1288086e-14
6310.0 3.968637e-14
6315.0 4.004389e-14
6320.0 3.931159e-14
6325.0 3.7693732e-14
6330.0 3.733547e-14
6335.0 3.0823444e-14
6340.0 2.6817846e-14
6345.0 3.337691e-14
6350.0 3.4985656e-14
6355.0 3.654228e-14
6360.0 3.7062475e-14
6365.0 3.8501097e-14
6370.0 3.8547114e-14
6375.0 3.817378e-14
6380.0 3.679455e-14
6385.0 3.6679034e-14
6390.0 3.757407e-14
6395.0 3.946685e-14
6400.0 3.6791564e-14
6405.0 3.6907357e-14
6410.0 3.7363352e-14
6415.0 3.798155e-14
6420.0 3.775263e-14
6425.0 3.6651336e-14
6430.0 3.6983617e-14
6435.0 3.6575435e-14
6440.0 3.8131472e-14
6445.0 3.767545e-14
6450.0 3.8692645e-14
6455.0 3.777817e-14
6460.0 3.629102e-14
6465.0 3.779162e-14
6470.0 3.7725286e-14
6475.0 3.783811e-14
6480.0 3.6795684e-14
6485.0 3.617875e-14
6490.0 3.5561228e-14
6495.0 3.5035244e-14
6500.0 3.561249e-14
6505.0 3.628106e-14
6510.0 3.6605166e-14
6515.0 3.7461286e-14
6520.0 3.7410725e-14
6525.0 3.7168267e-14
6530.0 3.7687528e-14
6535.0 4.0953894e-14
6540.0 4.9261512e-14
6545.0 6.504334e-14
6550.0 7.828743e-14
6555.0 9.085568e-14
6560.0 1.4693161e-13
6565.0 2.0214062e-13
6570.0 1.4132902e-13
6575.0 8.552717e-14
6580.0 1.08726166e-13
6585.0 1.3558352e-13
6590.0 1.0026694e-13
6595.0 5.1802157e-14
6600.0 3.9166573e-14
6605.0 3.7173572e-14
6610.0 3.64602e-14
6615.0 3.56157e-14
6620.0 3.6332885e-14
6625.0 3.6447316e-14
6630.0 3.594846e-14
6635.0 3.6024003e-14
6640.0 3.612929e-14
6645.0 3.580138e-14
6650.0 3.6034608e-14
6655.0 3.5828203e-14
6660.0 3.5297408e-14
6665.0 3.552634e-14
6670.0 3.616001e-14
6675.0 3.6401085e-14
6680.0 3.6419232e-14
6685.0 3.6395732e-14
6690.0 3.5821118e-14
6695.0 3.5975624e-14
6700.0 3.7091952e-14
6705.0 3.8255345e-14
6710.0 4.4076972e-14
6715.0 5.4978083e-14
6720.0 6.357168e-14
6725.0 5.965203e-14
6730.0 5.7861566e-14
6735.0 5.873385e-14
6740.0 4.8287e-14
6745.0 3.8624137e-14
6750.0 3.56157e-14
6755.0 3.4492557e-14
6760.0 3.3338522e-14
6765.0 3.32386e-14
6770.0 3.4940204e-14
6775.0 3.5568956e-14
6780.0 3.4636702e-14
6785.0 3.5254263e-14
6790.0 3.482928e-14
6795.0 3.555623e-14
6800.0 3.5923843e-14
6805.0 3.5610458e-14
6810.0 3.5734775e-14
6815.0 3.5550298e-14
6820.0 3.5365686e-14
6825.0 3.5236303e-14
6830.0 3.4970216e-14
6835.0 3.514929e-14
6840.0 3.516334e-14
6845.0 3.4407762e-14
6850.0 3.485782e-14
6855.0 3.4555258e-14
6860.0 3.503694e-14
6865.0 3.5419082e-14
6870.0 3.5705048e-14
6875.0 3.5854014e-14
6880.0 3.5580212e-14
6885.0 3.503978e-14
6890.0 3.5485168e-14
6895.0 3.5731556e-14
6900.0 3.578841e-14
6905.0 3.6306407e-14
6910.0 3.6511077e-14
6915.0 3.6017362e-14
6920.0 3.6119928e-14
6925.0 3.672118e-14
6930.0 3.551199e-14
6935.0 3.6410036e-14
6940.0 3.6361298e-14
6945.0 3.5973096e-14
6950.0 3.5532815e-14
6955.0 3.5853143e-14
6960.0 3.6110814e-14
6965.0 3.6860946e-14
6970.0 3.586488e-14
6975.0 3.6031284e-14
6980.0 3.6320363e-14
6985.0 3.631829e-14
6990.0 3.5947828e-14
6995.0 3.5848186e-14
7000.0 3.5788806e-14
7005.0 3.5987553e-14
7010.0 3.46909e-14
7015.0 3.403623e-14
7020.0 3.514759e-14
7025.0 3.590144e-14
7030.0 3.5923602e-14
7035.0 3.6465246e-14
7040.0 3.6030017e-14
7045.0 3.6280823e-14
7050.0 3.6449315e-14
7055.0 3.6136435e-14
7060.0 3.5748355e-14
7065.0 3.6248575e-14
7070.0 3.560561e-14
7075.0 3.546414e-14
7080.0 3.562407e-14
7085.0 3.569e-14
7090.0 3.403346e-14
7095.0 3.394055e-14
7100.0 3.3827e-14
7105.0 3.3632643e-14
7110.0 3.4102665e-14
7115.0 3.4196323e-14
7120.0 3.3459096e-14
7125.0 3.419955e-14
7130.0 3.477663e-14
7135.0 3.582395e-14
7140.0 3.66383e-14
7145.0 3.6386543e-14
7150.0 3.4617007e-14
7155.0 3.4090308e-14
7160.0 3.394517e-14
7165.0 3.3507702e-14
7170.0 3.3577748e-14
7175.0 3.4035102e-14
7180.0 3.429619e-14
7185.0 3.364513e-14
7190.0 3.2748977e-14
7195.0 3.3841863e-14
7200.0 3.305017e-14
7205.0 3.2961813e-14
7210.0 3.271886e-14
7215.0 3.3871004e-14
7220.0 3.3222177e-14
7225.0 3.2909957e-14
7230.0 3.3787433e-14
7235.0 3.4438828e-14
7240.0 3.4070176e-14
7245.0 3.4519005e-14
7250.0 3.434216e-14
7255.0 3.4629397e-14
7260.0 3.460864e-14
7265.0 3.4500363e-14
7270.0 3.435491e-14
7275.0 3.4861342e-14
7280.0 3.448673e-14
7285.0 3.460963e-14
7290.0 3.461358e-14
7295.0 3.4676424e-14
7300.0 3.425841e-14
7305.0 3.4657546e-14
7310.0 3.5438608e-14
7315.0 3.5272847e-14
7320.0 3.6154687e-14
7325.0 3.6644248e-14
7330.0 3.6991738e-14
7335.0 3.6852933e-14
7340.0 3.61162e-14
7345.0 3.5946327e-14
7350.0 3.5547486e-14
7355.0 3.4644305e-14
7360.0 3.516265e-14
7365.0 3.5337117e-14
7370.0 3.5849443e-14
7375.0 3.627708e-14
7380.0 3.6720698e-14
7385.0 3.6398127e-14
7390.0 3.57303e-14
7395.0 3.5427167e-14
7400.0 3.5342473e-14
7405.0 3.532238e-14
7410.0 3.4841907e-14
7415.0 3.4939824e-14
7420.0 3.5215036e-14
7425.0 3.492609e-14
7430.0 3.4868003e-14
7435.0 3.50782e-14
7440.0 3.5564586e-14
7445.0 3.5426235e-14
7450.0 3.5574974e-14
7455.0 3.5498263e-14
7460.0 3.5902708e-14
7465.0 3.537959e-14
7470.0 3.5069336e-14
7475.0 3.5786837e-14
7480.0 3.5213955e-14
7485.0 3.5285865e-14
7490.0 3.6223743e-14
7495.0 3.7106128e-14
7500.0 3.6545494e-14
7505.0 3.473053e-14
7510.0 3.521805e-14
7515.0 3.5792343e-14
7520.0 3.64022e-14
7525.0 3.731612e-14
7530.0 3.7777016e-14
7535.0 3.5885916e-14
7540.0 3.577584e-14
7545.0 3.8501774e-14
7550.0 3.8247956e-14
7555.0 3.681742e-14
7560.0 3.6268718e-14
7565.0 3.6550224e-14
7570.0 3.6287034e-14
7575.0 3.548143e-14
7580.0 3.4280907e-14
7585.0 3.404243e-14
7590.0 3.5088367e-14
7595.0 3.5329592e-14
7600.0 3.4728242e-14
7605.0 3.3956274e-14
7610.0 3.3956795e-14
7615.0 3.458502e-14
7620.0 3.417643e-14
7625.0 3.435129e-14
7630.0 3.504471e-14
7635.0 3.4487943e-14
7640.0 3.4497633e-14
7645.0 3.5321372e-14
7650.0 3.4640883e-14
7655.0 3.44507e-14
7660.0 3.425487e-14
7665.0 3.3905387e-14
7670.0 3.3648455e-14
7675.0 3.3347897e-14
7680.0 3.309352e-14
7685.0 3.368431e-14
7690.0 3.4210668e-14
7695.0 3.414185e-14
7700.0 3.311271e-14
7705.0 3.37993e-14
7710.0 3.3691264e-14
7715.0 3.4462887e-14
7720.0 3.426247e-14
7725.0 3.3315107e-14
7730.0 3.4198054e-14
7735.0 3.3988278e-14
7740.0 3.4302595e-14
7745.0 3.4425367e-14
7750.0 3.5033862e-14
7755.0 3.4855216e-14
7760.0 3.502801e-14
7765.0 3.5674094e-14
7770.0 3.47451e-14
7775.0 3.4442833e-14
7780.0 3.4309002e-14
7785.0 3.4367284e-14
7790.0 3.5144197e-14
7795.0 3.4641716e-14
7800.0 3.402696e-14
7805.0 3.4092778e-14
7810.0 3.4705295e-14
7815.0 3.521813e-14
7820.0 3.5475122e-14
7825.0 3.5710696e-14
7830.0 3.5362734e-14
7835.0 3.5219518e-14
7840.0 3.4233965e-14
7845.0 3.4853383e-14
7850.0 3.4965608e-14
7855.0 3.502555e-14
7860.0 3.4780294e-14
7865.0 3.455131e-14
7870.0 3.4025544e-14
7875.0 3.4627954e-14
7880.0 3.4939204e-14
7885.0 3.4144698e-14
7890.0 3.3820318e-14
7895.0 3.340815e-14
7900.0 3.3832796e-14
7905.0 3.4408366e-14
7910.0 3.3752806e-14
7915.0 3.3842158e-14
7920.0 3.361242e-14
7925.0 3.278618e-14
7930.0 3.3528088e-14
7935.0 3.3586005e-14
7940.0 3.2398417e-14
7945.0 3.2692504e-14
7950.0 3.2850245e-14
7955.0 3.2127926e-14
7960.0 3.3083277e-14
7965.0 3.3647056e-14
7970.0 3.4173432e-14
7975.0 3.3939804e-14
7980.0 3.4470375e-14
7985.0 3.466523e-14
7990.0 3.4511883e-14
7995.0 3.443497e-14
8000.0 3.4195723e-14
8005.0 3.3991486e-14
8010.0 3.4252166e-14
8015.0 3.5728893e-14
8020.0 3.5524857e-14
8025.0 3.521318e-14
8030.0 3.50601e-14
8035.0 3.4798705e-14
8040.0 3.4969908e-14
8045.0 3.4408664e-14
8050.0 3.4500062e-14
8055.0 3.515647e-14
8060.0 3.5287105e-14
8065.0 3.5400417e-14
8070.0 3.4866776e-14
8075.0 3.439598e-14
8080.0 3.507635e-14
8085.0 3.470095e-14
8090.0 3.4597776e-14
8095.0 3.4262022e-14
8100.0 3.380487e-14
8105.0 3.3841934e-14
8110.0 3.4570742e-14
8115.0 3.5390934e-14
8120.0 3.441811e-14
8125.0 3.4246823e-14
8130.0 3.4774487e-14
8135.0 3.4618755e-14
8140.0 3.5034858e-14
8145.0 3.44984e-14
8150.0 3.4651074e-14
8155.0 3.4714368e-14
8160.0 3.488983e-14
8165.0 3.5009864e-14
8170.0 3.464902e-14
8175.0 3.4633812e-14
8180.0 3.50782e-14
8185.0 3.4790144e-14
8190.0 3.373583e-14
8195.0 3.4241937e-14
8200.0 3.409053e-14
8205.0 3.3737607e-14
8210.0 3.3568017e-14
8215.0 3.4249608e-14
8220.0 3.3848253e-14
8225.0 3.4297025e-14
8230.0 3.474632e-14
8235.0 3.5028624e-14
8240.0 3.4312688e-14
8245.0 3.4583725e-14
8250.0 3.517114e-14
8255.0 3.5226172e-14
8260.0 3.4364113e-14
8265.0 3.3943155e-14
8270.0 3.383079e-14
8275.0 3.3426566e-14
8280.0 3.3586076e-14
8285.0 3.413368e-14
8290.0 3.4092178e-14
8295.0 3.358748e-14
8300.0 3.406315e-14
8305.0 3.4354833e-14
8310.0 3.5245366e-14
8315.0 3.458737e-14
8320.0 3.2909527e-14
8325.0 3.1571778e-14
8330.0 3.2324658e-14
8335.0 3.3040295e-14
8340.0 3.324115e-14
8345.0 3.3488278e-14
8350.0 3.3826257e-14
8355.0 3.4114947e-14
8360.0 3.3905756e-14
8365.0 3.4806268e-14
8370.0 3.380643e-14
8375.0 3.3807995e-14
8380.0 3.3370828e-14
8385.0 3.3358516e-14
8390.0 3.340462e-14
8395.0 3.4253443e-14
8400.0 3.4329575e-14
8405.0 3.2764014e-14
8410.0 3.2731938e-14
8415.0 3.404191e-14
8420.0 3.434435e-14
8425.0 3.4340583e-14
8430.0 3.409667e-14
8435.0 3.3731905e-14
8440.0 3.2799863e-14
8445.0 3.189882e-14
8450.0 3.3490263e-14
8455.0 3.401321e-14
8460.0 3.4157674e-14
8465.0 3.361559e-14
8470.0 3.3837774e-14
8475.0 3.362645e-14
8480.0 3.291263e-14
8485.0 3.2532306e-14
8490.0 3.3619656e-14
8495.0 3.3132422e-14
8500.0 3.2438994e-14
8505.0 3.171715e-14
8510.0 3.1758687e-14
8515.0 3.2294785e-14
8520.0 3.1985587e-14
8525.0 3.2825007e-14
8530.0 3.2634116e-14
8535.0 3.2284644e-14
8540.0 3.1085408e-14
8545.0 2.98793e-14
8550.0 2.9046752e-14
8555.0 2.9959125e-14
8560.0 3.1707682e-14
8565.0 3.2923547e-14
8570.0 3.3810587e-14
8575.0 3.3996267e-14
8580.0 3.4171477e-14
8585.0 3.484152e-14
8590.0 3.4089183e-14
8595.0 3.4217133e-14
8600.0 3.423682e-14
8605.0 3.4010223e-14
8610.0 3.4626128e-14
8615.0 3.460302e-14
8620.0 3.51236e-14
8625.0 3.5833705e-14
8630.0 3.558396e-14
8635.0 3.4889677e-14
8640.0 3.527672e-14
8645.0 3.5225322e-14
8650.0 3.45322e-14
8655.0 3.3384533e-14
8660.0 3.264258e-14
8665.0 3.1743766e-14
8670.0 3.1138835e-14
8675.0 3.172349e-14
8680.0 3.2159547e-14
8685.0 3.294524e-14
8690.0 3.3706287e-14
8695.0 3.3981488e-14
8700.0 3.443255e-14
8705.0 3.4808714e-14
8710.0 3.5221378e-14
8715.0 3.4984656e-14
8720.0 3.5091908e-14
8725.0 3.616017e-14
8730.0 3.6925104e-14
8735.0 3.6600504e-14
8740.0 3.4533567e-14
8745.0 3.4617762e-14
8750.0 3.4347366e-14
8755.0 3.3984246e-14
8760.0 3.4352648e-14
8765.0 3.5080584e-14
8770.0 3.463974e-14
8775.0 3.5054943e-14
8780.0 3.573642e-14
8785.0 3.5939933e-14
8790.0 3.7696632e-14
8795.0 3.7955285e-14
8800.0 3.621253e-14
8805.0 3.3604003e-14
8810.0 3.31234e-14
8815.0 3.4015606e-14
8820.0 3.4889216e-14
8825.0 3.5751963e-14
8830.0 3.600827e-14
8835.0 3.6340864e-14
8840.0 3.6333607e-14
8845.0 3.6022424e-14
8850.0 3.758818e-14
8855.0 3.8231496e-14
8860.0 3.5927624e-14
8865.0 3.4566107e-14
8870.0 3.5346587e-14
8875.0 3.48703e-14
8880.0 3.5167354e-14
8885.0 3.5884256e-14
8890.0 3.5183733e-14
8895.0 3.4162702e-14
8900.0 3.4326705e-14
8905.0 3.6127778e-14
8910.0 3.6625833e-14
8915.0 3.533153e-14
8920.0 3.5290743e-14
8925.0 3.5981312e-14
8930.0 3.4431415e-14
8935.0 3.3912682e-14
8940.0 3.4621872e-14
8945.0 3.551846e-14
8950.0 3.5386194e-14
8955.0 3.5555296e-14
8960.0 3.5897344e-14
8965.0 3.628194e-14
8970.0 3.5473567e-14
8975.0 3.552962e-14
8980.0 3.5357767e-14
8985.0 3.5236618e-14
8990.0 3.5112108e-14
8995.0 3.58611e-14
9000.0 3.5359394e-14
9005.0 3.500125e-14
9010.0 3.5323e-14
9015.0 3.4955552e-14
9020.0 3.4969677e-14
9025.0 3.4793583e-14
9030.0 3.468267e-14
9035.0 3.4928694e-14
9040.0 3.5781497e-14
9045.0 3.6861027e-14
9050.0 3.6688294e-14
9055.0 3.664256e-14
9060.0 3.8296867e-14
9065.0 4.2362425e-14
9070.0 4.635216e-14
9075.0 4.959996e-14
9080.0 5.2517442e-14
9085.0 5.1017685e-14
9090.0 4.1493403e-14
9095.0 3.6035397e-14
9100.0 3.527842e-14
9105.0 3.5621334e-14
9110.0 3.6053998e-14
9115.0 3.5240023e-14
9120.0 3.561374e-14
9125.0 3.564504e-14
9130.0 3.584126e-14
9135.0 3.6033103e-14
9140.0 3.5640033e-14
9145.0 3.5373763e-14
9150.0 3.5274247e-14
9155.0 3.5200114e-14
9160.0 3.5575838e-14
9165.0 3.544086e-14
9170.0 3.4934295e-14
9175.0 3.3750506e-14
9180.0 3.3522196e-14
9185.0 3.4324147e-14
9190.0 3.4304255e-14
9195.0 3.4130305e-14
9200.0 3.4469467e-14
9205.0 3.5268822e-14
9210.0 3.514582e-14
9215.0 3.4290543e-14
9220.0 3.42715e-14
9225.0 3.4519005e-14
9230.0 3.612207e-14
9235.0 3.559381e-14
9240.0 3.5095228e-14
9245.0 3.4637078e-14
9250.0 3.573101e-14
9255.0 3.4150027e-14
9260.0 3.4063372e-14
9265.0 3.407399e-14
9270.0 3.6575276e-14
9275.0 3.919006e-14
9280.0 3.4975745e-14
9285.0 3.0911014e-14
9290.0 3.2200957e-14
9295.0 3.3183976e-14
9300.0 3.13152e-14
9305.0 3.2539523e-14
9310.0 3.433176e-14
9315.0 3.417133e-14
9320.0 3.467155e-14
9325.0 3.4268717e-14
9330.0 3.533526e-14
9335.0 3.713441e-14
9340.0 3.996877e-14
9345.0 3.590365e-14
9350.0 3.0032437e-14
9355.0 2.8557485e-14
9360.0 3.368498e-14
9365.0 3.3884316e-14
9370.0 3.233871e-14
9375.0 3.2471923e-14
9380.0 3.3991486e-14
9385.0 3.3965825e-14
9390.0 3.384491e-14
9395.0 3.087621e-14
9400.0 3.4245545e-14
9405.0 3.6450118e-14
9410.0 3.3527644e-14
9415.0 3.093906e-14
9420.0 3.0404027e-14
9425.0 3.3233927e-14
9430.0 3.17778e-14
9435.0 2.996794e-14
9440.0 3.2879115e-14
9445.0 3.2951323e-14
9450.0 3.241023e-14
9455.0 2.965249e-14
9460.0 3.1147312e-14
9465.0 3.3924076e-14
9470.0 3.5977203e-14
9475.0 3.3734127e-14
9480.0 3.190968e-14
9485.0 3.3059164e-14
9490.0 3.19291e-14
9495.0 3.222451e-14
9500.0 3.3444774e-14
9505.0 3.37531e-14
9510.0 3.332491e-14
9515.0 3.5889145e-14
9520.0 3.768571e-14
9525.0 4.2925868e-14
9530.0 5.0755092e-14
9535.0 6.2536836e-14
9540.0 7.018648e-14
9545.0 6.878095e-14
9550.0 5.9036557e-14
9555.0 4.2640262e-14
9560.0 3.664441e-14
9565.0 3.6358503e-14
9570.0 3.4449494e-14
9575.0 3.3612863e-14
9580.0 3.2472136e-14
9585.0 3.286908e-14
9590.0 3.3692084e-14
9595.0 3.4437995e-14
9600.0 3.4096373e-14
9605.0 3.4342243e-14
9610.0 3.390144e-14
9615.0 3.44507e-14
9620.0 3.425043e-14
9625.0 3.492057e-14
9630.0 3.4794575e-14
9635.0 3.579501e-14
9640.0 3.4217285e-14
9645.0 3.3711322e-14
9650.0 3.3862897e-14
9655.0 3.2848734e-14
9660.0 3.298868e-14
9665.0 3.5220992e-14
9670.0 3.425322e-14
9675.0 3.2832942e-14
9680.0 3.4950257e-14
9685.0 3.4407834e-14
9690.0 3.2404895e-14
9695.0 3.022297e-14
9700.0 3.2396923e-14
9705.0 3.2894714e-14
9710.0 3.2899265e-14
9715.0 3.267198e-14
9720.0 3.4267284e-14
9725.0 3.4683356e-14
9730.0 3.3471445e-14
9735.0 3.347791e-14
9740.0 3.2503673e-14
9745.0 3.3892658e-14
9750.0 3.2726907e-14
9755.0 3.425886e-14
9760.0 3.3321615e-14
9765.0 3.1751223e-14
9770.0 3.2048935e-14
9775.0 3.2783302e-14
9780.0 3.22665e-14
9785.0 3.3530883e-14
9790.0 3.2099997e-14
9795.0 3.4026733e-14
9800.0 3.3457696e-14
9805.0 3.423231e-14
9810.0 3.502155e-14
9815.0 3.4583952e-14
9820.0 3.4130905e-14
9825.0 3.339509e-14
9830.0 3.4947956e-14
9835.0 3.6772336e-14
